1.0
0.916904887585814
0.7214096706706125
0.4852871926019482
0.27279270757561935
0.1219625003165632
0.03962390972068584
0.008179395966063353
0.0009560311015280492
6.77086859678504e-5
5.1375373713739994e-6
-4.4289203961295375e-6
-2.610446495646675e-7
-1.854766293868767e-8
-1.5718477568239326e-11
0.916904887585814
0.843668499764619
0.6644164962516313
0.44650371109524967
0.2503645571974829
0.11163212301589578
0.0362437308809274
0.007529383472924299
0.0008994623872680434
6.140145134366092e-5
2.348769432061337e-6
-3.120326949562298e-6
-2.076057968661304e-7
3.366787082399968e-8
0.7214096706706125
0.6644164962516313
0.524372900056126
0.350622065178723
0.19442557823265963
0.08525885337760943
0.02715520831675203
0.0055662238704288795
0.0006646241767147113
4.15743224492298e-5
6.893505073890785e-7
-1.3753381023602445e-6
-6.575731619277217e-8
0.4852871926019482
0.44650371109524967
0.350622065178723
0.23225111973195267
0.12587118784719356
0.053129892026632694
0.01600518337498366
0.0030611467786425296
0.00034518441148377973
2.102594178147998e-5
1.406989843027098e-6
-1.5358191349661484e-7
0.27279270757561935
0.2503645571974829
0.19442557823265963
0.12587118784719356
0.0657212683833588
0.025919445642871495
0.006945585153245417
0.0011084437417352517
0.00010661731495917854
6.979335863192465e-6
6.712369650129244e-7
0.1219625003165632
0.11163212301589578
0.08525885337760943
0.053129892026632694
0.025919445642871495
0.009116714841265685
0.0019707711954689198
0.0002094954951242436
1.501640347467902e-5
1.401938731643721e-6
0.03962390972068584
0.0362437308809274
0.02715520831675203
0.01600518337498366
0.006945585153245417
0.0019707711954689198
0.00029604605219923225
1.880003160972958e-5
2.1636398082569994e-6
0.008179395966063353
0.007529383472924299
0.0055662238704288795
0.0030611467786425296
0.0011084437417352517
0.0002094954951242436
1.880003160972958e-5
3.705691098984249e-6
0.0009560311015280492
0.0008994623872680434
0.0006646241767147113
0.00034518441148377973
0.00010661731495917854
1.501640347467902e-5
2.1636398082569994e-6
6.77086859678504e-5
6.140145134366092e-5
4.15743224492298e-5
2.102594178147998e-5
6.979335863192465e-6
1.401938731643721e-6
5.1375373713739994e-6
2.348769432061337e-6
6.893505073890785e-7
1.406989843027098e-6
6.712369650129244e-7
-4.4289203961295375e-6
-3.120326949562298e-6
-1.3753381023602445e-6
-1.5358191349661484e-7
-2.610446495646675e-7
-2.076057968661304e-7
-6.575731619277217e-8
-1.854766293868767e-8
3.366787082399968e-8
-1.5718477568239326e-11
0.916904887585814
0.843668499764619
0.6644164962516313
0.44650371109524967
0.2503645571974829
0.11163212301589578
0.0362437308809274
0.007529383472924299
0.0008994623872680434
6.140145134366092e-5
2.348769432061337e-6
-3.120326949562298e-6
-2.076057968661304e-7
3.366787082399968e-8
0.843668499764619
0.7755990557914569
0.6116494360484906
0.4106728985805942
0.22970805610221806
0.10208023038888281
0.03308254266971307
0.006896907963415511
0.0008280997159123599
5.100792668496872e-5
-3.3201479455129695e-7
-2.4206059990558343e-6
-8.373351159722201e-8
0.6644164962516313
0.6116494360484906
0.48160737093492173
0.321946213084633
0.17807485236283643
0.07776631076631249
0.024641938079110647
0.005024779710615523
0.0005898583926108653
2.878374353312749e-5
-2.1488393658892533e-6
-9.091451571391933e-7
0.44650371109524967
0.4106728985805942
0.321946213084633
0.21237655675322378
0.11481910071402804
0.04820994398702831
0.014374080782172038
0.0026958328234981755
0.0002910732951985768
1.204127611830531e-5
-1.0581548020359226e-7
0.2503645571974829
0.22970805610221806
0.17807485236283643
0.11481910071402804
0.0594923389564842
0.023277198599244573
0.006137320971218335
0.0009338971476666423
7.963730738216337e-5
2.780081859435841e-6
0.11163212301589578
0.10208023038888281
0.07776631076631249
0.04820994398702831
0.023277198599244573
0.008038575402038589
0.0016807113718534002
0.0001580847317797995
6.9498940089158624e-6
0.0362437308809274
0.03308254266971307
0.024641938079110647
0.014374080782172038
0.006137320971218335
0.0016807113718534002
0.00022196884369676963
7.871711250987046e-6
0.007529383472924299
0.006896907963415511
0.005024779710615523
0.0026958328234981755
0.0009338971476666423
0.0001580847317797995
7.871711250987046e-6
0.0008994623872680434
0.0008280997159123599
0.0005898583926108653
0.0002910732951985768
7.963730738216337e-5
6.9498940089158624e-6
6.140145134366092e-5
5.100792668496872e-5
2.878374353312749e-5
1.204127611830531e-5
2.780081859435841e-6
2.348769432061337e-6
-3.3201479455129695e-7
-2.1488393658892533e-6
-1.0581548020359226e-7
-3.120326949562298e-6
-2.4206059990558343e-6
-9.091451571391933e-7
-2.076057968661304e-7
-8.373351159722201e-8
3.366787082399968e-8
0.7214096706706125
0.6644164962516313
0.524372900056126
0.350622065178723
0.19442557823265963
0.08525885337760943
0.02715520831675203
0.0055662238704288795
0.0006646241767147113
4.15743224492298e-5
6.893505073890785e-7
-1.3753381023602445e-6
-6.575731619277217e-8
0.6644164962516313
0.6116494360484906
0.48160737093492173
0.321946213084633
0.17807485236283643
0.07776631076631249
0.024641938079110647
0.005024779710615523
0.0005898583926108653
2.878374353312749e-5
-2.1488393658892533e-6
-9.091451571391933e-7
0.524372900056126
0.48160737093492173
0.37765502482331637
0.2505932703157019
0.13708195383091654
0.0586978455496561
0.018047959495912435
0.0035259047116182633
0.00038985440218229
1.1392663815038743e-5
-2.4272096146461715e-6
0.350622065178723
0.321946213084633
0.2505932703157019
0.16352706890707955
0.08697107115002944
0.03565573234011173
0.010183287413797842
0.0017661668479721055
0.00016676549057580462
3.1566008173969136e-6
0.19442557823265963
0.17807485236283643
0.13708195383091654
0.08697107115002944
0.043957023329981706
0.01656027283116956
0.0040881889212768105
0.0005328524977948677
3.0106826429946117e-5
0.08525885337760943
0.07776631076631249
0.0586978455496561
0.03565573234011173
0.01656027283116956
0.005363846687149805
0.0009895188483253024
6.019585814641288e-5
0.02715520831675203
0.024641938079110647
0.018047959495912435
0.010183287413797842
0.0040881889212768105
0.0009895188483253024
8.723415130427666e-5
0.0055662238704288795
0.005024779710615523
0.0035259047116182633
0.0017661668479721055
0.0005328524977948677
6.019585814641288e-5
0.0006646241767147113
0.0005898583926108653
0.00038985440218229
0.00016676549057580462
3.0106826429946117e-5
4.15743224492298e-5
2.878374353312749e-5
1.1392663815038743e-5
3.1566008173969136e-6
6.893505073890785e-7
-2.1488393658892533e-6
-2.4272096146461715e-6
-1.3753381023602445e-6
-9.091451571391933e-7
-6.575731619277217e-8
0.4852871926019482
0.44650371109524967
0.350622065178723
0.23225111973195267
0.12587118784719356
0.053129892026632694
0.01600518337498366
0.0030611467786425296
0.00034518441148377973
2.102594178147998e-5
1.406989843027098e-6
-1.5358191349661484e-7
0.44650371109524967
0.4106728985805942
0.321946213084633
0.21237655675322378
0.11481910071402804
0.04820994398702831
0.014374080782172038
0.0026958328234981755
0.0002910732951985768
1.204127611830531e-5
-1.0581548020359226e-7
0.350622065178723
0.321946213084633
0.2505932703157019
0.16352706890707955
0.08697107115002944
0.03565573234011173
0.010183287413797842
0.0017661668479721055
0.00016676549057580462
3.1566008173969136e-6
0.23225111973195267
0.21237655675322378
0.16352706890707955
0.10442398220666503
0.05350369002992972
0.020663639727440872
0.00534516520802102
0.000759902689095454
4.911951207226193e-5
0.12587118784719356
0.11481910071402804
0.08697107115002944
0.05350369002992972
0.0256110159916255
0.00881030587405643
0.0018290323018435844
0.00015658055459049104
0.053129892026632694
0.04820994398702831
0.03565573234011173
0.020663639727440872
0.00881030587405643
0.00242530155602473
0.0003048477191268291
0.01600518337498366
0.014374080782172038
0.010183287413797842
0.00534516520802102
0.0018290323018435844
0.0003048477191268291
0.0030611467786425296
0.0026958328234981755
0.0017661668479721055
0.000759902689095454
0.00015658055459049104
0.00034518441148377973
0.0002910732951985768
0.00016676549057580462
4.911951207226193e-5
2.102594178147998e-5
1.204127611830531e-5
3.1566008173969136e-6
1.406989843027098e-6
-1.0581548020359226e-7
-1.5358191349661484e-7
0.27279270757561935
0.2503645571974829
0.19442557823265963
0.12587118784719356
0.0657212683833588
0.025919445642871495
0.006945585153245417
0.0011084437417352517
0.00010661731495917854
6.979335863192465e-6
6.712369650129244e-7
0.2503645571974829
0.22970805610221806
0.17807485236283643
0.11481910071402804
0.0594923389564842
0.023277198599244573
0.006137320971218335
0.0009338971476666423
7.963730738216337e-5
2.780081859435841e-6
0.19442557823265963
0.17807485236283643
0.13708195383091654
0.08697107115002944
0.043957023329981706
0.01656027283116956
0.0040881889212768105
0.0005328524977948677
3.0106826429946117e-5
0.12587118784719356
0.11481910071402804
0.08697107115002944
0.05350369002992972
0.0256110159916255
0.00881030587405643
0.0018290323018435844
0.00015658055459049104
0.0657212683833588
0.0594923389564842
0.043957023329981706
0.0256110159916255
0.011058049242317928
0.0031183229381857923
0.00041656416438942646
0.025919445642871495
0.023277198599244573
0.01656027283116956
0.00881030587405643
0.0031183229381857923
0.0005649713414579196
0.006945585153245417
0.006137320971218335
0.0040881889212768105
0.0018290323018435844
0.00041656416438942646
0.0011084437417352517
0.0009338971476666423
0.0005328524977948677
0.00015658055459049104
0.00010661731495917854
7.963730738216337e-5
3.0106826429946117e-5
6.979335863192465e-6
2.780081859435841e-6
6.712369650129244e-7
0.1219625003165632
0.11163212301589578
0.08525885337760943
0.053129892026632694
0.025919445642871495
0.009116714841265685
0.0019707711954689198
0.0002094954951242436
1.501640347467902e-5
1.401938731643721e-6
0.11163212301589578
0.10208023038888281
0.07776631076631249
0.04820994398702831
0.023277198599244573
0.008038575402038589
0.0016807113718534002
0.0001580847317797995
6.9498940089158624e-6
0.08525885337760943
0.07776631076631249
0.0586978455496561
0.03565573234011173
0.01656027283116956
0.005363846687149805
0.0009895188483253024
6.019585814641288e-5
0.053129892026632694
0.04820994398702831
0.03565573234011173
0.020663639727440872
0.00881030587405643
0.00242530155602473
0.0003048477191268291
0.025919445642871495
0.023277198599244573
0.01656027283116956
0.00881030587405643
0.0031183229381857923
0.0005649713414579196
0.009116714841265685
0.008038575402038589
0.005363846687149805
0.00242530155602473
0.0005649713414579196
0.0019707711954689198
0.0016807113718534002
0.0009895188483253024
0.0003048477191268291
0.0002094954951242436
0.0001580847317797995
6.019585814641288e-5
1.501640347467902e-5
6.9498940089158624e-6
1.401938731643721e-6
0.03962390972068584
0.0362437308809274
0.02715520831675203
0.01600518337498366
0.006945585153245417
0.0019707711954689198
0.00029604605219923225
1.880003160972958e-5
2.1636398082569994e-6
0.0362437308809274
0.03308254266971307
0.024641938079110647
0.014374080782172038
0.006137320971218335
0.0016807113718534002
0.00022196884369676963
7.871711250987046e-6
0.02715520831675203
0.024641938079110647
0.018047959495912435
0.010183287413797842
0.0040881889212768105
0.0009895188483253024
8.723415130427666e-5
0.01600518337498366
0.014374080782172038
0.010183287413797842
0.00534516520802102
0.0018290323018435844
0.0003048477191268291
0.006945585153245417
0.006137320971218335
0.0040881889212768105
0.0018290323018435844
0.00041656416438942646
0.0019707711954689198
0.0016807113718534002
0.0009895188483253024
0.0003048477191268291
0.00029604605219923225
0.00022196884369676963
8.723415130427666e-5
1.880003160972958e-5
7.871711250987046e-6
2.1636398082569994e-6
0.008179395966063353
0.007529383472924299
0.0055662238704288795
0.0030611467786425296
0.0011084437417352517
0.0002094954951242436
1.880003160972958e-5
3.705691098984249e-6
0.007529383472924299
0.006896907963415511
0.005024779710615523
0.0026958328234981755
0.0009338971476666423
0.0001580847317797995
7.871711250987046e-6
0.0055662238704288795
0.005024779710615523
0.0035259047116182633
0.0017661668479721055
0.0005328524977948677
6.019585814641288e-5
0.0030611467786425296
0.0026958328234981755
0.0017661668479721055
0.000759902689095454
0.00015658055459049104
0.0011084437417352517
0.0009338971476666423
0.0005328524977948677
0.00015658055459049104
0.0002094954951242436
0.0001580847317797995
6.019585814641288e-5
1.880003160972958e-5
7.871711250987046e-6
3.705691098984249e-6
0.0009560311015280492
0.0008994623872680434
0.0006646241767147113
0.00034518441148377973
0.00010661731495917854
1.501640347467902e-5
2.1636398082569994e-6
0.0008994623872680434
0.0008280997159123599
0.0005898583926108653
0.0002910732951985768
7.963730738216337e-5
6.9498940089158624e-6
0.0006646241767147113
0.0005898583926108653
0.00038985440218229
0.00016676549057580462
3.0106826429946117e-5
0.00034518441148377973
0.0002910732951985768
0.00016676549057580462
4.911951207226193e-5
0.00010661731495917854
7.963730738216337e-5
3.0106826429946117e-5
1.501640347467902e-5
6.9498940089158624e-6
2.1636398082569994e-6
6.77086859678504e-5
6.140145134366092e-5
4.15743224492298e-5
2.102594178147998e-5
6.979335863192465e-6
1.401938731643721e-6
6.140145134366092e-5
5.100792668496872e-5
2.878374353312749e-5
1.204127611830531e-5
2.780081859435841e-6
4.15743224492298e-5
2.878374353312749e-5
1.1392663815038743e-5
3.1566008173969136e-6
2.102594178147998e-5
1.204127611830531e-5
3.1566008173969136e-6
6.979335863192465e-6
2.780081859435841e-6
1.401938731643721e-6
5.1375373713739994e-6
2.348769432061337e-6
6.893505073890785e-7
1.406989843027098e-6
6.712369650129244e-7
2.348769432061337e-6
-3.3201479455129695e-7
-2.1488393658892533e-6
-1.0581548020359226e-7
6.893505073890785e-7
-2.1488393658892533e-6
-2.4272096146461715e-6
1.406989843027098e-6
-1.0581548020359226e-7
6.712369650129244e-7
-4.4289203961295375e-6
-3.120326949562298e-6
-1.3753381023602445e-6
-1.5358191349661484e-7
-3.120326949562298e-6
-2.4206059990558343e-6
-9.091451571391933e-7
-1.3753381023602445e-6
-9.091451571391933e-7
-1.5358191349661484e-7
-2.610446495646675e-7
-2.076057968661304e-7
-6.575731619277217e-8
-2.076057968661304e-7
-8.373351159722201e-8
-6.575731619277217e-8
-1.854766293868767e-8
3.366787082399968e-8
3.366787082399968e-8
-1.5718477568239326e-11
