1.0
0.8814703728329107
0.622263488431633
0.3452819836922011
0.14070280137643493
0.035967523809972986
0.004409767134482697
0.00020154731533270477
2.7346221425203272e-5
-6.774616737178961e-6
3.7897922259459617e-7
-3.076601169011347e-11
0.8814703728329107
0.7814806326183138
0.5518757185997271
0.30518949365067927
0.12363533819934297
0.031536308479590644
0.003924552929537216
0.0001944046656677461
1.933500051447754e-5
-2.936378389263163e-6
-2.5913794946250698e-8
0.622263488431633
0.5518757185997271
0.3893718470864846
0.21178059000673366
0.08311631252030383
0.02025929588737283
0.0024354443038583262
0.00010848982469463117
8.985075777003214e-6
-4.7414923090542513e-7
0.3452819836922011
0.30518949365067927
0.21178059000673366
0.1114494925836532
0.04070380398688744
0.008668499150645022
0.0008533064183312517
2.5553514028942072e-5
3.534714899549413e-6
0.14070280137643493
0.12363533819934297
0.08311631252030383
0.04070380398688744
0.012959505506758019
0.0020194155868276417
9.352179315902869e-5
4.510962921890321e-6
0.035967523809972986
0.031536308479590644
0.02025929588737283
0.008668499150645022
0.0020194155868276417
0.00014416731445842838
7.801725287084445e-6
0.004409767134482697
0.003924552929537216
0.0024354443038583262
0.0008533064183312517
9.352179315902869e-5
7.801725287084445e-6
0.00020154731533270477
0.0001944046656677461
0.00010848982469463117
2.5553514028942072e-5
4.510962921890321e-6
2.7346221425203272e-5
1.933500051447754e-5
8.985075777003214e-6
3.534714899549413e-6
-6.774616737178961e-6
-2.936378389263163e-6
-4.7414923090542513e-7
3.7897922259459617e-7
-2.5913794946250698e-8
-3.076601169011347e-11
0.8814703728329107
0.7814806326183138
0.5518757185997271
0.30518949365067927
0.12363533819934297
0.031536308479590644
0.003924552929537216
0.0001944046656677461
1.933500051447754e-5
-2.936378389263163e-6
-2.5913794946250698e-8
0.7814806326183138
0.6916533968202562
0.4890576290137705
0.26950802748591185
0.10848877986549485
0.027506935033215017
0.0034410153567881827
0.00016679134744270596
1.2313479871443e-5
-1.6224487190759707e-6
0.5518757185997271
0.4890576290137705
0.3433953003094491
0.1862680795608023
0.07252916883690672
0.017419734849952448
0.0020382831438207063
8.239539609608852e-5
2.4050560111077365e-6
0.30518949365067927
0.26950802748591185
0.1862680795608023
0.09702313153803058
0.03501433485198438
0.007241491441568643
0.0006447248495674236
1.3868844673431861e-5
0.12363533819934297
0.10848877986549485
0.07252916883690672
0.03501433485198438
0.010810994554799922
0.001568193652187374
4.766865771615675e-5
0.031536308479590644
0.027506935033215017
0.017419734849952448
0.007241491441568643
0.001568193652187374
7.149052100814436e-5
0.003924552929537216
0.0034410153567881827
0.0020382831438207063
0.0006447248495674236
4.766865771615675e-5
0.0001944046656677461
0.00016679134744270596
8.239539609608852e-5
1.3868844673431861e-5
1.933500051447754e-5
1.2313479871443e-5
2.4050560111077365e-6
-2.936378389263163e-6
-1.6224487190759707e-6
-2.5913794946250698e-8
0.622263488431633
0.5518757185997271
0.3893718470864846
0.21178059000673366
0.08311631252030383
0.02025929588737283
0.0024354443038583262
0.00010848982469463117
8.985075777003214e-6
-4.7414923090542513e-7
0.5518757185997271
0.4890576290137705
0.3433953003094491
0.1862680795608023
0.07252916883690672
0.017419734849952448
0.0020382831438207063
8.239539609608852e-5
2.4050560111077365e-6
0.3893718470864846
0.3433953003094491
0.23840101157939128
0.12642159685071613
0.04735244357385938
0.010544933058125693
0.0010587923862551533
3.065170304726368e-5
0.21178059000673366
0.1862680795608023
0.12642159685071613
0.06358509734305828
0.0215608467494235
0.0039043799104754493
0.00024092233929047969
0.08311631252030383
0.07252916883690672
0.04735244357385938
0.0215608467494235
0.005886775235189132
0.0006162660157713477
0.02025929588737283
0.017419734849952448
0.010544933058125693
0.0039043799104754493
0.0006162660157713477
0.0024354443038583262
0.0020382831438207063
0.0010587923862551533
0.00024092233929047969
0.00010848982469463117
8.239539609608852e-5
3.065170304726368e-5
8.985075777003214e-6
2.4050560111077365e-6
-4.7414923090542513e-7
0.3452819836922011
0.30518949365067927
0.21178059000673366
0.1114494925836532
0.04070380398688744
0.008668499150645022
0.0008533064183312517
2.5553514028942072e-5
3.534714899549413e-6
0.30518949365067927
0.26950802748591185
0.1862680795608023
0.09702313153803058
0.03501433485198438
0.007241491441568643
0.0006447248495674236
1.3868844673431861e-5
0.21178059000673366
0.1862680795608023
0.12642159685071613
0.06358509734305828
0.0215608467494235
0.0039043799104754493
0.00024092233929047969
0.1114494925836532
0.09702313153803058
0.06358509734305828
0.029566869671874864
0.00847502483321717
0.001026032443072481
0.04070380398688744
0.03501433485198438
0.0215608467494235
0.00847502483321717
0.001594297787830112
0.008668499150645022
0.007241491441568643
0.0039043799104754493
0.001026032443072481
0.0008533064183312517
0.0006447248495674236
0.00024092233929047969
2.5553514028942072e-5
1.3868844673431861e-5
3.534714899549413e-6
0.14070280137643493
0.12363533819934297
0.08311631252030383
0.04070380398688744
0.012959505506758019
0.0020194155868276417
9.352179315902869e-5
4.510962921890321e-6
0.12363533819934297
0.10848877986549485
0.07252916883690672
0.03501433485198438
0.010810994554799922
0.001568193652187374
4.766865771615675e-5
0.08311631252030383
0.07252916883690672
0.04735244357385938
0.0215608467494235
0.005886775235189132
0.0006162660157713477
0.04070380398688744
0.03501433485198438
0.0215608467494235
0.00847502483321717
0.001594297787830112
0.012959505506758019
0.010810994554799922
0.005886775235189132
0.001594297787830112
0.0020194155868276417
0.001568193652187374
0.0006162660157713477
9.352179315902869e-5
4.766865771615675e-5
4.510962921890321e-6
0.035967523809972986
0.031536308479590644
0.02025929588737283
0.008668499150645022
0.0020194155868276417
0.00014416731445842838
7.801725287084445e-6
0.031536308479590644
0.027506935033215017
0.017419734849952448
0.007241491441568643
0.001568193652187374
7.149052100814436e-5
0.02025929588737283
0.017419734849952448
0.010544933058125693
0.0039043799104754493
0.0006162660157713477
0.008668499150645022
0.007241491441568643
0.0039043799104754493
0.001026032443072481
0.0020194155868276417
0.001568193652187374
0.0006162660157713477
0.00014416731445842838
7.149052100814436e-5
7.801725287084445e-6
0.004409767134482697
0.003924552929537216
0.0024354443038583262
0.0008533064183312517
9.352179315902869e-5
7.801725287084445e-6
0.003924552929537216
0.0034410153567881827
0.0020382831438207063
0.0006447248495674236
4.766865771615675e-5
0.0024354443038583262
0.0020382831438207063
0.0010587923862551533
0.00024092233929047969
0.0008533064183312517
0.0006447248495674236
0.00024092233929047969
9.352179315902869e-5
4.766865771615675e-5
7.801725287084445e-6
0.00020154731533270477
0.0001944046656677461
0.00010848982469463117
2.5553514028942072e-5
4.510962921890321e-6
0.0001944046656677461
0.00016679134744270596
8.239539609608852e-5
1.3868844673431861e-5
0.00010848982469463117
8.239539609608852e-5
3.065170304726368e-5
2.5553514028942072e-5
1.3868844673431861e-5
4.510962921890321e-6
2.7346221425203272e-5
1.933500051447754e-5
8.985075777003214e-6
3.534714899549413e-6
1.933500051447754e-5
1.2313479871443e-5
2.4050560111077365e-6
8.985075777003214e-6
2.4050560111077365e-6
3.534714899549413e-6
-6.774616737178961e-6
-2.936378389263163e-6
-4.7414923090542513e-7
-2.936378389263163e-6
-1.6224487190759707e-6
-4.7414923090542513e-7
3.7897922259459617e-7
-2.5913794946250698e-8
-2.5913794946250698e-8
-3.076601169011347e-11
