1.0
0.9439482482260687
0.804085830730414
0.6188985684425252
0.42746397596290503
0.26084246230956876
0.1368759540997117
0.05917967476813568
0.019871173873252553
0.004877027665338077
0.0008346436269171123
9.389506118082417e-5
1.2167540626087182e-5
-1.0407921553198581e-6
-1.6777661628816983e-6
-2.5331971532144516e-7
9.09129342803708e-8
1.6762371579027975e-9
2.4021941588787494e-13
0.9439482482260687
0.8928373357754902
0.761205081696131
0.5858563309697249
0.40430646724084085
0.2463912415254332
0.12910057040134498
0.05577816540568251
0.018754188222195805
0.004625483664530399
0.0007985852024640482
8.74335135525223e-5
8.677353930747135e-6
-1.1873216614491868e-6
-1.427609083981234e-6
-8.443542427627756e-8
2.0158813251466505e-8
1.4610579455657647e-8
0.804085830730414
0.761205081696131
0.6505069734193947
0.5002329426555298
0.3440085765201514
0.2084169627819195
0.10836802503774728
0.046428804618681305
0.015506148850725309
0.0038195777294822123
0.0006604337442526389
6.764678072055759e-5
3.5950297283467636e-6
-1.4146266364337938e-6
-8.189732897346699e-7
-7.242615339857362e-8
4.566913964722454e-9
0.6188985684425252
0.5858563309697249
0.5002329426555298
0.38406497976105247
0.26230393416070824
0.15702798943521085
0.08025939942859761
0.03363835191199443
0.010960497197213473
0.0026424725653807274
0.00045026841412553853
4.374098533658054e-5
1.4063750724347172e-6
-7.190302144648603e-7
-3.097821342365157e-7
-1.4204756435733334e-8
0.42746397596290503
0.40430646724084085
0.3440085765201514
0.26230393416070824
0.17729765147335796
0.10411824620696414
0.05167160291621343
0.02077238194388512
0.006407179047455049
0.0014556528730248243
0.00023640227823188404
2.2446051718801335e-5
1.3551051514681184e-6
1.1530980783514466e-7
-2.030274445037932e-8
0.26084246230956876
0.2463912415254332
0.2084169627819195
0.15702798943521085
0.10411824620696414
0.059457805571516344
0.028200377204437018
0.010571581714426542
0.002941093487140711
0.0005873371927524758
8.590382496412626e-5
8.193344909135614e-6
9.647055465470696e-7
1.3164222578977924e-7
0.1368759540997117
0.12910057040134498
0.10836802503774728
0.08025939942859761
0.05167160291621343
0.028200377204437018
0.012499639834468567
0.004196893302101634
0.0009755291531712898
0.00015247885700802601
1.9101713329751664e-5
2.1373971127242845e-6
2.533839809117968e-7
0.05917967476813568
0.05577816540568251
0.046428804618681305
0.03363835191199443
0.02077238194388512
0.010571581714426542
0.004196893302101634
0.0011881782394894053
0.0002082831772556301
2.369818036194239e-5
3.338499048572343e-6
2.84231107116526e-7
0.019871173873252553
0.018754188222195805
0.015506148850725309
0.010960497197213473
0.006407179047455049
0.002941093487140711
0.0009755291531712898
0.0002082831772556301
2.8940948031128302e-5
4.687658176322425e-6
4.332922722925733e-7
0.004877027665338077
0.004625483664530399
0.0038195777294822123
0.0026424725653807274
0.0014556528730248243
0.0005873371927524758
0.00015247885700802601
2.369818036194239e-5
4.687658176322425e-6
8.174046150743671e-7
0.0008346436269171123
0.0007985852024640482
0.0006604337442526389
0.00045026841412553853
0.00023640227823188404
8.590382496412626e-5
1.9101713329751664e-5
3.338499048572343e-6
4.332922722925733e-7
9.389506118082417e-5
8.74335135525223e-5
6.764678072055759e-5
4.374098533658054e-5
2.2446051718801335e-5
8.193344909135614e-6
2.1373971127242845e-6
2.84231107116526e-7
1.2167540626087182e-5
8.677353930747135e-6
3.5950297283467636e-6
1.4063750724347172e-6
1.3551051514681184e-6
9.647055465470696e-7
2.533839809117968e-7
-1.0407921553198581e-6
-1.1873216614491868e-6
-1.4146266364337938e-6
-7.190302144648603e-7
1.1530980783514466e-7
1.3164222578977924e-7
-1.6777661628816983e-6
-1.427609083981234e-6
-8.189732897346699e-7
-3.097821342365157e-7
-2.030274445037932e-8
-2.5331971532144516e-7
-8.443542427627756e-8
-7.242615339857362e-8
-1.4204756435733334e-8
9.09129342803708e-8
2.0158813251466505e-8
4.566913964722454e-9
1.6762371579027975e-9
1.4610579455657647e-8
2.4021941588787494e-13
0.9439482482260687
0.8928373357754902
0.761205081696131
0.5858563309697249
0.40430646724084085
0.2463912415254332
0.12910057040134498
0.05577816540568251
0.018754188222195805
0.004625483664530399
0.0007985852024640482
8.74335135525223e-5
8.677353930747135e-6
-1.1873216614491868e-6
-1.427609083981234e-6
-8.443542427627756e-8
2.0158813251466505e-8
1.4610579455657647e-8
0.8928373357754902
0.8441321166158958
0.7204325953239172
0.5544835708544582
0.3823595369499294
0.23269043515447346
0.12173321434321552
0.052537791834261965
0.017676034791781734
0.0043757053339113965
0.0007576636163960062
7.89367960141711e-5
5.091636701119128e-6
-1.7701393068198039e-6
-1.1559536013973408e-6
-9.904615921752393e-8
3.0764433938734963e-8
0.761205081696131
0.7204325953239172
0.6149914810069238
0.4730838786325233
0.32512013491675973
0.19669785183433908
0.1020799248897032
0.043653728145502835
0.014564296905847278
0.0035873655441581455
0.000616414437486824
5.764093265676857e-5
-1.2195637299483068e-7
-1.9196565790890458e-6
-6.733434802782757e-7
-4.784582471377911e-8
0.5858563309697249
0.5544835708544582
0.4730838786325233
0.36257948854264926
0.24753356705588672
0.1479772813689639
0.07546362127889293
0.031532347020811466
0.010233115605194007
0.0024530589110893087
0.000410810608514085
3.510873130114778e-5
-1.1476032392788274e-6
-1.0285824213096141e-6
-2.1135094207793185e-7
0.40430646724084085
0.3823595369499294
0.32512013491675973
0.24753356705588672
0.16686381302108672
0.09784978664072036
0.04843117676503323
0.019379072099185803
0.005928154332634807
0.0013261713958248333
0.00020866547295638168
1.6711248063310175e-5
3.3413456892558026e-8
-1.0310647761662518e-7
0.2463912415254332
0.23269043515447346
0.19669785183433908
0.1479772813689639
0.09784978664072036
0.0556352074215213
0.026291022588144503
0.00979098817210624
0.0026842625285663792
0.0005190788179587851
7.083667014385248e-5
5.141392109068565e-6
1.604780640147708e-7
0.12910057040134498
0.12173321434321552
0.1020799248897032
0.07546362127889293
0.04843117676503323
0.026291022588144503
0.011553765366895282
0.0038379377243621562
0.0008702576337553824
0.00012656653632323842
1.3091129111582064e-5
8.000316978225772e-7
0.05577816540568251
0.052537791834261965
0.043653728145502835
0.031532347020811466
0.019379072099185803
0.00979098817210624
0.0038379377243621562
0.001057648845327387
0.0001751587272219003
1.593617932817077e-5
1.3917314650244569e-6
0.018754188222195805
0.017676034791781734
0.014564296905847278
0.010233115605194007
0.005928154332634807
0.0026842625285663792
0.0008702576337553824
0.0001751587272219003
1.8124237699826603e-5
2.0322458691934323e-6
0.004625483664530399
0.0043757053339113965
0.0035873655441581455
0.0024530589110893087
0.0013261713958248333
0.0005190788179587851
0.00012656653632323842
1.593617932817077e-5
2.0322458691934323e-6
0.0007985852024640482
0.0007576636163960062
0.000616414437486824
0.000410810608514085
0.00020866547295638168
7.083667014385248e-5
1.3091129111582064e-5
1.3917314650244569e-6
8.74335135525223e-5
7.89367960141711e-5
5.764093265676857e-5
3.510873130114778e-5
1.6711248063310175e-5
5.141392109068565e-6
8.000316978225772e-7
8.677353930747135e-6
5.091636701119128e-6
-1.2195637299483068e-7
-1.1476032392788274e-6
3.3413456892558026e-8
1.604780640147708e-7
-1.1873216614491868e-6
-1.7701393068198039e-6
-1.9196565790890458e-6
-1.0285824213096141e-6
-1.0310647761662518e-7
-1.427609083981234e-6
-1.1559536013973408e-6
-6.733434802782757e-7
-2.1135094207793185e-7
-8.443542427627756e-8
-9.904615921752393e-8
-4.784582471377911e-8
2.0158813251466505e-8
3.0764433938734963e-8
1.4610579455657647e-8
0.804085830730414
0.761205081696131
0.6505069734193947
0.5002329426555298
0.3440085765201514
0.2084169627819195
0.10836802503774728
0.046428804618681305
0.015506148850725309
0.0038195777294822123
0.0006604337442526389
6.764678072055759e-5
3.5950297283467636e-6
-1.4146266364337938e-6
-8.189732897346699e-7
-7.242615339857362e-8
4.566913964722454e-9
0.761205081696131
0.7204325953239172
0.6149914810069238
0.4730838786325233
0.32512013491675973
0.19669785183433908
0.1020799248897032
0.043653728145502835
0.014564296905847278
0.0035873655441581455
0.000616414437486824
5.764093265676857e-5
-1.2195637299483068e-7
-1.9196565790890458e-6
-6.733434802782757e-7
-4.784582471377911e-8
0.6505069734193947
0.6149914810069238
0.5242548007786251
0.40241145178255744
0.2757420790880383
0.16583652790847608
0.08532180535249526
0.03608240931900225
0.011886100670577118
0.0028898909454475675
0.0004850144108545767
3.8050828598154875e-5
-3.4483425355896623e-6
-1.719990999242476e-6
-2.8181583995815844e-7
0.5002329426555298
0.4730838786325233
0.40241145178255744
0.30728578868918216
0.20877446387326382
0.12406193428291529
0.0626585250104662
0.025815580760817497
0.008212815974883665
0.0019176365901514075
0.0003080421146352725
2.1392887653009365e-5
-2.3409596342243994e-6
-5.988153135834118e-7
0.3440085765201514
0.32512013491675973
0.2757420790880383
0.20877446387326382
0.13975194017733858
0.08121944433113334
0.03974304624567978
0.01561339817627832
0.004632063769537361
0.0009861589091264243
0.00014393754172641442
9.162704963761647e-6
-3.1114406076528466e-7
0.2084169627819195
0.19669785183433908
0.16583652790847608
0.12406193428291529
0.08121944433113334
0.045579304963578635
0.021169497226507936
0.007688562782691227
0.00201200562049476
0.0003546129323915476
4.086826406728092e-5
1.8300214720527594e-6
0.10836802503774728
0.1020799248897032
0.08532180535249526
0.0626585250104662
0.03974304624567978
0.021169497226507936
0.009061625412884732
0.002892676758178085
0.0006084153495739113
7.287153422794316e-5
4.429322194171737e-6
0.046428804618681305
0.043653728145502835
0.03608240931900225
0.025815580760817497
0.01561339817627832
0.007688562782691227
0.002892676758178085
0.0007434618337806156
0.00010386480457027407
5.106386017490096e-6
0.015506148850725309
0.014564296905847278
0.011886100670577118
0.008212815974883665
0.004632063769537361
0.00201200562049476
0.0006084153495739113
0.00010386480457027407
5.285039989241288e-6
0.0038195777294822123
0.0035873655441581455
0.0028898909454475675
0.0019176365901514075
0.0009861589091264243
0.0003546129323915476
7.287153422794316e-5
5.106386017490096e-6
0.0006604337442526389
0.000616414437486824
0.0004850144108545767
0.0003080421146352725
0.00014393754172641442
4.086826406728092e-5
4.429322194171737e-6
6.764678072055759e-5
5.764093265676857e-5
3.8050828598154875e-5
2.1392887653009365e-5
9.162704963761647e-6
1.8300214720527594e-6
3.5950297283467636e-6
-1.2195637299483068e-7
-3.4483425355896623e-6
-2.3409596342243994e-6
-3.1114406076528466e-7
-1.4146266364337938e-6
-1.9196565790890458e-6
-1.719990999242476e-6
-5.988153135834118e-7
-8.189732897346699e-7
-6.733434802782757e-7
-2.8181583995815844e-7
-7.242615339857362e-8
-4.784582471377911e-8
4.566913964722454e-9
0.6188985684425252
0.5858563309697249
0.5002329426555298
0.38406497976105247
0.26230393416070824
0.15702798943521085
0.08025939942859761
0.03363835191199443
0.010960497197213473
0.0026424725653807274
0.00045026841412553853
4.374098533658054e-5
1.4063750724347172e-6
-7.190302144648603e-7
-3.097821342365157e-7
-1.4204756435733334e-8
0.5858563309697249
0.5544835708544582
0.4730838786325233
0.36257948854264926
0.24753356705588672
0.1479772813689639
0.07546362127889293
0.031532347020811466
0.010233115605194007
0.0024530589110893087
0.000410810608514085
3.510873130114778e-5
-1.1476032392788274e-6
-1.0285824213096141e-6
-2.1135094207793185e-7
0.5002329426555298
0.4730838786325233
0.40241145178255744
0.30728578868918216
0.20877446387326382
0.12406193428291529
0.0626585250104662
0.025815580760817497
0.008212815974883665
0.0019176365901514075
0.0003080421146352725
2.1392887653009365e-5
-2.3409596342243994e-6
-5.988153135834118e-7
0.38406497976105247
0.36257948854264926
0.30728578868918216
0.2330897811205226
0.1566951896712386
0.09171371781136861
0.045374351096957505
0.018121553546530503
0.005505755346645007
0.0012059069116455746
0.00017958942383615648
1.0429123804663974e-5
-1.0648178688971978e-6
0.26230393416070824
0.24753356705588672
0.20877446387326382
0.1566951896712386
0.10348337860524268
0.05896630094584135
0.02806632785470658
0.010596002309734426
0.002945462004530372
0.0005647305341956329
6.968869414065883e-5
2.9784694931693237e-6
0.15702798943521085
0.1479772813689639
0.12406193428291529
0.09171371781136861
0.05896630094584135
0.03222176597648924
0.014399071483975357
0.0049319886748862675
0.0011690087048185352
0.000168823213943546
1.2502647480065824e-5
0.08025939942859761
0.07546362127889293
0.0626585250104662
0.045374351096957505
0.02806632785470658
0.014399071483975357
0.005826952300083992
0.001698841920144865
0.00029815822541558293
2.1740803765465733e-5
0.03363835191199443
0.031532347020811466
0.025815580760817497
0.018121553546530503
0.010596002309734426
0.0049319886748862675
0.001698841920144865
0.00037177828957220667
3.300079017107885e-5
0.010960497197213473
0.010233115605194007
0.008212815974883665
0.005505755346645007
0.002945462004530372
0.0011690087048185352
0.00029815822541558293
3.300079017107885e-5
0.0026424725653807274
0.0024530589110893087
0.0019176365901514075
0.0012059069116455746
0.0005647305341956329
0.000168823213943546
2.1740803765465733e-5
0.00045026841412553853
0.000410810608514085
0.0003080421146352725
0.00017958942383615648
6.968869414065883e-5
1.2502647480065824e-5
4.374098533658054e-5
3.510873130114778e-5
2.1392887653009365e-5
1.0429123804663974e-5
2.9784694931693237e-6
1.4063750724347172e-6
-1.1476032392788274e-6
-2.3409596342243994e-6
-1.0648178688971978e-6
-7.190302144648603e-7
-1.0285824213096141e-6
-5.988153135834118e-7
-3.097821342365157e-7
-2.1135094207793185e-7
-1.4204756435733334e-8
0.42746397596290503
0.40430646724084085
0.3440085765201514
0.26230393416070824
0.17729765147335796
0.10411824620696414
0.05167160291621343
0.02077238194388512
0.006407179047455049
0.0014556528730248243
0.00023640227823188404
2.2446051718801335e-5
1.3551051514681184e-6
1.1530980783514466e-7
-2.030274445037932e-8
0.40430646724084085
0.3823595369499294
0.32512013491675973
0.24753356705588672
0.16686381302108672
0.09784978664072036
0.04843117676503323
0.019379072099185803
0.005928154332634807
0.0013261713958248333
0.00020866547295638168
1.6711248063310175e-5
3.3413456892558026e-8
-1.0310647761662518e-7
0.3440085765201514
0.32512013491675973
0.2757420790880383
0.20877446387326382
0.13975194017733858
0.08121944433113334
0.03974304624567978
0.01561339817627832
0.004632063769537361
0.0009861589091264243
0.00014393754172641442
9.162704963761647e-6
-3.1114406076528466e-7
0.26230393416070824
0.24753356705588672
0.20877446387326382
0.1566951896712386
0.10348337860524268
0.05896630094584135
0.02806632785470658
0.010596002309734426
0.002945462004530372
0.0005647305341956329
6.968869414065883e-5
2.9784694931693237e-6
0.17729765147335796
0.16686381302108672
0.13975194017733858
0.10348337860524268
0.06681128267325318
0.03677762015159727
0.01663825859867794
0.005815416151506623
0.0014274029787555772
0.00021813658644743858
1.7531254099047398e-5
0.10411824620696414
0.09784978664072036
0.08121944433113334
0.05896630094584135
0.03677762015159727
0.01916408987307213
0.007964458321120959
0.002431912257679937
0.00046509303487715593
4.1617690397380824e-5
0.05167160291621343
0.04843117676503323
0.03974304624567978
0.02806632785470658
0.01663825859867794
0.007964458321120959
0.0028843180227732727
0.0006891827312604811
7.655569337709164e-5
0.02077238194388512
0.019379072099185803
0.01561339817627832
0.010596002309734426
0.005815416151506623
0.002431912257679937
0.0006891827312604811
9.81429255241308e-5
0.006407179047455049
0.005928154332634807
0.004632063769537361
0.002945462004530372
0.0014274029787555772
0.00046509303487715593
7.655569337709164e-5
0.0014556528730248243
0.0013261713958248333
0.0009861589091264243
0.0005647305341956329
0.00021813658644743858
4.1617690397380824e-5
0.00023640227823188404
0.00020866547295638168
0.00014393754172641442
6.968869414065883e-5
1.7531254099047398e-5
2.2446051718801335e-5
1.6711248063310175e-5
9.162704963761647e-6
2.9784694931693237e-6
1.3551051514681184e-6
3.3413456892558026e-8
-3.1114406076528466e-7
1.1530980783514466e-7
-1.0310647761662518e-7
-2.030274445037932e-8
0.26084246230956876
0.2463912415254332
0.2084169627819195
0.15702798943521085
0.10411824620696414
0.059457805571516344
0.028200377204437018
0.010571581714426542
0.002941093487140711
0.0005873371927524758
8.590382496412626e-5
8.193344909135614e-6
9.647055465470696e-7
1.3164222578977924e-7
0.2463912415254332
0.23269043515447346
0.19669785183433908
0.1479772813689639
0.09784978664072036
0.0556352074215213
0.026291022588144503
0.00979098817210624
0.0026842625285663792
0.0005190788179587851
7.083667014385248e-5
5.141392109068565e-6
1.604780640147708e-7
0.2084169627819195
0.19669785183433908
0.16583652790847608
0.12406193428291529
0.08121944433113334
0.045579304963578635
0.021169497226507936
0.007688562782691227
0.00201200562049476
0.0003546129323915476
4.086826406728092e-5
1.8300214720527594e-6
0.15702798943521085
0.1479772813689639
0.12406193428291529
0.09171371781136861
0.05896630094584135
0.03222176597648924
0.014399071483975357
0.0049319886748862675
0.0011690087048185352
0.000168823213943546
1.2502647480065824e-5
0.10411824620696414
0.09784978664072036
0.08121944433113334
0.05896630094584135
0.03677762015159727
0.01916408987307213
0.007964458321120959
0.002431912257679937
0.00046509303487715593
4.1617690397380824e-5
0.059457805571516344
0.0556352074215213
0.045579304963578635
0.03222176597648924
0.01916408987307213
0.009228506954780906
0.0033781195479090855
0.0008222417531270978
9.537794464025158e-5
0.028200377204437018
0.026291022588144503
0.021169497226507936
0.014399071483975357
0.007964458321120959
0.0033781195479090855
0.0009797261089538219
0.0001461352379298039
0.010571581714426542
0.00979098817210624
0.007688562782691227
0.0049319886748862675
0.002431912257679937
0.0008222417531270978
0.0001461352379298039
0.002941093487140711
0.0026842625285663792
0.00201200562049476
0.0011690087048185352
0.00046509303487715593
9.537794464025158e-5
0.0005873371927524758
0.0005190788179587851
0.0003546129323915476
0.000168823213943546
4.1617690397380824e-5
8.590382496412626e-5
7.083667014385248e-5
4.086826406728092e-5
1.2502647480065824e-5
8.193344909135614e-6
5.141392109068565e-6
1.8300214720527594e-6
9.647055465470696e-7
1.604780640147708e-7
1.3164222578977924e-7
0.1368759540997117
0.12910057040134498
0.10836802503774728
0.08025939942859761
0.05167160291621343
0.028200377204437018
0.012499639834468567
0.004196893302101634
0.0009755291531712898
0.00015247885700802601
1.9101713329751664e-5
2.1373971127242845e-6
2.533839809117968e-7
0.12910057040134498
0.12173321434321552
0.1020799248897032
0.07546362127889293
0.04843117676503323
0.026291022588144503
0.011553765366895282
0.0038379377243621562
0.0008702576337553824
0.00012656653632323842
1.3091129111582064e-5
8.000316978225772e-7
0.10836802503774728
0.1020799248897032
0.08532180535249526
0.0626585250104662
0.03974304624567978
0.021169497226507936
0.009061625412884732
0.002892676758178085
0.0006084153495739113
7.287153422794316e-5
4.429322194171737e-6
0.08025939942859761
0.07546362127889293
0.0626585250104662
0.045374351096957505
0.02806632785470658
0.014399071483975357
0.005826952300083992
0.001698841920144865
0.00029815822541558293
2.1740803765465733e-5
0.05167160291621343
0.04843117676503323
0.03974304624567978
0.02806632785470658
0.01663825859867794
0.007964458321120959
0.0028843180227732727
0.0006891827312604811
7.655569337709164e-5
0.028200377204437018
0.026291022588144503
0.021169497226507936
0.014399071483975357
0.007964458321120959
0.0033781195479090855
0.0009797261089538219
0.0001461352379298039
0.012499639834468567
0.011553765366895282
0.009061625412884732
0.005826952300083992
0.0028843180227732727
0.0009797261089538219
0.00017585083063489145
0.004196893302101634
0.0038379377243621562
0.002892676758178085
0.001698841920144865
0.0006891827312604811
0.0001461352379298039
0.0009755291531712898
0.0008702576337553824
0.0006084153495739113
0.00029815822541558293
7.655569337709164e-5
0.00015247885700802601
0.00012656653632323842
7.287153422794316e-5
2.1740803765465733e-5
1.9101713329751664e-5
1.3091129111582064e-5
4.429322194171737e-6
2.1373971127242845e-6
8.000316978225772e-7
2.533839809117968e-7
0.05917967476813568
0.05577816540568251
0.046428804618681305
0.03363835191199443
0.02077238194388512
0.010571581714426542
0.004196893302101634
0.0011881782394894053
0.0002082831772556301
2.369818036194239e-5
3.338499048572343e-6
2.84231107116526e-7
0.05577816540568251
0.052537791834261965
0.043653728145502835
0.031532347020811466
0.019379072099185803
0.00979098817210624
0.0038379377243621562
0.001057648845327387
0.0001751587272219003
1.593617932817077e-5
1.3917314650244569e-6
0.046428804618681305
0.043653728145502835
0.03608240931900225
0.025815580760817497
0.01561339817627832
0.007688562782691227
0.002892676758178085
0.0007434618337806156
0.00010386480457027407
5.106386017490096e-6
0.03363835191199443
0.031532347020811466
0.025815580760817497
0.018121553546530503
0.010596002309734426
0.0049319886748862675
0.001698841920144865
0.00037177828957220667
3.300079017107885e-5
0.02077238194388512
0.019379072099185803
0.01561339817627832
0.010596002309734426
0.005815416151506623
0.002431912257679937
0.0006891827312604811
9.81429255241308e-5
0.010571581714426542
0.00979098817210624
0.007688562782691227
0.0049319886748862675
0.002431912257679937
0.0008222417531270978
0.0001461352379298039
0.004196893302101634
0.0038379377243621562
0.002892676758178085
0.001698841920144865
0.0006891827312604811
0.0001461352379298039
0.0011881782394894053
0.001057648845327387
0.0007434618337806156
0.00037177828957220667
9.81429255241308e-5
0.0002082831772556301
0.0001751587272219003
0.00010386480457027407
3.300079017107885e-5
2.369818036194239e-5
1.593617932817077e-5
5.106386017490096e-6
3.338499048572343e-6
1.3917314650244569e-6
2.84231107116526e-7
0.019871173873252553
0.018754188222195805
0.015506148850725309
0.010960497197213473
0.006407179047455049
0.002941093487140711
0.0009755291531712898
0.0002082831772556301
2.8940948031128302e-5
4.687658176322425e-6
4.332922722925733e-7
0.018754188222195805
0.017676034791781734
0.014564296905847278
0.010233115605194007
0.005928154332634807
0.0026842625285663792
0.0008702576337553824
0.0001751587272219003
1.8124237699826603e-5
2.0322458691934323e-6
0.015506148850725309
0.014564296905847278
0.011886100670577118
0.008212815974883665
0.004632063769537361
0.00201200562049476
0.0006084153495739113
0.00010386480457027407
5.285039989241288e-6
0.010960497197213473
0.010233115605194007
0.008212815974883665
0.005505755346645007
0.002945462004530372
0.0011690087048185352
0.00029815822541558293
3.300079017107885e-5
0.006407179047455049
0.005928154332634807
0.004632063769537361
0.002945462004530372
0.0014274029787555772
0.00046509303487715593
7.655569337709164e-5
0.002941093487140711
0.0026842625285663792
0.00201200562049476
0.0011690087048185352
0.00046509303487715593
9.537794464025158e-5
0.0009755291531712898
0.0008702576337553824
0.0006084153495739113
0.00029815822541558293
7.655569337709164e-5
0.0002082831772556301
0.0001751587272219003
0.00010386480457027407
3.300079017107885e-5
2.8940948031128302e-5
1.8124237699826603e-5
5.285039989241288e-6
4.687658176322425e-6
2.0322458691934323e-6
4.332922722925733e-7
0.004877027665338077
0.004625483664530399
0.0038195777294822123
0.0026424725653807274
0.0014556528730248243
0.0005873371927524758
0.00015247885700802601
2.369818036194239e-5
4.687658176322425e-6
8.174046150743671e-7
0.004625483664530399
0.0043757053339113965
0.0035873655441581455
0.0024530589110893087
0.0013261713958248333
0.0005190788179587851
0.00012656653632323842
1.593617932817077e-5
2.0322458691934323e-6
0.0038195777294822123
0.0035873655441581455
0.0028898909454475675
0.0019176365901514075
0.0009861589091264243
0.0003546129323915476
7.287153422794316e-5
5.106386017490096e-6
0.0026424725653807274
0.0024530589110893087
0.0019176365901514075
0.0012059069116455746
0.0005647305341956329
0.000168823213943546
2.1740803765465733e-5
0.0014556528730248243
0.0013261713958248333
0.0009861589091264243
0.0005647305341956329
0.00021813658644743858
4.1617690397380824e-5
0.0005873371927524758
0.0005190788179587851
0.0003546129323915476
0.000168823213943546
4.1617690397380824e-5
0.00015247885700802601
0.00012656653632323842
7.287153422794316e-5
2.1740803765465733e-5
2.369818036194239e-5
1.593617932817077e-5
5.106386017490096e-6
4.687658176322425e-6
2.0322458691934323e-6
8.174046150743671e-7
0.0008346436269171123
0.0007985852024640482
0.0006604337442526389
0.00045026841412553853
0.00023640227823188404
8.590382496412626e-5
1.9101713329751664e-5
3.338499048572343e-6
4.332922722925733e-7
0.0007985852024640482
0.0007576636163960062
0.000616414437486824
0.000410810608514085
0.00020866547295638168
7.083667014385248e-5
1.3091129111582064e-5
1.3917314650244569e-6
0.0006604337442526389
0.000616414437486824
0.0004850144108545767
0.0003080421146352725
0.00014393754172641442
4.086826406728092e-5
4.429322194171737e-6
0.00045026841412553853
0.000410810608514085
0.0003080421146352725
0.00017958942383615648
6.968869414065883e-5
1.2502647480065824e-5
0.00023640227823188404
0.00020866547295638168
0.00014393754172641442
6.968869414065883e-5
1.7531254099047398e-5
8.590382496412626e-5
7.083667014385248e-5
4.086826406728092e-5
1.2502647480065824e-5
1.9101713329751664e-5
1.3091129111582064e-5
4.429322194171737e-6
3.338499048572343e-6
1.3917314650244569e-6
4.332922722925733e-7
9.389506118082417e-5
8.74335135525223e-5
6.764678072055759e-5
4.374098533658054e-5
2.2446051718801335e-5
8.193344909135614e-6
2.1373971127242845e-6
2.84231107116526e-7
8.74335135525223e-5
7.89367960141711e-5
5.764093265676857e-5
3.510873130114778e-5
1.6711248063310175e-5
5.141392109068565e-6
8.000316978225772e-7
6.764678072055759e-5
5.764093265676857e-5
3.8050828598154875e-5
2.1392887653009365e-5
9.162704963761647e-6
1.8300214720527594e-6
4.374098533658054e-5
3.510873130114778e-5
2.1392887653009365e-5
1.0429123804663974e-5
2.9784694931693237e-6
2.2446051718801335e-5
1.6711248063310175e-5
9.162704963761647e-6
2.9784694931693237e-6
8.193344909135614e-6
5.141392109068565e-6
1.8300214720527594e-6
2.1373971127242845e-6
8.000316978225772e-7
2.84231107116526e-7
1.2167540626087182e-5
8.677353930747135e-6
3.5950297283467636e-6
1.4063750724347172e-6
1.3551051514681184e-6
9.647055465470696e-7
2.533839809117968e-7
8.677353930747135e-6
5.091636701119128e-6
-1.2195637299483068e-7
-1.1476032392788274e-6
3.3413456892558026e-8
1.604780640147708e-7
3.5950297283467636e-6
-1.2195637299483068e-7
-3.4483425355896623e-6
-2.3409596342243994e-6
-3.1114406076528466e-7
1.4063750724347172e-6
-1.1476032392788274e-6
-2.3409596342243994e-6
-1.0648178688971978e-6
1.3551051514681184e-6
3.3413456892558026e-8
-3.1114406076528466e-7
9.647055465470696e-7
1.604780640147708e-7
2.533839809117968e-7
-1.0407921553198581e-6
-1.1873216614491868e-6
-1.4146266364337938e-6
-7.190302144648603e-7
1.1530980783514466e-7
1.3164222578977924e-7
-1.1873216614491868e-6
-1.7701393068198039e-6
-1.9196565790890458e-6
-1.0285824213096141e-6
-1.0310647761662518e-7
-1.4146266364337938e-6
-1.9196565790890458e-6
-1.719990999242476e-6
-5.988153135834118e-7
-7.190302144648603e-7
-1.0285824213096141e-6
-5.988153135834118e-7
1.1530980783514466e-7
-1.0310647761662518e-7
1.3164222578977924e-7
-1.6777661628816983e-6
-1.427609083981234e-6
-8.189732897346699e-7
-3.097821342365157e-7
-2.030274445037932e-8
-1.427609083981234e-6
-1.1559536013973408e-6
-6.733434802782757e-7
-2.1135094207793185e-7
-8.189732897346699e-7
-6.733434802782757e-7
-2.8181583995815844e-7
-3.097821342365157e-7
-2.1135094207793185e-7
-2.030274445037932e-8
-2.5331971532144516e-7
-8.443542427627756e-8
-7.242615339857362e-8
-1.4204756435733334e-8
-8.443542427627756e-8
-9.904615921752393e-8
-4.784582471377911e-8
-7.242615339857362e-8
-4.784582471377911e-8
-1.4204756435733334e-8
9.09129342803708e-8
2.0158813251466505e-8
4.566913964722454e-9
2.0158813251466505e-8
3.0764433938734963e-8
4.566913964722454e-9
1.6762371579027975e-9
1.4610579455657647e-8
1.4610579455657647e-8
2.4021941588787494e-13
