1.0
0.7412117742057013
0.3187484096711687
0.0601108319911375
0.0025551651030939434
-0.00011840143166365935
-6.434348280495035e-10
0.7412117742057013
0.5583539207460785
0.23532035272979449
0.04295180440811159
0.0018465202282089272
-5.242739772391704e-5
0.3187484096711687
0.23532035272979449
0.09077448945055484
0.012010469089381134
0.00011762512200527086
0.0601108319911375
0.04295180440811159
0.012010469089381134
0.00031825962827630277
0.0025551651030939434
0.0018465202282089272
0.00011762512200527086
-0.00011840143166365935
-5.242739772391704e-5
-6.434348280495035e-10
0.7412117742057013
0.5583539207460785
0.23532035272979449
0.04295180440811159
0.0018465202282089272
-5.242739772391704e-5
0.5583539207460785
0.41668156350686775
0.17299013460936397
0.02952162794297538
0.0011857359401753857
0.23532035272979449
0.17299013460936397
0.06322736955415004
0.007276992955596561
0.04295180440811159
0.02952162794297538
0.007276992955596561
0.0018465202282089272
0.0011857359401753857
-5.242739772391704e-5
0.3187484096711687
0.23532035272979449
0.09077448945055484
0.012010469089381134
0.00011762512200527086
0.23532035272979449
0.17299013460936397
0.06322736955415004
0.007276992955596561
0.09077448945055484
0.06322736955415004
0.01775230970926632
0.012010469089381134
0.007276992955596561
0.00011762512200527086
0.0601108319911375
0.04295180440811159
0.012010469089381134
0.00031825962827630277
0.04295180440811159
0.02952162794297538
0.007276992955596561
0.012010469089381134
0.007276992955596561
0.00031825962827630277
0.0025551651030939434
0.0018465202282089272
0.00011762512200527086
0.0018465202282089272
0.0011857359401753857
0.00011762512200527086
-0.00011840143166365935
-5.242739772391704e-5
-5.242739772391704e-5
-6.434348280495035e-10
