1.0
0.8436153847309885
0.5269247307549133
0.232060773687842
0.06088160811971995
0.0063192918440205005
0.00014395338545773872
-1.3089261619065614e-6
-1.6080508608142824e-6
2.380629898156523e-11
0.8436153847309885
0.7176808490252916
0.4476003482940812
0.19547580483381063
0.05080873493541655
0.0053314572725931516
0.0001101769223891651
5.149058729490666e-6
-1.171603662206913e-6
0.5269247307549133
0.4476003482940812
0.27648675110746473
0.11582620146960196
0.027811930242872707
0.00260379312819281
3.034808906798003e-5
2.6395853071171585e-6
0.232060773687842
0.19547580483381063
0.11582620146960196
0.04419043511123096
0.008446409801848596
0.00044346901318205196
3.6075704988448964e-7
0.06088160811971995
0.05080873493541655
0.027811930242872707
0.008446409801848596
0.0009153197030973279
2.1140049246196423e-5
0.0063192918440205005
0.0053314572725931516
0.00260379312819281
0.00044346901318205196
2.1140049246196423e-5
0.00014395338545773872
0.0001101769223891651
3.034808906798003e-5
3.6075704988448964e-7
-1.3089261619065614e-6
5.149058729490666e-6
2.6395853071171585e-6
-1.6080508608142824e-6
-1.171603662206913e-6
2.380629898156523e-11
0.8436153847309885
0.7176808490252916
0.4476003482940812
0.19547580483381063
0.05080873493541655
0.0053314572725931516
0.0001101769223891651
5.149058729490666e-6
-1.171603662206913e-6
0.7176808490252916
0.6087624879798681
0.3796790641768863
0.16430036396629882
0.04202439378080886
0.004362778777722667
7.834830657733687e-5
4.177039355977528e-6
0.4476003482940812
0.3796790641768863
0.23240702399756155
0.09632572587912422
0.022509036657898246
0.0019539532741470753
1.43382434128092e-5
0.19547580483381063
0.16430036396629882
0.09632572587912422
0.03576160982752348
0.006486695689487393
0.0002483312631106852
0.05080873493541655
0.04202439378080886
0.022509036657898246
0.006486695689487393
0.000522341734412205
0.0053314572725931516
0.004362778777722667
0.0019539532741470753
0.0002483312631106852
0.0001101769223891651
7.834830657733687e-5
1.43382434128092e-5
5.149058729490666e-6
4.177039355977528e-6
-1.171603662206913e-6
0.5269247307549133
0.4476003482940812
0.27648675110746473
0.11582620146960196
0.027811930242872707
0.00260379312819281
3.034808906798003e-5
2.6395853071171585e-6
0.4476003482940812
0.3796790641768863
0.23240702399756155
0.09632572587912422
0.022509036657898246
0.0019539532741470753
1.43382434128092e-5
0.27648675110746473
0.23240702399756155
0.13827335934882204
0.053858123063110254
0.010988765216454427
0.0006620296018528183
0.11582620146960196
0.09632572587912422
0.053858123063110254
0.017756444949783956
0.0023764982887726194
0.027811930242872707
0.022509036657898246
0.010988765216454427
0.0023764982887726194
0.00260379312819281
0.0019539532741470753
0.0006620296018528183
3.034808906798003e-5
1.43382434128092e-5
2.6395853071171585e-6
0.232060773687842
0.19547580483381063
0.11582620146960196
0.04419043511123096
0.008446409801848596
0.00044346901318205196
3.6075704988448964e-7
0.19547580483381063
0.16430036396629882
0.09632572587912422
0.03576160982752348
0.006486695689487393
0.0002483312631106852
0.11582620146960196
0.09632572587912422
0.053858123063110254
0.017756444949783956
0.0023764982887726194
0.04419043511123096
0.03576160982752348
0.017756444949783956
0.004119750219155227
0.008446409801848596
0.006486695689487393
0.0023764982887726194
0.00044346901318205196
0.0002483312631106852
3.6075704988448964e-7
0.06088160811971995
0.05080873493541655
0.027811930242872707
0.008446409801848596
0.0009153197030973279
2.1140049246196423e-5
0.05080873493541655
0.04202439378080886
0.022509036657898246
0.006486695689487393
0.000522341734412205
0.027811930242872707
0.022509036657898246
0.010988765216454427
0.0023764982887726194
0.008446409801848596
0.006486695689487393
0.0023764982887726194
0.0009153197030973279
0.000522341734412205
2.1140049246196423e-5
0.0063192918440205005
0.0053314572725931516
0.00260379312819281
0.00044346901318205196
2.1140049246196423e-5
0.0053314572725931516
0.004362778777722667
0.0019539532741470753
0.0002483312631106852
0.00260379312819281
0.0019539532741470753
0.0006620296018528183
0.00044346901318205196
0.0002483312631106852
2.1140049246196423e-5
0.00014395338545773872
0.0001101769223891651
3.034808906798003e-5
3.6075704988448964e-7
0.0001101769223891651
7.834830657733687e-5
1.43382434128092e-5
3.034808906798003e-5
1.43382434128092e-5
3.6075704988448964e-7
-1.3089261619065614e-6
5.149058729490666e-6
2.6395853071171585e-6
5.149058729490666e-6
4.177039355977528e-6
2.6395853071171585e-6
-1.6080508608142824e-6
-1.171603662206913e-6
-1.171603662206913e-6
2.380629898156523e-11
