1.0
0.9527828969275474
0.8325492549768974
0.6684747243493098
0.4912699359484653
0.3272956577412418
0.194426292033908
0.10034089457104946
0.043353609971171915
0.014975499063102424
0.003965089583625715
0.0007686530225607617
9.7886447129053e-5
1.1636066964064243e-5
-8.547481814350126e-8
-2.241344443488339e-6
-5.236714561536719e-7
8.890550168707914e-10
2.6741462054152143e-8
-3.4268504056248163e-9
-1.1831010579218335e-12
0.9527828969275474
0.9092338957042841
0.7951035777725529
0.6384677426907327
0.4689962735594046
0.31218620205746844
0.18524124796271746
0.09551352037931461
0.041261598059509096
0.014274894742834244
0.003796347967667558
0.0007398358436545498
9.219774693778605e-5
8.61265790141566e-6
-7.898384858491697e-7
-1.808411495137458e-6
-4.168809799091916e-7
4.923694806991422e-8
1.1797749333154213e-8
2.2472818704607425e-9
0.8325492549768974
0.7951035777725529
0.6967894870225619
0.5594465270982817
0.41011613631869986
0.27198365450557016
0.16057413260182218
0.08230678091459741
0.03535665328484069
0.012188825180731345
0.0032433982427694753
0.0006331369868145196
7.472538684470601e-5
3.359952091791218e-6
-1.544908834923489e-6
-1.1993568593672407e-6
-2.084981907802678e-7
6.225447196464663e-9
5.169021849178445e-9
0.6684747243493098
0.6384677426907327
0.5594465270982817
0.4490407130586947
0.32787171875937876
0.21584842733013265
0.12607884314962411
0.06373896753293858
0.02694248514199777
0.009138214106017645
0.002402454921679612
0.0004645899813124073
5.225876585360435e-5
8.647080550411608e-7
-1.3340698092152395e-6
-6.013139205547615e-7
-1.0227405989444115e-7
3.942069201787844e-9
0.4912699359484653
0.4689962735594046
0.41011613631869986
0.32787171875937876
0.23800198351549479
0.15488492312360308
0.08888901059938956
0.04385176544979924
0.017956088170921262
0.005865665845280097
0.0014867607255715915
0.00027952153943830736
3.081653775455793e-5
9.037311955777678e-7
-2.9945974937374286e-7
-1.1598140334950828e-7
-2.3594580094451707e-8
0.3272956577412418
0.31218620205746844
0.27198365450557016
0.21584842733013265
0.15488492312360308
0.09917340761913826
0.05545576694812014
0.026330315970916618
0.010213332735706375
0.0031037675397049473
0.0007274657947501208
0.00012890313283641907
1.4186565225018024e-5
9.462508051029664e-7
2.3001408747888128e-7
2.216072406090392e-8
0.194426292033908
0.18524124796271746
0.16057413260182218
0.12607884314962411
0.08888901059938956
0.05545576694812014
0.029891305471446278
0.013410482171119611
0.004772241054789887
0.0012789923735065472
0.00025945848589201386
4.1580735552739416e-5
4.716875060483301e-6
5.384794351554353e-7
7.410108765405753e-8
0.10034089457104946
0.09551352037931461
0.08230678091459741
0.06373896753293858
0.04385176544979924
0.026330315970916618
0.013410482171119611
0.005537349767680062
0.0017301739781461485
0.00038011398277594223
6.143124733914202e-5
9.258701881715514e-6
1.3098011108994977e-6
1.1862471352409073e-7
0.043353609971171915
0.041261598059509096
0.03535665328484069
0.02694248514199777
0.017956088170921262
0.010213332735706375
0.004772241054789887
0.0017301739781461485
0.00044955648985340707
7.648614205789374e-5
1.1078514827977864e-5
2.0719007679991736e-6
1.2012490239426984e-7
0.014975499063102424
0.014274894742834244
0.012188825180731345
0.009138214106017645
0.005865665845280097
0.0031037675397049473
0.0012789923735065472
0.00038011398277594223
7.648614205789374e-5
1.345546003437896e-5
3.0210899152860266e-6
1.8049139013789433e-7
0.003965089583625715
0.003796347967667558
0.0032433982427694753
0.002402454921679612
0.0014867607255715915
0.0007274657947501208
0.00025945848589201386
6.143124733914202e-5
1.1078514827977864e-5
3.0210899152860266e-6
4.5425067681171225e-7
0.0007686530225607617
0.0007398358436545498
0.0006331369868145196
0.0004645899813124073
0.00027952153943830736
0.00012890313283641907
4.1580735552739416e-5
9.258701881715514e-6
2.0719007679991736e-6
1.8049139013789433e-7
9.7886447129053e-5
9.219774693778605e-5
7.472538684470601e-5
5.225876585360435e-5
3.081653775455793e-5
1.4186565225018024e-5
4.716875060483301e-6
1.3098011108994977e-6
1.2012490239426984e-7
1.1636066964064243e-5
8.61265790141566e-6
3.359952091791218e-6
8.647080550411608e-7
9.037311955777678e-7
9.462508051029664e-7
5.384794351554353e-7
1.1862471352409073e-7
-8.547481814350126e-8
-7.898384858491697e-7
-1.544908834923489e-6
-1.3340698092152395e-6
-2.9945974937374286e-7
2.3001408747888128e-7
7.410108765405753e-8
-2.241344443488339e-6
-1.808411495137458e-6
-1.1993568593672407e-6
-6.013139205547615e-7
-1.1598140334950828e-7
2.216072406090392e-8
-5.236714561536719e-7
-4.168809799091916e-7
-2.084981907802678e-7
-1.0227405989444115e-7
-2.3594580094451707e-8
8.890550168707914e-10
4.923694806991422e-8
6.225447196464663e-9
3.942069201787844e-9
2.6741462054152143e-8
1.1797749333154213e-8
5.169021849178445e-9
-3.4268504056248163e-9
2.2472818704607425e-9
-1.1831010579218335e-12
0.9527828969275474
0.9092338957042841
0.7951035777725529
0.6384677426907327
0.4689962735594046
0.31218620205746844
0.18524124796271746
0.09551352037931461
0.041261598059509096
0.014274894742834244
0.003796347967667558
0.0007398358436545498
9.219774693778605e-5
8.61265790141566e-6
-7.898384858491697e-7
-1.808411495137458e-6
-4.168809799091916e-7
4.923694806991422e-8
1.1797749333154213e-8
2.2472818704607425e-9
0.9092338957042841
0.8674038591404561
0.7591985136881515
0.6097300987944041
0.44769479847363625
0.2977362482728326
0.1764666866369932
0.09088861347740208
0.03924834403267267
0.013594213073234681
0.003626391135304201
0.0007084929861136764
8.511993679469737e-5
5.105742210492335e-6
-1.5659591904073444e-6
-1.610793002558367e-6
-3.1000171555239145e-7
1.9087832214200317e-8
1.3031272594711902e-8
0.7951035777725529
0.7591985136881515
0.6647969689094064
0.5339684793594041
0.39130988617167445
0.259286641770706
0.15288092958091726
0.0782546290399898
0.03357993718124218
0.011574637978254304
0.003082345299080229
0.0005987995011937448
6.612040906689074e-5
-6.529338095646598e-8
-2.459346201136705e-6
-1.0954734622135379e-6
-1.736523683032278e-7
2.8709285090177887e-9
0.6384677426907327
0.6097300987944041
0.5339684793594041
0.42805579816969413
0.3125193952736416
0.20557320790588782
0.11991185797363851
0.06051111144508853
0.025523552213788655
0.008637137688463158
0.0022634599597973156
0.00043271139090646
4.439134481988205e-5
-1.8459517805762185e-6
-1.8974959392749882e-6
-5.261444836367335e-7
-5.820044380077063e-8
0.4689962735594046
0.44769479847363625
0.39130988617167445
0.3125193952736416
0.22644407576811224
0.14725697886312153
0.08438678649652162
0.04153402148338738
0.016946838224231618
0.005504656218232868
0.0013831159825633248
0.00025482306833083583
2.5050503352810922e-5
-7.523977691481965e-7
-5.772104368823406e-7
-1.0161730826673988e-7
0.31218620205746844
0.2977362482728326
0.259286641770706
0.20557320790588782
0.14725697886312153
0.09403474862680378
0.052490409856057706
0.024848390555696598
0.009586860340568161
0.0028846105284663836
0.000663604149328892
0.00011295085925597034
1.0592707755911127e-5
1.4710584896204565e-7
8.544585601769351e-9
0.18524124796271746
0.1764666866369932
0.15288092958091726
0.11991185797363851
0.08438678649652162
0.052490409856057706
0.02816578702538622
0.012582686725364086
0.004444515861195745
0.0011715899321780947
0.0002280593771734852
3.3488125879071105e-5
2.925763434753639e-6
9.530142743722756e-8
0.09551352037931461
0.09088861347740208
0.0782546290399898
0.06051111144508853
0.04153402148338738
0.024848390555696598
0.012582686725364086
0.005148034337050032
0.0015889185843905686
0.00033735898582081626
4.9536090680469584e-5
6.0889299969499706e-6
5.423089706083551e-7
0.041261598059509096
0.03924834403267267
0.03357993718124218
0.025523552213788655
0.016946838224231618
0.009586860340568161
0.004444515861195745
0.0015889185843905686
0.0003972979092901307
6.182537674457985e-5
7.05664426026336e-6
9.348263306235438e-7
0.014274894742834244
0.013594213073234681
0.011574637978254304
0.008637137688463158
0.005504656218232868
0.0028846105284663836
0.0011715899321780947
0.00033735898582081626
6.182537674457985e-5
7.764388514284858e-6
1.4697720172413548e-6
0.003796347967667558
0.003626391135304201
0.003082345299080229
0.0022634599597973156
0.0013831159825633248
0.000663604149328892
0.0002280593771734852
4.9536090680469584e-5
7.05664426026336e-6
1.4697720172413548e-6
0.0007398358436545498
0.0007084929861136764
0.0005987995011937448
0.00043271139090646
0.00025482306833083583
0.00011295085925597034
3.3488125879071105e-5
6.0889299969499706e-6
9.348263306235438e-7
9.219774693778605e-5
8.511993679469737e-5
6.612040906689074e-5
4.439134481988205e-5
2.5050503352810922e-5
1.0592707755911127e-5
2.925763434753639e-6
5.423089706083551e-7
8.61265790141566e-6
5.105742210492335e-6
-6.529338095646598e-8
-1.8459517805762185e-6
-7.523977691481965e-7
1.4710584896204565e-7
9.530142743722756e-8
-7.898384858491697e-7
-1.5659591904073444e-6
-2.459346201136705e-6
-1.8974959392749882e-6
-5.772104368823406e-7
8.544585601769351e-9
-1.808411495137458e-6
-1.610793002558367e-6
-1.0954734622135379e-6
-5.261444836367335e-7
-1.0161730826673988e-7
-4.168809799091916e-7
-3.1000171555239145e-7
-1.736523683032278e-7
-5.820044380077063e-8
4.923694806991422e-8
1.9087832214200317e-8
2.8709285090177887e-9
1.1797749333154213e-8
1.3031272594711902e-8
2.2472818704607425e-9
0.8325492549768974
0.7951035777725529
0.6967894870225619
0.5594465270982817
0.41011613631869986
0.27198365450557016
0.16057413260182218
0.08230678091459741
0.03535665328484069
0.012188825180731345
0.0032433982427694753
0.0006331369868145196
7.472538684470601e-5
3.359952091791218e-6
-1.544908834923489e-6
-1.1993568593672407e-6
-2.084981907802678e-7
6.225447196464663e-9
5.169021849178445e-9
0.7951035777725529
0.7591985136881515
0.6647969689094064
0.5339684793594041
0.39130988617167445
0.259286641770706
0.15288092958091726
0.0782546290399898
0.03357993718124218
0.011574637978254304
0.003082345299080229
0.0005987995011937448
6.612040906689074e-5
-6.529338095646598e-8
-2.459346201136705e-6
-1.0954734622135379e-6
-1.736523683032278e-7
2.8709285090177887e-9
0.6967894870225619
0.6647969689094064
0.5816418114658035
0.46661565982275394
0.3414266092895037
0.22542283534312124
0.13220000995484138
0.06719697160202223
0.028605281676727164
0.009782067321730535
0.0025858820563784937
0.0004938860130886336
4.78137613206137e-5
-4.1625919040391855e-6
-2.8817613197099784e-6
-6.826369182682294e-7
-6.698967217341546e-8
0.5594465270982817
0.5339684793594041
0.46661565982275394
0.37317876001851424
0.271663931799674
0.17809227260723412
0.10329180045419457
0.05170712720988465
0.021579442761769284
0.007206355776632496
0.0018589828677306251
0.00034560924715850474
3.0309107582500302e-5
-3.945681241409887e-6
-1.7652848645151648e-6
-2.1373797809821726e-7
0.41011613631869986
0.39130988617167445
0.3414266092895037
0.271663931799674
0.19598578760716856
0.1267810994967343
0.07220301322860463
0.03520247272766721
0.014160121076383496
0.004502301278991292
0.0010986407277830783
0.0001936925258497079
1.6117452116668504e-5
-1.4444752199289464e-6
-3.5220686369264674e-7
0.27198365450557016
0.259286641770706
0.22542283534312124
0.17809227260723412
0.1267810994967343
0.08034964020098566
0.044438653101596684
0.020790156401329543
0.007870052131973511
0.0022923332925486356
0.0004994469470153127
7.779411683769179e-5
5.861657121441345e-6
-1.1110266586624996e-7
0.16057413260182218
0.15288092958091726
0.13220000995484138
0.10329180045419457
0.07220301322860463
0.044438653101596684
0.023526610747214436
0.010325789848775354
0.0035544299315101954
0.0008915461758433129
0.00015589502331904862
1.8439365846139733e-5
9.37018614558984e-7
0.08230678091459741
0.0782546290399898
0.06719697160202223
0.05170712720988465
0.03520247272766721
0.020790156401329543
0.010325789848775354
0.004114440254700165
0.0012173280618098035
0.0002364458153282317
2.7179460801586804e-5
1.8430414278868276e-6
0.03535665328484069
0.03357993718124218
0.028605281676727164
0.021579442761769284
0.014160121076383496
0.007870052131973511
0.0035544299315101954
0.0012173280618098035
0.00027980637396011527
3.3937739707494134e-5
1.9358059856471554e-6
0.012188825180731345
0.011574637978254304
0.009782067321730535
0.007206355776632496
0.004502301278991292
0.0022923332925486356
0.0008915461758433129
0.0002364458153282317
3.3937739707494134e-5
1.7037356210029172e-6
0.0032433982427694753
0.003082345299080229
0.0025858820563784937
0.0018589828677306251
0.0010986407277830783
0.0004994469470153127
0.00015589502331904862
2.7179460801586804e-5
1.9358059856471554e-6
0.0006331369868145196
0.0005987995011937448
0.0004938860130886336
0.00034560924715850474
0.0001936925258497079
7.779411683769179e-5
1.8439365846139733e-5
1.8430414278868276e-6
7.472538684470601e-5
6.612040906689074e-5
4.78137613206137e-5
3.0309107582500302e-5
1.6117452116668504e-5
5.861657121441345e-6
9.37018614558984e-7
3.359952091791218e-6
-6.529338095646598e-8
-4.1625919040391855e-6
-3.945681241409887e-6
-1.4444752199289464e-6
-1.1110266586624996e-7
-1.544908834923489e-6
-2.459346201136705e-6
-2.8817613197099784e-6
-1.7652848645151648e-6
-3.5220686369264674e-7
-1.1993568593672407e-6
-1.0954734622135379e-6
-6.826369182682294e-7
-2.1373797809821726e-7
-2.084981907802678e-7
-1.736523683032278e-7
-6.698967217341546e-8
6.225447196464663e-9
2.8709285090177887e-9
5.169021849178445e-9
0.6684747243493098
0.6384677426907327
0.5594465270982817
0.4490407130586947
0.32787171875937876
0.21584842733013265
0.12607884314962411
0.06373896753293858
0.02694248514199777
0.009138214106017645
0.002402454921679612
0.0004645899813124073
5.225876585360435e-5
8.647080550411608e-7
-1.3340698092152395e-6
-6.013139205547615e-7
-1.0227405989444115e-7
3.942069201787844e-9
0.6384677426907327
0.6097300987944041
0.5339684793594041
0.42805579816969413
0.3125193952736416
0.20557320790588782
0.11991185797363851
0.06051111144508853
0.025523552213788655
0.008637137688463158
0.0022634599597973156
0.00043271139090646
4.439134481988205e-5
-1.8459517805762185e-6
-1.8974959392749882e-6
-5.261444836367335e-7
-5.820044380077063e-8
0.5594465270982817
0.5339684793594041
0.46661565982275394
0.37317876001851424
0.271663931799674
0.17809227260723412
0.10329180045419457
0.05170712720988465
0.021579442761769284
0.007206355776632496
0.0018589828677306251
0.00034560924715850474
3.0309107582500302e-5
-3.945681241409887e-6
-1.7652848645151648e-6
-2.1373797809821726e-7
0.4490407130586947
0.42805579816969413
0.37317876001851424
0.29721943093219827
0.2149804942006653
0.13967332619637976
0.0800638131599708
0.03939964080055962
0.016055810938639944
0.005192654207824337
0.001289620932675986
0.0002291301027305497
1.792730134325282e-5
-2.7196377445226586e-6
-7.153987266163274e-7
0.32787171875937876
0.3125193952736416
0.271663931799674
0.2149804942006653
0.15384805167978613
0.09839849818165086
0.05519337362138541
0.026371062399170465
0.010294589438032603
0.0031309770901617948
0.0007172814255666893
0.00011640253363915005
8.191707625909837e-6
-6.809616796482594e-7
0.21584842733013265
0.20557320790588782
0.17809227260723412
0.13967332619637976
0.09839849818165086
0.06145245178241866
0.03331031492591004
0.015161696404552517
0.005516328992916691
0.0015044486339724475
0.0002938564254001153
3.819029387868831e-5
1.8971583164542155e-6
0.12607884314962411
0.11991185797363851
0.10329180045419457
0.0800638131599708
0.05519337362138541
0.03331031492591004
0.017164013242004703
0.0072511484390595845
0.002353084175492466
0.0005318171721267913
7.513380131574344e-5
5.3304319665112665e-6
0.06373896753293858
0.06051111144508853
0.05170712720988465
0.03939964080055962
0.026371062399170465
0.015161696404552517
0.0072511484390595845
0.002732540918450718
0.0007366040030567895
0.00011751367293418049
7.659271799586609e-6
0.02694248514199777
0.025523552213788655
0.021579442761769284
0.016055810938639944
0.010294589438032603
0.005516328992916691
0.002353084175492466
0.0007366040030567895
0.00014254949978702777
9.9628765619787e-6
0.009138214106017645
0.008637137688463158
0.007206355776632496
0.005192654207824337
0.0031309770901617948
0.0015044486339724475
0.0005318171721267913
0.00011751367293418049
9.9628765619787e-6
0.002402454921679612
0.0022634599597973156
0.0018589828677306251
0.001289620932675986
0.0007172814255666893
0.0002938564254001153
7.513380131574344e-5
7.659271799586609e-6
0.0004645899813124073
0.00043271139090646
0.00034560924715850474
0.0002291301027305497
0.00011640253363915005
3.819029387868831e-5
5.3304319665112665e-6
5.225876585360435e-5
4.439134481988205e-5
3.0309107582500302e-5
1.792730134325282e-5
8.191707625909837e-6
1.8971583164542155e-6
8.647080550411608e-7
-1.8459517805762185e-6
-3.945681241409887e-6
-2.7196377445226586e-6
-6.809616796482594e-7
-1.3340698092152395e-6
-1.8974959392749882e-6
-1.7652848645151648e-6
-7.153987266163274e-7
-6.013139205547615e-7
-5.261444836367335e-7
-2.1373797809821726e-7
-1.0227405989444115e-7
-5.820044380077063e-8
3.942069201787844e-9
0.4912699359484653
0.4689962735594046
0.41011613631869986
0.32787171875937876
0.23800198351549479
0.15488492312360308
0.08888901059938956
0.04385176544979924
0.017956088170921262
0.005865665845280097
0.0014867607255715915
0.00027952153943830736
3.081653775455793e-5
9.037311955777678e-7
-2.9945974937374286e-7
-1.1598140334950828e-7
-2.3594580094451707e-8
0.4689962735594046
0.44769479847363625
0.39130988617167445
0.3125193952736416
0.22644407576811224
0.14725697886312153
0.08438678649652162
0.04153402148338738
0.016946838224231618
0.005504656218232868
0.0013831159825633248
0.00025482306833083583
2.5050503352810922e-5
-7.523977691481965e-7
-5.772104368823406e-7
-1.0161730826673988e-7
0.41011613631869986
0.39130988617167445
0.3414266092895037
0.271663931799674
0.19598578760716856
0.1267810994967343
0.07220301322860463
0.03520247272766721
0.014160121076383496
0.004502301278991292
0.0010986407277830783
0.0001936925258497079
1.6117452116668504e-5
-1.4444752199289464e-6
-3.5220686369264674e-7
0.32787171875937876
0.3125193952736416
0.271663931799674
0.2149804942006653
0.15384805167978613
0.09839849818165086
0.05519337362138541
0.026371062399170465
0.010294589438032603
0.0031309770901617948
0.0007172814255666893
0.00011640253363915005
8.191707625909837e-6
-6.809616796482594e-7
0.23800198351549479
0.22644407576811224
0.19598578760716856
0.15384805167978613
0.1086691397882063
0.06817666444828879
0.0372201567888504
0.017126362722683447
0.006336756471658441
0.0017737088425652477
0.0003586542603066507
4.8045553337656855e-5
2.4415326243202534e-6
0.15488492312360308
0.14725697886312153
0.1267810994967343
0.09839849818165086
0.06817666444828879
0.041530070192286876
0.021725369656819093
0.009401495170737137
0.0031697871760036633
0.00076384723654651
0.00011928785489194219
9.996972951291722e-6
0.08888901059938956
0.08438678649652162
0.07220301322860463
0.05519337362138541
0.0372201567888504
0.021725369656819093
0.010661713389832437
0.00419002452776548
0.001211167848105343
0.00021965838916762582
1.8923452952757385e-5
0.04385176544979924
0.04153402148338738
0.03520247272766721
0.026371062399170465
0.017126362722683447
0.009401495170737137
0.00419002452776548
0.0014130328550633192
0.00031179640760460386
3.0889594483210524e-5
0.017956088170921262
0.016946838224231618
0.014160121076383496
0.010294589438032603
0.006336756471658441
0.0031697871760036633
0.001211167848105343
0.00031179640760460386
3.874409082890209e-5
0.005865665845280097
0.005504656218232868
0.004502301278991292
0.0031309770901617948
0.0017737088425652477
0.00076384723654651
0.00021965838916762582
3.0889594483210524e-5
0.0014867607255715915
0.0013831159825633248
0.0010986407277830783
0.0007172814255666893
0.0003586542603066507
0.00011928785489194219
1.8923452952757385e-5
0.00027952153943830736
0.00025482306833083583
0.0001936925258497079
0.00011640253363915005
4.8045553337656855e-5
9.996972951291722e-6
3.081653775455793e-5
2.5050503352810922e-5
1.6117452116668504e-5
8.191707625909837e-6
2.4415326243202534e-6
9.037311955777678e-7
-7.523977691481965e-7
-1.4444752199289464e-6
-6.809616796482594e-7
-2.9945974937374286e-7
-5.772104368823406e-7
-3.5220686369264674e-7
-1.1598140334950828e-7
-1.0161730826673988e-7
-2.3594580094451707e-8
0.3272956577412418
0.31218620205746844
0.27198365450557016
0.21584842733013265
0.15488492312360308
0.09917340761913826
0.05545576694812014
0.026330315970916618
0.010213332735706375
0.0031037675397049473
0.0007274657947501208
0.00012890313283641907
1.4186565225018024e-5
9.462508051029664e-7
2.3001408747888128e-7
2.216072406090392e-8
0.31218620205746844
0.2977362482728326
0.259286641770706
0.20557320790588782
0.14725697886312153
0.09403474862680378
0.052490409856057706
0.024848390555696598
0.009586860340568161
0.0028846105284663836
0.000663604149328892
0.00011295085925597034
1.0592707755911127e-5
1.4710584896204565e-7
8.544585601769351e-9
0.27198365450557016
0.259286641770706
0.22542283534312124
0.17809227260723412
0.1267810994967343
0.08034964020098566
0.044438653101596684
0.020790156401329543
0.007870052131973511
0.0022923332925486356
0.0004994469470153127
7.779411683769179e-5
5.861657121441345e-6
-1.1110266586624996e-7
0.21584842733013265
0.20557320790588782
0.17809227260723412
0.13967332619637976
0.09839849818165086
0.06145245178241866
0.03331031492591004
0.015161696404552517
0.005516328992916691
0.0015044486339724475
0.0002938564254001153
3.819029387868831e-5
1.8971583164542155e-6
0.15488492312360308
0.14725697886312153
0.1267810994967343
0.09839849818165086
0.06817666444828879
0.041530070192286876
0.021725369656819093
0.009401495170737137
0.0031697871760036633
0.00076384723654651
0.00011928785489194219
9.996972951291722e-6
0.09917340761913826
0.09403474862680378
0.08034964020098566
0.06145245178241866
0.041530070192286876
0.024338788728571804
0.012023685246885917
0.004775207274984983
0.0014060418856668814
0.00026480417154752336
2.4697251690055395e-5
0.05545576694812014
0.052490409856057706
0.044438653101596684
0.03331031492591004
0.021725369656819093
0.012023685246885917
0.0054322247795631435
0.00187423544874776
0.0004302403318171461
4.7028312218523134e-5
0.026330315970916618
0.024848390555696598
0.020790156401329543
0.015161696404552517
0.009401495170737137
0.004775207274984983
0.00187423544874776
0.0005049793818487375
6.894650554893609e-5
0.010213332735706375
0.009586860340568161
0.007870052131973511
0.005516328992916691
0.0031697871760036633
0.0014060418856668814
0.0004302403318171461
6.894650554893609e-5
0.0031037675397049473
0.0028846105284663836
0.0022923332925486356
0.0015044486339724475
0.00076384723654651
0.00026480417154752336
4.7028312218523134e-5
0.0007274657947501208
0.000663604149328892
0.0004994469470153127
0.0002938564254001153
0.00011928785489194219
2.4697251690055395e-5
0.00012890313283641907
0.00011295085925597034
7.779411683769179e-5
3.819029387868831e-5
9.996972951291722e-6
1.4186565225018024e-5
1.0592707755911127e-5
5.861657121441345e-6
1.8971583164542155e-6
9.462508051029664e-7
1.4710584896204565e-7
-1.1110266586624996e-7
2.3001408747888128e-7
8.544585601769351e-9
2.216072406090392e-8
0.194426292033908
0.18524124796271746
0.16057413260182218
0.12607884314962411
0.08888901059938956
0.05545576694812014
0.029891305471446278
0.013410482171119611
0.004772241054789887
0.0012789923735065472
0.00025945848589201386
4.1580735552739416e-5
4.716875060483301e-6
5.384794351554353e-7
7.410108765405753e-8
0.18524124796271746
0.1764666866369932
0.15288092958091726
0.11991185797363851
0.08438678649652162
0.052490409856057706
0.02816578702538622
0.012582686725364086
0.004444515861195745
0.0011715899321780947
0.0002280593771734852
3.3488125879071105e-5
2.925763434753639e-6
9.530142743722756e-8
0.16057413260182218
0.15288092958091726
0.13220000995484138
0.10329180045419457
0.07220301322860463
0.044438653101596684
0.023526610747214436
0.010325789848775354
0.0035544299315101954
0.0008915461758433129
0.00015589502331904862
1.8439365846139733e-5
9.37018614558984e-7
0.12607884314962411
0.11991185797363851
0.10329180045419457
0.0800638131599708
0.05519337362138541
0.03331031492591004
0.017164013242004703
0.0072511484390595845
0.002353084175492466
0.0005318171721267913
7.513380131574344e-5
5.3304319665112665e-6
0.08888901059938956
0.08438678649652162
0.07220301322860463
0.05519337362138541
0.0372201567888504
0.021725369656819093
0.010661713389832437
0.00419002452776548
0.001211167848105343
0.00021965838916762582
1.8923452952757385e-5
0.05545576694812014
0.052490409856057706
0.044438653101596684
0.03331031492591004
0.021725369656819093
0.012023685246885917
0.0054322247795631435
0.00187423544874776
0.0004302403318171461
4.7028312218523134e-5
0.029891305471446278
0.02816578702538622
0.023526610747214436
0.017164013242004703
0.010661713389832437
0.0054322247795631435
0.00214226518070237
0.0005804254328865926
8.004122862799273e-5
0.013410482171119611
0.012582686725364086
0.010325789848775354
0.0072511484390595845
0.00419002452776548
0.00187423544874776
0.0005804254328865926
9.514197791401382e-5
0.004772241054789887
0.004444515861195745
0.0035544299315101954
0.002353084175492466
0.001211167848105343
0.0004302403318171461
8.004122862799273e-5
0.0012789923735065472
0.0011715899321780947
0.0008915461758433129
0.0005318171721267913
0.00021965838916762582
4.7028312218523134e-5
0.00025945848589201386
0.0002280593771734852
0.00015589502331904862
7.513380131574344e-5
1.8923452952757385e-5
4.1580735552739416e-5
3.3488125879071105e-5
1.8439365846139733e-5
5.3304319665112665e-6
4.716875060483301e-6
2.925763434753639e-6
9.37018614558984e-7
5.384794351554353e-7
9.530142743722756e-8
7.410108765405753e-8
0.10034089457104946
0.09551352037931461
0.08230678091459741
0.06373896753293858
0.04385176544979924
0.026330315970916618
0.013410482171119611
0.005537349767680062
0.0017301739781461485
0.00038011398277594223
6.143124733914202e-5
9.258701881715514e-6
1.3098011108994977e-6
1.1862471352409073e-7
0.09551352037931461
0.09088861347740208
0.0782546290399898
0.06051111144508853
0.04153402148338738
0.024848390555696598
0.012582686725364086
0.005148034337050032
0.0015889185843905686
0.00033735898582081626
4.9536090680469584e-5
6.0889299969499706e-6
5.423089706083551e-7
0.08230678091459741
0.0782546290399898
0.06719697160202223
0.05170712720988465
0.03520247272766721
0.020790156401329543
0.010325789848775354
0.004114440254700165
0.0012173280618098035
0.0002364458153282317
2.7179460801586804e-5
1.8430414278868276e-6
0.06373896753293858
0.06051111144508853
0.05170712720988465
0.03939964080055962
0.026371062399170465
0.015161696404552517
0.0072511484390595845
0.002732540918450718
0.0007366040030567895
0.00011751367293418049
7.659271799586609e-6
0.04385176544979924
0.04153402148338738
0.03520247272766721
0.026371062399170465
0.017126362722683447
0.009401495170737137
0.00419002452776548
0.0014130328550633192
0.00031179640760460386
3.0889594483210524e-5
0.026330315970916618
0.024848390555696598
0.020790156401329543
0.015161696404552517
0.009401495170737137
0.004775207274984983
0.00187423544874776
0.0005049793818487375
6.894650554893609e-5
0.013410482171119611
0.012582686725364086
0.010325789848775354
0.0072511484390595845
0.00419002452776548
0.00187423544874776
0.0005804254328865926
9.514197791401382e-5
0.005537349767680062
0.005148034337050032
0.004114440254700165
0.002732540918450718
0.0014130328550633192
0.0005049793818487375
9.514197791401382e-5
0.0017301739781461485
0.0015889185843905686
0.0012173280618098035
0.0007366040030567895
0.00031179640760460386
6.894650554893609e-5
0.00038011398277594223
0.00033735898582081626
0.0002364458153282317
0.00011751367293418049
3.0889594483210524e-5
6.143124733914202e-5
4.9536090680469584e-5
2.7179460801586804e-5
7.659271799586609e-6
9.258701881715514e-6
6.0889299969499706e-6
1.8430414278868276e-6
1.3098011108994977e-6
5.423089706083551e-7
1.1862471352409073e-7
0.043353609971171915
0.041261598059509096
0.03535665328484069
0.02694248514199777
0.017956088170921262
0.010213332735706375
0.004772241054789887
0.0017301739781461485
0.00044955648985340707
7.648614205789374e-5
1.1078514827977864e-5
2.0719007679991736e-6
1.2012490239426984e-7
0.041261598059509096
0.03924834403267267
0.03357993718124218
0.025523552213788655
0.016946838224231618
0.009586860340568161
0.004444515861195745
0.0015889185843905686
0.0003972979092901307
6.182537674457985e-5
7.05664426026336e-6
9.348263306235438e-7
0.03535665328484069
0.03357993718124218
0.028605281676727164
0.021579442761769284
0.014160121076383496
0.007870052131973511
0.0035544299315101954
0.0012173280618098035
0.00027980637396011527
3.3937739707494134e-5
1.9358059856471554e-6
0.02694248514199777
0.025523552213788655
0.021579442761769284
0.016055810938639944
0.010294589438032603
0.005516328992916691
0.002353084175492466
0.0007366040030567895
0.00014254949978702777
9.9628765619787e-6
0.017956088170921262
0.016946838224231618
0.014160121076383496
0.010294589438032603
0.006336756471658441
0.0031697871760036633
0.001211167848105343
0.00031179640760460386
3.874409082890209e-5
0.010213332735706375
0.009586860340568161
0.007870052131973511
0.005516328992916691
0.0031697871760036633
0.0014060418856668814
0.0004302403318171461
6.894650554893609e-5
0.004772241054789887
0.004444515861195745
0.0035544299315101954
0.002353084175492466
0.001211167848105343
0.0004302403318171461
8.004122862799273e-5
0.0017301739781461485
0.0015889185843905686
0.0012173280618098035
0.0007366040030567895
0.00031179640760460386
6.894650554893609e-5
0.00044955648985340707
0.0003972979092901307
0.00027980637396011527
0.00014254949978702777
3.874409082890209e-5
7.648614205789374e-5
6.182537674457985e-5
3.3937739707494134e-5
9.9628765619787e-6
1.1078514827977864e-5
7.05664426026336e-6
1.9358059856471554e-6
2.0719007679991736e-6
9.348263306235438e-7
1.2012490239426984e-7
0.014975499063102424
0.014274894742834244
0.012188825180731345
0.009138214106017645
0.005865665845280097
0.0031037675397049473
0.0012789923735065472
0.00038011398277594223
7.648614205789374e-5
1.345546003437896e-5
3.0210899152860266e-6
1.8049139013789433e-7
0.014274894742834244
0.013594213073234681
0.011574637978254304
0.008637137688463158
0.005504656218232868
0.0028846105284663836
0.0011715899321780947
0.00033735898582081626
6.182537674457985e-5
7.764388514284858e-6
1.4697720172413548e-6
0.012188825180731345
0.011574637978254304
0.009782067321730535
0.007206355776632496
0.004502301278991292
0.0022923332925486356
0.0008915461758433129
0.0002364458153282317
3.3937739707494134e-5
1.7037356210029172e-6
0.009138214106017645
0.008637137688463158
0.007206355776632496
0.005192654207824337
0.0031309770901617948
0.0015044486339724475
0.0005318171721267913
0.00011751367293418049
9.9628765619787e-6
0.005865665845280097
0.005504656218232868
0.004502301278991292
0.0031309770901617948
0.0017737088425652477
0.00076384723654651
0.00021965838916762582
3.0889594483210524e-5
0.0031037675397049473
0.0028846105284663836
0.0022923332925486356
0.0015044486339724475
0.00076384723654651
0.00026480417154752336
4.7028312218523134e-5
0.0012789923735065472
0.0011715899321780947
0.0008915461758433129
0.0005318171721267913
0.00021965838916762582
4.7028312218523134e-5
0.00038011398277594223
0.00033735898582081626
0.0002364458153282317
0.00011751367293418049
3.0889594483210524e-5
7.648614205789374e-5
6.182537674457985e-5
3.3937739707494134e-5
9.9628765619787e-6
1.345546003437896e-5
7.764388514284858e-6
1.7037356210029172e-6
3.0210899152860266e-6
1.4697720172413548e-6
1.8049139013789433e-7
0.003965089583625715
0.003796347967667558
0.0032433982427694753
0.002402454921679612
0.0014867607255715915
0.0007274657947501208
0.00025945848589201386
6.143124733914202e-5
1.1078514827977864e-5
3.0210899152860266e-6
4.5425067681171225e-7
0.003796347967667558
0.003626391135304201
0.003082345299080229
0.0022634599597973156
0.0013831159825633248
0.000663604149328892
0.0002280593771734852
4.9536090680469584e-5
7.05664426026336e-6
1.4697720172413548e-6
0.0032433982427694753
0.003082345299080229
0.0025858820563784937
0.0018589828677306251
0.0010986407277830783
0.0004994469470153127
0.00015589502331904862
2.7179460801586804e-5
1.9358059856471554e-6
0.002402454921679612
0.0022634599597973156
0.0018589828677306251
0.001289620932675986
0.0007172814255666893
0.0002938564254001153
7.513380131574344e-5
7.659271799586609e-6
0.0014867607255715915
0.0013831159825633248
0.0010986407277830783
0.0007172814255666893
0.0003586542603066507
0.00011928785489194219
1.8923452952757385e-5
0.0007274657947501208
0.000663604149328892
0.0004994469470153127
0.0002938564254001153
0.00011928785489194219
2.4697251690055395e-5
0.00025945848589201386
0.0002280593771734852
0.00015589502331904862
7.513380131574344e-5
1.8923452952757385e-5
6.143124733914202e-5
4.9536090680469584e-5
2.7179460801586804e-5
7.659271799586609e-6
1.1078514827977864e-5
7.05664426026336e-6
1.9358059856471554e-6
3.0210899152860266e-6
1.4697720172413548e-6
4.5425067681171225e-7
0.0007686530225607617
0.0007398358436545498
0.0006331369868145196
0.0004645899813124073
0.00027952153943830736
0.00012890313283641907
4.1580735552739416e-5
9.258701881715514e-6
2.0719007679991736e-6
1.8049139013789433e-7
0.0007398358436545498
0.0007084929861136764
0.0005987995011937448
0.00043271139090646
0.00025482306833083583
0.00011295085925597034
3.3488125879071105e-5
6.0889299969499706e-6
9.348263306235438e-7
0.0006331369868145196
0.0005987995011937448
0.0004938860130886336
0.00034560924715850474
0.0001936925258497079
7.779411683769179e-5
1.8439365846139733e-5
1.8430414278868276e-6
0.0004645899813124073
0.00043271139090646
0.00034560924715850474
0.0002291301027305497
0.00011640253363915005
3.819029387868831e-5
5.3304319665112665e-6
0.00027952153943830736
0.00025482306833083583
0.0001936925258497079
0.00011640253363915005
4.8045553337656855e-5
9.996972951291722e-6
0.00012890313283641907
0.00011295085925597034
7.779411683769179e-5
3.819029387868831e-5
9.996972951291722e-6
4.1580735552739416e-5
3.3488125879071105e-5
1.8439365846139733e-5
5.3304319665112665e-6
9.258701881715514e-6
6.0889299969499706e-6
1.8430414278868276e-6
2.0719007679991736e-6
9.348263306235438e-7
1.8049139013789433e-7
9.7886447129053e-5
9.219774693778605e-5
7.472538684470601e-5
5.225876585360435e-5
3.081653775455793e-5
1.4186565225018024e-5
4.716875060483301e-6
1.3098011108994977e-6
1.2012490239426984e-7
9.219774693778605e-5
8.511993679469737e-5
6.612040906689074e-5
4.439134481988205e-5
2.5050503352810922e-5
1.0592707755911127e-5
2.925763434753639e-6
5.423089706083551e-7
7.472538684470601e-5
6.612040906689074e-5
4.78137613206137e-5
3.0309107582500302e-5
1.6117452116668504e-5
5.861657121441345e-6
9.37018614558984e-7
5.225876585360435e-5
4.439134481988205e-5
3.0309107582500302e-5
1.792730134325282e-5
8.191707625909837e-6
1.8971583164542155e-6
3.081653775455793e-5
2.5050503352810922e-5
1.6117452116668504e-5
8.191707625909837e-6
2.4415326243202534e-6
1.4186565225018024e-5
1.0592707755911127e-5
5.861657121441345e-6
1.8971583164542155e-6
4.716875060483301e-6
2.925763434753639e-6
9.37018614558984e-7
1.3098011108994977e-6
5.423089706083551e-7
1.2012490239426984e-7
1.1636066964064243e-5
8.61265790141566e-6
3.359952091791218e-6
8.647080550411608e-7
9.037311955777678e-7
9.462508051029664e-7
5.384794351554353e-7
1.1862471352409073e-7
8.61265790141566e-6
5.105742210492335e-6
-6.529338095646598e-8
-1.8459517805762185e-6
-7.523977691481965e-7
1.4710584896204565e-7
9.530142743722756e-8
3.359952091791218e-6
-6.529338095646598e-8
-4.1625919040391855e-6
-3.945681241409887e-6
-1.4444752199289464e-6
-1.1110266586624996e-7
8.647080550411608e-7
-1.8459517805762185e-6
-3.945681241409887e-6
-2.7196377445226586e-6
-6.809616796482594e-7
9.037311955777678e-7
-7.523977691481965e-7
-1.4444752199289464e-6
-6.809616796482594e-7
9.462508051029664e-7
1.4710584896204565e-7
-1.1110266586624996e-7
5.384794351554353e-7
9.530142743722756e-8
1.1862471352409073e-7
-8.547481814350126e-8
-7.898384858491697e-7
-1.544908834923489e-6
-1.3340698092152395e-6
-2.9945974937374286e-7
2.3001408747888128e-7
7.410108765405753e-8
-7.898384858491697e-7
-1.5659591904073444e-6
-2.459346201136705e-6
-1.8974959392749882e-6
-5.772104368823406e-7
8.544585601769351e-9
-1.544908834923489e-6
-2.459346201136705e-6
-2.8817613197099784e-6
-1.7652848645151648e-6
-3.5220686369264674e-7
-1.3340698092152395e-6
-1.8974959392749882e-6
-1.7652848645151648e-6
-7.153987266163274e-7
-2.9945974937374286e-7
-5.772104368823406e-7
-3.5220686369264674e-7
2.3001408747888128e-7
8.544585601769351e-9
7.410108765405753e-8
-2.241344443488339e-6
-1.808411495137458e-6
-1.1993568593672407e-6
-6.013139205547615e-7
-1.1598140334950828e-7
2.216072406090392e-8
-1.808411495137458e-6
-1.610793002558367e-6
-1.0954734622135379e-6
-5.261444836367335e-7
-1.0161730826673988e-7
-1.1993568593672407e-6
-1.0954734622135379e-6
-6.826369182682294e-7
-2.1373797809821726e-7
-6.013139205547615e-7
-5.261444836367335e-7
-2.1373797809821726e-7
-1.1598140334950828e-7
-1.0161730826673988e-7
2.216072406090392e-8
-5.236714561536719e-7
-4.168809799091916e-7
-2.084981907802678e-7
-1.0227405989444115e-7
-2.3594580094451707e-8
-4.168809799091916e-7
-3.1000171555239145e-7
-1.736523683032278e-7
-5.820044380077063e-8
-2.084981907802678e-7
-1.736523683032278e-7
-6.698967217341546e-8
-1.0227405989444115e-7
-5.820044380077063e-8
-2.3594580094451707e-8
8.890550168707914e-10
4.923694806991422e-8
6.225447196464663e-9
3.942069201787844e-9
4.923694806991422e-8
1.9087832214200317e-8
2.8709285090177887e-9
6.225447196464663e-9
2.8709285090177887e-9
3.942069201787844e-9
2.6741462054152143e-8
1.1797749333154213e-8
5.169021849178445e-9
1.1797749333154213e-8
1.3031272594711902e-8
5.169021849178445e-9
-3.4268504056248163e-9
2.2472818704607425e-9
2.2472818704607425e-9
-1.1831010579218335e-12
