1.0
0.7842127565754407
0.3974170877476667
0.11318703165868928
0.010890632240580083
0.0003687022334537867
4.507639865395433e-7
-4.717785489280853e-10
0.7842127565754407
0.6231194617690703
0.31299015120757173
0.08701893336654287
0.008267940280118203
0.0003296375859347571
-2.2664490269728167e-7
0.3974170877476667
0.31299015120757173
0.15049630454824917
0.03653319239813488
0.002577940586883829
1.1253403985890902e-5
0.11318703165868928
0.08701893336654287
0.03653319239813488
0.006111372691039305
7.059704604715993e-5
0.010890632240580083
0.008267940280118203
0.002577940586883829
7.059704604715993e-5
0.0003687022334537867
0.0003296375859347571
1.1253403985890902e-5
4.507639865395433e-7
-2.2664490269728167e-7
-4.717785489280853e-10
0.7842127565754407
0.6231194617690703
0.31299015120757173
0.08701893336654287
0.008267940280118203
0.0003296375859347571
-2.2664490269728167e-7
0.6231194617690703
0.49229252449149563
0.2457706560794226
0.06614124891143097
0.005879489598682392
0.00022521211693749584
0.31299015120757173
0.2457706560794226
0.11535213293958857
0.026482284360249294
0.0014617442479733197
0.08701893336654287
0.06614124891143097
0.026482284360249294
0.003609260717870191
0.008267940280118203
0.005879489598682392
0.0014617442479733197
0.0003296375859347571
0.00022521211693749584
-2.2664490269728167e-7
0.3974170877476667
0.31299015120757173
0.15049630454824917
0.03653319239813488
0.002577940586883829
1.1253403985890902e-5
0.31299015120757173
0.2457706560794226
0.11535213293958857
0.026482284360249294
0.0014617442479733197
0.15049630454824917
0.11535213293958857
0.04890768561768982
0.008315548007677356
0.03653319239813488
0.026482284360249294
0.008315548007677356
0.002577940586883829
0.0014617442479733197
1.1253403985890902e-5
0.11318703165868928
0.08701893336654287
0.03653319239813488
0.006111372691039305
7.059704604715993e-5
0.08701893336654287
0.06614124891143097
0.026482284360249294
0.003609260717870191
0.03653319239813488
0.026482284360249294
0.008315548007677356
0.006111372691039305
0.003609260717870191
7.059704604715993e-5
0.010890632240580083
0.008267940280118203
0.002577940586883829
7.059704604715993e-5
0.008267940280118203
0.005879489598682392
0.0014617442479733197
0.002577940586883829
0.0014617442479733197
7.059704604715993e-5
0.0003687022334537867
0.0003296375859347571
1.1253403985890902e-5
0.0003296375859347571
0.00022521211693749584
1.1253403985890902e-5
4.507639865395433e-7
-2.2664490269728167e-7
-2.2664490269728167e-7
-4.717785489280853e-10
