1.0
0.8179629086527331
0.4677413596527696
0.17167747402804384
0.029388699952547448
0.0012649407915913808
7.492318211759297e-5
1.9987643756928783e-7
-2.7510230223546173e-10
0.8179629086527331
0.6759268012277744
0.38511632659644845
0.13950758472843736
0.023695021383122156
0.0010884791622241077
3.7228134273233506e-5
-2.1463892898736817e-7
0.4677413596527696
0.38511632659644845
0.21521308575442916
0.07255524166592635
0.010730826351947737
0.0004076689340525699
7.822209167537068e-6
0.17167747402804384
0.13950758472843736
0.07255524166592635
0.02069091689054222
0.0017708318881711456
1.9805629458211666e-5
0.029388699952547448
0.023695021383122156
0.010730826351947737
0.0017708318881711456
4.1642284974112395e-5
0.0012649407915913808
0.0010884791622241077
0.0004076689340525699
1.9805629458211666e-5
7.492318211759297e-5
3.7228134273233506e-5
7.822209167537068e-6
1.9987643756928783e-7
-2.1463892898736817e-7
-2.7510230223546173e-10
0.8179629086527331
0.6759268012277744
0.38511632659644845
0.13950758472843736
0.023695021383122156
0.0010884791622241077
3.7228134273233506e-5
-2.1463892898736817e-7
0.6759268012277744
0.5564073829834596
0.31648440478774437
0.11284265903223042
0.018768702054785275
0.0008238559192743616
1.8578166678505227e-5
0.38511632659644845
0.31648440478774437
0.1744153434682536
0.057846293110207524
0.007910232457293033
0.000247602821227408
0.13950758472843736
0.11284265903223042
0.057846293110207524
0.01555591517191842
0.001033789867443364
0.023695021383122156
0.018768702054785275
0.007910232457293033
0.001033789867443364
0.0010884791622241077
0.0008238559192743616
0.000247602821227408
3.7228134273233506e-5
1.8578166678505227e-5
-2.1463892898736817e-7
0.4677413596527696
0.38511632659644845
0.21521308575442916
0.07255524166592635
0.010730826351947737
0.0004076689340525699
7.822209167537068e-6
0.38511632659644845
0.31648440478774437
0.1744153434682536
0.057846293110207524
0.007910232457293033
0.000247602821227408
0.21521308575442916
0.1744153434682536
0.09177581330303947
0.0268808972894952
0.0026420613723154985
0.07255524166592635
0.057846293110207524
0.0268808972894952
0.005456593096471112
0.010730826351947737
0.007910232457293033
0.0026420613723154985
0.0004076689340525699
0.000247602821227408
7.822209167537068e-6
0.17167747402804384
0.13950758472843736
0.07255524166592635
0.02069091689054222
0.0017708318881711456
1.9805629458211666e-5
0.13950758472843736
0.11284265903223042
0.057846293110207524
0.01555591517191842
0.001033789867443364
0.07255524166592635
0.057846293110207524
0.0268808972894952
0.005456593096471112
0.02069091689054222
0.01555591517191842
0.005456593096471112
0.0017708318881711456
0.001033789867443364
1.9805629458211666e-5
0.029388699952547448
0.023695021383122156
0.010730826351947737
0.0017708318881711456
4.1642284974112395e-5
0.023695021383122156
0.018768702054785275
0.007910232457293033
0.001033789867443364
0.010730826351947737
0.007910232457293033
0.0026420613723154985
0.0017708318881711456
0.001033789867443364
4.1642284974112395e-5
0.0012649407915913808
0.0010884791622241077
0.0004076689340525699
1.9805629458211666e-5
0.0010884791622241077
0.0008238559192743616
0.000247602821227408
0.0004076689340525699
0.000247602821227408
1.9805629458211666e-5
7.492318211759297e-5
3.7228134273233506e-5
7.822209167537068e-6
3.7228134273233506e-5
1.8578166678505227e-5
7.822209167537068e-6
1.9987643756928783e-7
-2.1463892898736817e-7
-2.1463892898736817e-7
-2.7510230223546173e-10
