1.0
0.6059059907410304
0.13771656328405757
0.002540217852095262
1.7496551035687697e-11
0.6059059907410304
0.37637276721016927
0.07908104877950135
0.0007218224864466845
0.13771656328405757
0.07908104877950135
0.005761155581363714
0.002540217852095262
0.0007218224864466845
1.7496551035687697e-11
0.6059059907410304
0.37637276721016927
0.07908104877950135
0.0007218224864466845
0.37637276721016927
0.2246416670521878
0.039635032998509956
0.07908104877950135
0.039635032998509956
0.0007218224864466845
0.13771656328405757
0.07908104877950135
0.005761155581363714
0.07908104877950135
0.039635032998509956
0.005761155581363714
0.002540217852095262
0.0007218224864466845
0.0007218224864466845
1.7496551035687697e-11
