1.0
0.9070928732733383
0.69294227194163
0.4428019319383659
0.2291992129224162
0.08955729024232768
0.023155332550360716
0.0033516266151353944
0.00022252501018764936
2.7491360979532813e-5
-1.484045940239016e-6
2.424094623507087e-7
5.2946900317819526e-8
-3.56107885981477e-11
0.9070928732733383
0.8261910323107176
0.6316911338725024
0.4030563691245287
0.2079423174375553
0.0809981297069458
0.02097315361775363
0.003080105629874958
0.00021304828435192278
2.1955175914658185e-5
-6.74891675138411e-7
2.3580549573880316e-7
3.6603743653393826e-8
0.69294227194163
0.6316911338725024
0.4837830249603693
0.30641436739824846
0.15568511461295478
0.059288509454132596
0.014979583702249208
0.0021765227852633302
0.00014820005170608714
1.1529435280792966e-5
-2.998669567836703e-8
1.958485534270572e-8
0.4428019319383659
0.4030563691245287
0.30641436739824846
0.19137055148713916
0.09414748747380394
0.03394703697161869
0.007895915025447009
0.0010490117363121955
6.553145725520437e-5
5.798248366973961e-6
4.06781963239511e-7
0.2291992129224162
0.2079423174375553
0.15568511461295478
0.09414748747380394
0.0438581135084194
0.014281105565467385
0.0027487309837701647
0.0002783042567291387
1.5034797068588427e-5
1.7591155675520927e-6
0.08955729024232768
0.0809981297069458
0.059288509454132596
0.03394703697161869
0.014281105565467385
0.003874561554566074
0.0005060535173953609
2.7133376012389234e-5
3.434395598536687e-6
0.023155332550360716
0.02097315361775363
0.014979583702249208
0.007895915025447009
0.0027487309837701647
0.0005060535173953609
3.479654026448572e-5
4.168944538972094e-6
0.0033516266151353944
0.003080105629874958
0.0021765227852633302
0.0010490117363121955
0.0002783042567291387
2.7133376012389234e-5
4.168944538972094e-6
0.00022252501018764936
0.00021304828435192278
0.00014820005170608714
6.553145725520437e-5
1.5034797068588427e-5
3.434395598536687e-6
2.7491360979532813e-5
2.1955175914658185e-5
1.1529435280792966e-5
5.798248366973961e-6
1.7591155675520927e-6
-1.484045940239016e-6
-6.74891675138411e-7
-2.998669567836703e-8
4.06781963239511e-7
2.424094623507087e-7
2.3580549573880316e-7
1.958485534270572e-8
5.2946900317819526e-8
3.6603743653393826e-8
-3.56107885981477e-11
0.9070928732733383
0.8261910323107176
0.6316911338725024
0.4030563691245287
0.2079423174375553
0.0809981297069458
0.02097315361775363
0.003080105629874958
0.00021304828435192278
2.1955175914658185e-5
-6.74891675138411e-7
2.3580549573880316e-7
3.6603743653393826e-8
0.8261910323107176
0.7516956152320118
0.5755454181225941
0.3667080099837927
0.18856508204127273
0.07314865913078435
0.018924262532629042
0.0028000320081924632
0.00019239105854969608
1.4481719217896003e-5
-8.63966387603144e-7
1.0881065685423196e-7
0.6316911338725024
0.5755454181225941
0.4395197795893407
0.27817974325763395
0.14083203534991226
0.05333029732992505
0.013372187654266208
0.0019240963874437493
0.00012148224352803785
5.067663778227947e-6
-6.671233696318079e-7
0.4030563691245287
0.3667080099837927
0.27817974325763395
0.17280663308014124
0.08468396167695759
0.030292115320644606
0.006913045620661458
0.0008800841968684405
4.775329070824723e-5
1.8368188265796456e-6
0.2079423174375553
0.18856508204127273
0.14083203534991226
0.08468396167695759
0.03902876585787588
0.012528485461886125
0.0023203091807616465
0.00020872846603569954
6.809280386004686e-6
0.0809981297069458
0.07314865913078435
0.05333029732992505
0.030292115320644606
0.012528485461886125
0.003275095683418319
0.0003887750657957088
1.2448238565923625e-5
0.02097315361775363
0.018924262532629042
0.013372187654266208
0.006913045620661458
0.0023203091807616465
0.0003887750657957088
1.350637582669309e-5
0.003080105629874958
0.0028000320081924632
0.0019240963874437493
0.0008800841968684405
0.00020872846603569954
1.2448238565923625e-5
0.00021304828435192278
0.00019239105854969608
0.00012148224352803785
4.775329070824723e-5
6.809280386004686e-6
2.1955175914658185e-5
1.4481719217896003e-5
5.067663778227947e-6
1.8368188265796456e-6
-6.74891675138411e-7
-8.63966387603144e-7
-6.671233696318079e-7
2.3580549573880316e-7
1.0881065685423196e-7
3.6603743653393826e-8
0.69294227194163
0.6316911338725024
0.4837830249603693
0.30641436739824846
0.15568511461295478
0.059288509454132596
0.014979583702249208
0.0021765227852633302
0.00014820005170608714
1.1529435280792966e-5
-2.998669567836703e-8
1.958485534270572e-8
0.6316911338725024
0.5755454181225941
0.4395197795893407
0.27817974325763395
0.14083203534991226
0.05333029732992505
0.013372187654266208
0.0019240963874437493
0.00012148224352803785
5.067663778227947e-6
-6.671233696318079e-7
0.4837830249603693
0.4395197795893407
0.33376712944495723
0.209054568288273
0.10414748868742034
0.03832956668308941
0.009169403689786155
0.001232812748446948
6.478216585356533e-5
-3.145149339977908e-7
0.30641436739824846
0.27817974325763395
0.209054568288273
0.1279067774479263
0.0611979993414985
0.021076146706549805
0.004464979799077241
0.0004879369913729912
1.7525423641145644e-5
0.15568511461295478
0.14083203534991226
0.10414748868742034
0.0611979993414985
0.027145610657006464
0.008177093373344964
0.0013186076685272293
7.750327227307359e-5
0.059288509454132596
0.05333029732992505
0.03832956668308941
0.021076146706549805
0.008177093373344964
0.0018902897891321499
0.00015134565193115592
0.014979583702249208
0.013372187654266208
0.009169403689786155
0.004464979799077241
0.0013186076685272293
0.00015134565193115592
0.0021765227852633302
0.0019240963874437493
0.001232812748446948
0.0004879369913729912
7.750327227307359e-5
0.00014820005170608714
0.00012148224352803785
6.478216585356533e-5
1.7525423641145644e-5
1.1529435280792966e-5
5.067663778227947e-6
-3.145149339977908e-7
-2.998669567836703e-8
-6.671233696318079e-7
1.958485534270572e-8
0.4428019319383659
0.4030563691245287
0.30641436739824846
0.19137055148713916
0.09414748747380394
0.03394703697161869
0.007895915025447009
0.0010490117363121955
6.553145725520437e-5
5.798248366973961e-6
4.06781963239511e-7
0.4030563691245287
0.3667080099837927
0.27817974325763395
0.17280663308014124
0.08468396167695759
0.030292115320644606
0.006913045620661458
0.0008800841968684405
4.775329070824723e-5
1.8368188265796456e-6
0.30641436739824846
0.27817974325763395
0.209054568288273
0.1279067774479263
0.0611979993414985
0.021076146706549805
0.004464979799077241
0.0004879369913729912
1.7525423641145644e-5
0.19137055148713916
0.17280663308014124
0.1279067774479263
0.07583849703045188
0.03429478972460685
0.010733497336024094
0.001881433278411024
0.00013479146164254742
0.09414748747380394
0.08468396167695759
0.0611979993414985
0.03429478972460685
0.013927270868151704
0.003549562225970664
0.0003793135601950731
0.03394703697161869
0.030292115320644606
0.021076146706549805
0.010733497336024094
0.003549562225970664
0.0005616385090527567
0.007895915025447009
0.006913045620661458
0.004464979799077241
0.001881433278411024
0.0003793135601950731
0.0010490117363121955
0.0008800841968684405
0.0004879369913729912
0.00013479146164254742
6.553145725520437e-5
4.775329070824723e-5
1.7525423641145644e-5
5.798248366973961e-6
1.8368188265796456e-6
4.06781963239511e-7
0.2291992129224162
0.2079423174375553
0.15568511461295478
0.09414748747380394
0.0438581135084194
0.014281105565467385
0.0027487309837701647
0.0002783042567291387
1.5034797068588427e-5
1.7591155675520927e-6
0.2079423174375553
0.18856508204127273
0.14083203534991226
0.08468396167695759
0.03902876585787588
0.012528485461886125
0.0023203091807616465
0.00020872846603569954
6.809280386004686e-6
0.15568511461295478
0.14083203534991226
0.10414748868742034
0.0611979993414985
0.027145610657006464
0.008177093373344964
0.0013186076685272293
7.750327227307359e-5
0.09414748747380394
0.08468396167695759
0.0611979993414985
0.03429478972460685
0.013927270868151704
0.003549562225970664
0.0003793135601950731
0.0438581135084194
0.03902876585787588
0.027145610657006464
0.013927270868151704
0.004683786248540631
0.00077232063378382
0.014281105565467385
0.012528485461886125
0.008177093373344964
0.003549562225970664
0.00077232063378382
0.0027487309837701647
0.0023203091807616465
0.0013186076685272293
0.0003793135601950731
0.0002783042567291387
0.00020872846603569954
7.750327227307359e-5
1.5034797068588427e-5
6.809280386004686e-6
1.7591155675520927e-6
0.08955729024232768
0.0809981297069458
0.059288509454132596
0.03394703697161869
0.014281105565467385
0.003874561554566074
0.0005060535173953609
2.7133376012389234e-5
3.434395598536687e-6
0.0809981297069458
0.07314865913078435
0.05333029732992505
0.030292115320644606
0.012528485461886125
0.003275095683418319
0.0003887750657957088
1.2448238565923625e-5
0.059288509454132596
0.05333029732992505
0.03832956668308941
0.021076146706549805
0.008177093373344964
0.0018902897891321499
0.00015134565193115592
0.03394703697161869
0.030292115320644606
0.021076146706549805
0.010733497336024094
0.003549562225970664
0.0005616385090527567
0.014281105565467385
0.012528485461886125
0.008177093373344964
0.003549562225970664
0.00077232063378382
0.003874561554566074
0.003275095683418319
0.0018902897891321499
0.0005616385090527567
0.0005060535173953609
0.0003887750657957088
0.00015134565193115592
2.7133376012389234e-5
1.2448238565923625e-5
3.434395598536687e-6
0.023155332550360716
0.02097315361775363
0.014979583702249208
0.007895915025447009
0.0027487309837701647
0.0005060535173953609
3.479654026448572e-5
4.168944538972094e-6
0.02097315361775363
0.018924262532629042
0.013372187654266208
0.006913045620661458
0.0023203091807616465
0.0003887750657957088
1.350637582669309e-5
0.014979583702249208
0.013372187654266208
0.009169403689786155
0.004464979799077241
0.0013186076685272293
0.00015134565193115592
0.007895915025447009
0.006913045620661458
0.004464979799077241
0.001881433278411024
0.0003793135601950731
0.0027487309837701647
0.0023203091807616465
0.0013186076685272293
0.0003793135601950731
0.0005060535173953609
0.0003887750657957088
0.00015134565193115592
3.479654026448572e-5
1.350637582669309e-5
4.168944538972094e-6
0.0033516266151353944
0.003080105629874958
0.0021765227852633302
0.0010490117363121955
0.0002783042567291387
2.7133376012389234e-5
4.168944538972094e-6
0.003080105629874958
0.0028000320081924632
0.0019240963874437493
0.0008800841968684405
0.00020872846603569954
1.2448238565923625e-5
0.0021765227852633302
0.0019240963874437493
0.001232812748446948
0.0004879369913729912
7.750327227307359e-5
0.0010490117363121955
0.0008800841968684405
0.0004879369913729912
0.00013479146164254742
0.0002783042567291387
0.00020872846603569954
7.750327227307359e-5
2.7133376012389234e-5
1.2448238565923625e-5
4.168944538972094e-6
0.00022252501018764936
0.00021304828435192278
0.00014820005170608714
6.553145725520437e-5
1.5034797068588427e-5
3.434395598536687e-6
0.00021304828435192278
0.00019239105854969608
0.00012148224352803785
4.775329070824723e-5
6.809280386004686e-6
0.00014820005170608714
0.00012148224352803785
6.478216585356533e-5
1.7525423641145644e-5
6.553145725520437e-5
4.775329070824723e-5
1.7525423641145644e-5
1.5034797068588427e-5
6.809280386004686e-6
3.434395598536687e-6
2.7491360979532813e-5
2.1955175914658185e-5
1.1529435280792966e-5
5.798248366973961e-6
1.7591155675520927e-6
2.1955175914658185e-5
1.4481719217896003e-5
5.067663778227947e-6
1.8368188265796456e-6
1.1529435280792966e-5
5.067663778227947e-6
-3.145149339977908e-7
5.798248366973961e-6
1.8368188265796456e-6
1.7591155675520927e-6
-1.484045940239016e-6
-6.74891675138411e-7
-2.998669567836703e-8
4.06781963239511e-7
-6.74891675138411e-7
-8.63966387603144e-7
-6.671233696318079e-7
-2.998669567836703e-8
-6.671233696318079e-7
4.06781963239511e-7
2.424094623507087e-7
2.3580549573880316e-7
1.958485534270572e-8
2.3580549573880316e-7
1.0881065685423196e-7
1.958485534270572e-8
5.2946900317819526e-8
3.6603743653393826e-8
3.6603743653393826e-8
-3.56107885981477e-11
