1.0
0.9252494889971092
0.7462278027569905
0.5237621900240627
0.3146062890126541
0.15600864389387864
0.05986081167208736
0.016069336754907185
0.002725247384220746
0.0002558786002033823
2.472541874239049e-5
-8.598377296237941e-7
-2.4834729034364787e-6
2.713701148922886e-7
1.4325983608385575e-8
-1.1204373333789394e-12
0.9252494889971092
0.8586754043967778
0.6932004716717879
0.4862392007489315
0.29151821277762474
0.1442222271560122
0.05525964846989099
0.014868811748867715
0.002549178351524083
0.0002434347961197679
1.9021646455058368e-5
-1.0689785285299653e-6
-1.7027495963143235e-6
1.8628981761781848e-7
9.934028137833438e-9
0.7462278027569905
0.6932004716717879
0.5609398711562396
0.39214544766884335
0.23319022843051426
0.11392440665600871
0.042993930789436405
0.011415661221388694
0.0019505940647125423
0.00018252151827142122
9.156195874116125e-6
-1.117322611546085e-6
-7.011500228731542e-7
9.088417149581324e-8
0.5237621900240627
0.4862392007489315
0.39214544766884335
0.2724350853186377
0.1593463804667412
0.07573268518857791
0.027461401293635203
0.006934030758797173
0.0011315472632397708
0.00010015563283788528
4.947460697310248e-6
2.2697491148051258e-7
-4.1013002732371585e-8
0.3146062890126541
0.29151821277762474
0.23319022843051426
0.1593463804667412
0.09078610836281722
0.04115971488392967
0.013818056176750615
0.003095534052725209
0.00044312795631495716
3.667077587001311e-5
3.1834887219542404e-6
4.806012491118972e-7
0.15600864389387864
0.1442222271560122
0.11392440665600871
0.07573268518857791
0.04115971488392967
0.017305417404208705
0.0050795041989846945
0.0008925985997341623
9.517915756947229e-5
8.152614542914596e-6
1.2663840631997367e-6
0.05986081167208736
0.05525964846989099
0.042993930789436405
0.027461401293635203
0.013818056176750615
0.0050795041989846945
0.001186450491118987
0.0001355131363169371
1.0682301184176954e-5
1.6481621882147453e-6
0.016069336754907185
0.014868811748867715
0.011415661221388694
0.006934030758797173
0.003095534052725209
0.0008925985997341623
0.0001355131363169371
1.3610591083584864e-5
2.167672121211352e-6
0.002725247384220746
0.002549178351524083
0.0019505940647125423
0.0011315472632397708
0.00044312795631495716
9.517915756947229e-5
1.0682301184176954e-5
2.167672121211352e-6
0.0002558786002033823
0.0002434347961197679
0.00018252151827142122
0.00010015563283788528
3.667077587001311e-5
8.152614542914596e-6
1.6481621882147453e-6
2.472541874239049e-5
1.9021646455058368e-5
9.156195874116125e-6
4.947460697310248e-6
3.1834887219542404e-6
1.2663840631997367e-6
-8.598377296237941e-7
-1.0689785285299653e-6
-1.117322611546085e-6
2.2697491148051258e-7
4.806012491118972e-7
-2.4834729034364787e-6
-1.7027495963143235e-6
-7.011500228731542e-7
-4.1013002732371585e-8
2.713701148922886e-7
1.8628981761781848e-7
9.088417149581324e-8
1.4325983608385575e-8
9.934028137833438e-9
-1.1204373333789394e-12
0.9252494889971092
0.8586754043967778
0.6932004716717879
0.4862392007489315
0.29151821277762474
0.1442222271560122
0.05525964846989099
0.014868811748867715
0.002549178351524083
0.0002434347961197679
1.9021646455058368e-5
-1.0689785285299653e-6
-1.7027495963143235e-6
1.8628981761781848e-7
9.934028137833438e-9
0.8586754043967778
0.796314212073887
0.643694055479755
0.45127381242297254
0.2700614898123856
0.1332475383654481
0.05094886679525416
0.013724030515268135
0.0023668657744921303
0.00022325955122369862
1.2448646969586425e-5
-1.7739871012209913e-6
-1.150166208345674e-6
1.1534409963548393e-7
0.6932004716717879
0.643694055479755
0.5199018063277898
0.3634577614556747
0.21574209734063077
0.10508081809418839
0.03950597756557387
0.010455423946114858
0.0017797061388435552
0.0001580079717962077
2.8220662064853372e-6
-1.722858818528733e-6
-4.1394670050250845e-7
0.4862392007489315
0.45127381242297254
0.3634577614556747
0.2516878652941435
0.14697770213056136
0.06960699348383034
0.025085953679303143
0.00626246481827273
0.0010020565415049224
8.150752262630698e-5
7.681363190795546e-7
-3.5088448776262945e-7
0.29151821277762474
0.2700614898123856
0.21574209734063077
0.14697770213056136
0.08327486381658072
0.037572081762699196
0.012493084083117409
0.002737469156052536
0.000371029307009401
2.577351144562398e-5
8.182350685055689e-7
0.1442222271560122
0.1332475383654481
0.10508081809418839
0.06960699348383034
0.037572081762699196
0.015610028495081446
0.004509457511490493
0.0007568808290002762
6.957435274910275e-5
3.414200548420724e-6
0.05525964846989099
0.05094886679525416
0.03950597756557387
0.025085953679303143
0.012493084083117409
0.004509457511490493
0.001007399843149285
9.966465188946225e-5
4.33547743428826e-6
0.014868811748867715
0.013724030515268135
0.010455423946114858
0.00626246481827273
0.002737469156052536
0.0007568808290002762
9.966465188946225e-5
4.458507496741523e-6
0.002549178351524083
0.0023668657744921303
0.0017797061388435552
0.0010020565415049224
0.000371029307009401
6.957435274910275e-5
4.33547743428826e-6
0.0002434347961197679
0.00022325955122369862
0.0001580079717962077
8.150752262630698e-5
2.577351144562398e-5
3.414200548420724e-6
1.9021646455058368e-5
1.2448646969586425e-5
2.8220662064853372e-6
7.681363190795546e-7
8.182350685055689e-7
-1.0689785285299653e-6
-1.7739871012209913e-6
-1.722858818528733e-6
-3.5088448776262945e-7
-1.7027495963143235e-6
-1.150166208345674e-6
-4.1394670050250845e-7
1.8628981761781848e-7
1.1534409963548393e-7
9.934028137833438e-9
0.7462278027569905
0.6932004716717879
0.5609398711562396
0.39214544766884335
0.23319022843051426
0.11392440665600871
0.042993930789436405
0.011415661221388694
0.0019505940647125423
0.00018252151827142122
9.156195874116125e-6
-1.117322611546085e-6
-7.011500228731542e-7
9.088417149581324e-8
0.6932004716717879
0.643694055479755
0.5199018063277898
0.3634577614556747
0.21574209734063077
0.10508081809418839
0.03950597756557387
0.010455423946114858
0.0017797061388435552
0.0001580079717962077
2.8220662064853372e-6
-1.722858818528733e-6
-4.1394670050250845e-7
0.5609398711562396
0.5199018063277898
0.4186280384755177
0.29109525588052354
0.17144773176140743
0.08234607814337884
0.030322306710168515
0.007799619475320958
0.0012824752109469202
0.00010173253175912212
-2.1981206135009818e-6
-1.2716653316802684e-6
0.39214544766884335
0.3634577614556747
0.29109525588052354
0.19997607869900302
0.1154301856263692
0.053795602002056735
0.018869874663195178
0.004495039748438528
0.0006685554042516539
4.618290403103574e-5
-1.1310978212672293e-6
0.23319022843051426
0.21574209734063077
0.17144773176140743
0.1154301856263692
0.0642844742175973
0.028297931952407367
0.009053537332877571
0.0018345136527458446
0.00021193176219887257
9.412041730538959e-6
0.11392440665600871
0.10508081809418839
0.08234607814337884
0.053795602002056735
0.028297931952407367
0.011305420188751556
0.0030584646568233595
0.00044478944091060925
2.5249806423065127e-5
0.042993930789436405
0.03950597756557387
0.030322306710168515
0.018869874663195178
0.009053537332877571
0.0030584646568233595
0.000603755677324703
3.630165646458598e-5
0.011415661221388694
0.010455423946114858
0.007799619475320958
0.004495039748438528
0.0018345136527458446
0.00044478944091060925
3.630165646458598e-5
0.0019505940647125423
0.0017797061388435552
0.0012824752109469202
0.0006685554042516539
0.00021193176219887257
2.5249806423065127e-5
0.00018252151827142122
0.0001580079717962077
0.00010173253175912212
4.618290403103574e-5
9.412041730538959e-6
9.156195874116125e-6
2.8220662064853372e-6
-2.1981206135009818e-6
-1.1310978212672293e-6
-1.117322611546085e-6
-1.722858818528733e-6
-1.2716653316802684e-6
-7.011500228731542e-7
-4.1394670050250845e-7
9.088417149581324e-8
0.5237621900240627
0.4862392007489315
0.39214544766884335
0.2724350853186377
0.1593463804667412
0.07573268518857791
0.027461401293635203
0.006934030758797173
0.0011315472632397708
0.00010015563283788528
4.947460697310248e-6
2.2697491148051258e-7
-4.1013002732371585e-8
0.4862392007489315
0.45127381242297254
0.3634577614556747
0.2516878652941435
0.14697770213056136
0.06960699348383034
0.025085953679303143
0.00626246481827273
0.0010020565415049224
8.150752262630698e-5
7.681363190795546e-7
-3.5088448776262945e-7
0.39214544766884335
0.3634577614556747
0.29109525588052354
0.19997607869900302
0.1154301856263692
0.053795602002056735
0.018869874663195178
0.004495039748438528
0.0006685554042516539
4.618290403103574e-5
-1.1310978212672293e-6
0.2724350853186377
0.2516878652941435
0.19997607869900302
0.13526276685246047
0.07607350061427126
0.034073819136060626
0.011233248271149746
0.0024010210816284515
0.00029718663610193107
1.3894815793259425e-5
0.1593463804667412
0.14697770213056136
0.1154301856263692
0.07607350061427126
0.040864486714053294
0.016985315922220048
0.004944748968200346
0.0008323712817197036
6.300717120051114e-5
0.07573268518857791
0.06960699348383034
0.053795602002056735
0.034073819136060626
0.016985315922220048
0.006199844970559318
0.0014227947889308237
0.0001348138428187394
0.027461401293635203
0.025085953679303143
0.018869874663195178
0.011233248271149746
0.004944748968200346
0.0014227947889308237
0.0001908892320634682
0.006934030758797173
0.00626246481827273
0.004495039748438528
0.0024010210816284515
0.0008323712817197036
0.0001348138428187394
0.0011315472632397708
0.0010020565415049224
0.0006685554042516539
0.00029718663610193107
6.300717120051114e-5
0.00010015563283788528
8.150752262630698e-5
4.618290403103574e-5
1.3894815793259425e-5
4.947460697310248e-6
7.681363190795546e-7
-1.1310978212672293e-6
2.2697491148051258e-7
-3.5088448776262945e-7
-4.1013002732371585e-8
0.3146062890126541
0.29151821277762474
0.23319022843051426
0.1593463804667412
0.09078610836281722
0.04115971488392967
0.013818056176750615
0.003095534052725209
0.00044312795631495716
3.667077587001311e-5
3.1834887219542404e-6
4.806012491118972e-7
0.29151821277762474
0.2700614898123856
0.21574209734063077
0.14697770213056136
0.08327486381658072
0.037572081762699196
0.012493084083117409
0.002737469156052536
0.000371029307009401
2.577351144562398e-5
8.182350685055689e-7
0.23319022843051426
0.21574209734063077
0.17144773176140743
0.1154301856263692
0.0642844742175973
0.028297931952407367
0.009053537332877571
0.0018345136527458446
0.00021193176219887257
9.412041730538959e-6
0.1593463804667412
0.14697770213056136
0.1154301856263692
0.07607350061427126
0.040864486714053294
0.016985315922220048
0.004944748968200346
0.0008323712817197036
6.300717120051114e-5
0.09078610836281722
0.08327486381658072
0.0642844742175973
0.040864486714053294
0.020552932699030184
0.007633651231106483
0.0018111090171220989
0.0001883977542776384
0.04115971488392967
0.037572081762699196
0.028297931952407367
0.016985315922220048
0.007633651231106483
0.0022891600659113126
0.00033700807741372004
0.013818056176750615
0.012493084083117409
0.009053537332877571
0.004944748968200346
0.0018111090171220989
0.00033700807741372004
0.003095534052725209
0.002737469156052536
0.0018345136527458446
0.0008323712817197036
0.0001883977542776384
0.00044312795631495716
0.000371029307009401
0.00021193176219887257
6.300717120051114e-5
3.667077587001311e-5
2.577351144562398e-5
9.412041730538959e-6
3.1834887219542404e-6
8.182350685055689e-7
4.806012491118972e-7
0.15600864389387864
0.1442222271560122
0.11392440665600871
0.07573268518857791
0.04115971488392967
0.017305417404208705
0.0050795041989846945
0.0008925985997341623
9.517915756947229e-5
8.152614542914596e-6
1.2663840631997367e-6
0.1442222271560122
0.1332475383654481
0.10508081809418839
0.06960699348383034
0.037572081762699196
0.015610028495081446
0.004509457511490493
0.0007568808290002762
6.957435274910275e-5
3.414200548420724e-6
0.11392440665600871
0.10508081809418839
0.08234607814337884
0.053795602002056735
0.028297931952407367
0.011305420188751556
0.0030584646568233595
0.00044478944091060925
2.5249806423065127e-5
0.07573268518857791
0.06960699348383034
0.053795602002056735
0.034073819136060626
0.016985315922220048
0.006199844970559318
0.0014227947889308237
0.0001348138428187394
0.04115971488392967
0.037572081762699196
0.028297931952407367
0.016985315922220048
0.007633651231106483
0.0022891600659113126
0.00033700807741372004
0.017305417404208705
0.015610028495081446
0.011305420188751556
0.006199844970559318
0.0022891600659113126
0.00043456365704752935
0.0050795041989846945
0.004509457511490493
0.0030584646568233595
0.0014227947889308237
0.00033700807741372004
0.0008925985997341623
0.0007568808290002762
0.00044478944091060925
0.0001348138428187394
9.517915756947229e-5
6.957435274910275e-5
2.5249806423065127e-5
8.152614542914596e-6
3.414200548420724e-6
1.2663840631997367e-6
0.05986081167208736
0.05525964846989099
0.042993930789436405
0.027461401293635203
0.013818056176750615
0.0050795041989846945
0.001186450491118987
0.0001355131363169371
1.0682301184176954e-5
1.6481621882147453e-6
0.05525964846989099
0.05094886679525416
0.03950597756557387
0.025085953679303143
0.012493084083117409
0.004509457511490493
0.001007399843149285
9.966465188946225e-5
4.33547743428826e-6
0.042993930789436405
0.03950597756557387
0.030322306710168515
0.018869874663195178
0.009053537332877571
0.0030584646568233595
0.000603755677324703
3.630165646458598e-5
0.027461401293635203
0.025085953679303143
0.018869874663195178
0.011233248271149746
0.004944748968200346
0.0014227947889308237
0.0001908892320634682
0.013818056176750615
0.012493084083117409
0.009053537332877571
0.004944748968200346
0.0018111090171220989
0.00033700807741372004
0.0050795041989846945
0.004509457511490493
0.0030584646568233595
0.0014227947889308237
0.00033700807741372004
0.001186450491118987
0.001007399843149285
0.000603755677324703
0.0001908892320634682
0.0001355131363169371
9.966465188946225e-5
3.630165646458598e-5
1.0682301184176954e-5
4.33547743428826e-6
1.6481621882147453e-6
0.016069336754907185
0.014868811748867715
0.011415661221388694
0.006934030758797173
0.003095534052725209
0.0008925985997341623
0.0001355131363169371
1.3610591083584864e-5
2.167672121211352e-6
0.014868811748867715
0.013724030515268135
0.010455423946114858
0.00626246481827273
0.002737469156052536
0.0007568808290002762
9.966465188946225e-5
4.458507496741523e-6
0.011415661221388694
0.010455423946114858
0.007799619475320958
0.004495039748438528
0.0018345136527458446
0.00044478944091060925
3.630165646458598e-5
0.006934030758797173
0.00626246481827273
0.004495039748438528
0.0024010210816284515
0.0008323712817197036
0.0001348138428187394
0.003095534052725209
0.002737469156052536
0.0018345136527458446
0.0008323712817197036
0.0001883977542776384
0.0008925985997341623
0.0007568808290002762
0.00044478944091060925
0.0001348138428187394
0.0001355131363169371
9.966465188946225e-5
3.630165646458598e-5
1.3610591083584864e-5
4.458507496741523e-6
2.167672121211352e-6
0.002725247384220746
0.002549178351524083
0.0019505940647125423
0.0011315472632397708
0.00044312795631495716
9.517915756947229e-5
1.0682301184176954e-5
2.167672121211352e-6
0.002549178351524083
0.0023668657744921303
0.0017797061388435552
0.0010020565415049224
0.000371029307009401
6.957435274910275e-5
4.33547743428826e-6
0.0019505940647125423
0.0017797061388435552
0.0012824752109469202
0.0006685554042516539
0.00021193176219887257
2.5249806423065127e-5
0.0011315472632397708
0.0010020565415049224
0.0006685554042516539
0.00029718663610193107
6.300717120051114e-5
0.00044312795631495716
0.000371029307009401
0.00021193176219887257
6.300717120051114e-5
9.517915756947229e-5
6.957435274910275e-5
2.5249806423065127e-5
1.0682301184176954e-5
4.33547743428826e-6
2.167672121211352e-6
0.0002558786002033823
0.0002434347961197679
0.00018252151827142122
0.00010015563283788528
3.667077587001311e-5
8.152614542914596e-6
1.6481621882147453e-6
0.0002434347961197679
0.00022325955122369862
0.0001580079717962077
8.150752262630698e-5
2.577351144562398e-5
3.414200548420724e-6
0.00018252151827142122
0.0001580079717962077
0.00010173253175912212
4.618290403103574e-5
9.412041730538959e-6
0.00010015563283788528
8.150752262630698e-5
4.618290403103574e-5
1.3894815793259425e-5
3.667077587001311e-5
2.577351144562398e-5
9.412041730538959e-6
8.152614542914596e-6
3.414200548420724e-6
1.6481621882147453e-6
2.472541874239049e-5
1.9021646455058368e-5
9.156195874116125e-6
4.947460697310248e-6
3.1834887219542404e-6
1.2663840631997367e-6
1.9021646455058368e-5
1.2448646969586425e-5
2.8220662064853372e-6
7.681363190795546e-7
8.182350685055689e-7
9.156195874116125e-6
2.8220662064853372e-6
-2.1981206135009818e-6
-1.1310978212672293e-6
4.947460697310248e-6
7.681363190795546e-7
-1.1310978212672293e-6
3.1834887219542404e-6
8.182350685055689e-7
1.2663840631997367e-6
-8.598377296237941e-7
-1.0689785285299653e-6
-1.117322611546085e-6
2.2697491148051258e-7
4.806012491118972e-7
-1.0689785285299653e-6
-1.7739871012209913e-6
-1.722858818528733e-6
-3.5088448776262945e-7
-1.117322611546085e-6
-1.722858818528733e-6
-1.2716653316802684e-6
2.2697491148051258e-7
-3.5088448776262945e-7
4.806012491118972e-7
-2.4834729034364787e-6
-1.7027495963143235e-6
-7.011500228731542e-7
-4.1013002732371585e-8
-1.7027495963143235e-6
-1.150166208345674e-6
-4.1394670050250845e-7
-7.011500228731542e-7
-4.1394670050250845e-7
-4.1013002732371585e-8
2.713701148922886e-7
1.8628981761781848e-7
9.088417149581324e-8
1.8628981761781848e-7
1.1534409963548393e-7
9.088417149581324e-8
1.4325983608385575e-8
9.934028137833438e-9
9.934028137833438e-9
-1.1204373333789394e-12
