1.0
0.9385773329305458
0.7871422105714099
0.590255089231663
0.3921242499428093
0.2261600729070532
0.10930008688149977
0.04184732072982876
0.011777245249577841
0.0022885530559996303
0.0002713984515204535
1.9909971968220114e-5
2.76017132532316e-7
-3.0997106031257304e-6
-2.415752414293326e-7
2.110451650731376e-7
2.9390722722996178e-9
-2.45219022073011e-11
0.9385773329305458
0.8829506600121502
0.7411637101570885
0.5556706534614128
0.3687467723411206
0.2123379246476741
0.10245366685867224
0.039213684672087745
0.011069320734460668
0.00216850383008259
0.00025842738387757343
1.549539813724961e-5
-1.0061169031566871e-6
-2.5029880697263534e-6
-2.1488493516214792e-7
1.858557850130989e-7
3.604854344323979e-9
0.7871422105714099
0.7411637101570885
0.6236525063928845
0.466905490500144
0.30841460470949333
0.17627099789329329
0.0842423442993033
0.03192420041125568
0.00895046573315712
0.0017557753545994661
0.00020711269687360905
7.384830603452631e-6
-2.1593882169760162e-6
-1.423162886512986e-6
-1.3116437776569117e-7
5.446436259276237e-8
0.590255089231663
0.5556706534614128
0.466905490500144
0.34863553929433955
0.22819830270173264
0.12841699620422084
0.060021121297709035
0.022108288747058325
0.006010322951291922
0.001152332200652335
0.00013252107258522863
3.507416684970635e-6
-1.0705756381788602e-6
-4.810248289971077e-7
-2.5622546862918178e-8
0.3921242499428093
0.3687467723411206
0.30841460470949333
0.22819830270173264
0.14730169406714663
0.08082216778147093
0.03631910136242469
0.012638067452041258
0.0031894579911435836
0.0005694491247287745
6.186153163265395e-5
2.5922775758367807e-6
3.926342975974498e-7
1.3140406016613222e-8
0.2261600729070532
0.2123379246476741
0.17627099789329329
0.12841699620422084
0.08082216778147093
0.042701380502972175
0.01803320948380264
0.005678961519905981
0.001228795235471656
0.00018735347645018873
1.8685800175048943e-5
1.4383788438329047e-6
3.069727525559692e-7
0.10930008688149977
0.10245366685867224
0.0842423442993033
0.060021121297709035
0.03631910136242469
0.01803320948380264
0.00691605616906907
0.0018463954237443673
0.0003008551849858171
3.479435958446817e-5
3.7267751762828554e-6
5.282520814097583e-7
0.04184732072982876
0.039213684672087745
0.03192420041125568
0.022108288747058325
0.012638067452041258
0.005678961519905981
0.0018463954237443673
0.0003792865151858534
4.162946564281149e-5
5.0256862637376215e-6
7.350771209056944e-7
0.011777245249577841
0.011069320734460668
0.00895046573315712
0.006010322951291922
0.0031894579911435836
0.001228795235471656
0.0003008551849858171
4.162946564281149e-5
6.928891134250892e-6
9.509720285313432e-7
0.0022885530559996303
0.00216850383008259
0.0017557753545994661
0.001152332200652335
0.0005694491247287745
0.00018735347645018873
3.479435958446817e-5
5.0256862637376215e-6
9.509720285313432e-7
0.0002713984515204535
0.00025842738387757343
0.00020711269687360905
0.00013252107258522863
6.186153163265395e-5
1.8685800175048943e-5
3.7267751762828554e-6
7.350771209056944e-7
1.9909971968220114e-5
1.549539813724961e-5
7.384830603452631e-6
3.507416684970635e-6
2.5922775758367807e-6
1.4383788438329047e-6
5.282520814097583e-7
2.76017132532316e-7
-1.0061169031566871e-6
-2.1593882169760162e-6
-1.0705756381788602e-6
3.926342975974498e-7
3.069727525559692e-7
-3.0997106031257304e-6
-2.5029880697263534e-6
-1.423162886512986e-6
-4.810248289971077e-7
1.3140406016613222e-8
-2.415752414293326e-7
-2.1488493516214792e-7
-1.3116437776569117e-7
-2.5622546862918178e-8
2.110451650731376e-7
1.858557850130989e-7
5.446436259276237e-8
2.9390722722996178e-9
3.604854344323979e-9
-2.45219022073011e-11
0.9385773329305458
0.8829506600121502
0.7411637101570885
0.5556706534614128
0.3687467723411206
0.2123379246476741
0.10245366685867224
0.039213684672087745
0.011069320734460668
0.00216850383008259
0.00025842738387757343
1.549539813724961e-5
-1.0061169031566871e-6
-2.5029880697263534e-6
-2.1488493516214792e-7
1.858557850130989e-7
3.604854344323979e-9
0.8829506600121502
0.8301997259577829
0.6976709256933142
0.5230075922912645
0.3467141322933074
0.19930371711486594
0.09599413210189484
0.036710752534991925
0.010381128613392653
0.0020444432219211507
0.0002420313731470531
9.926787830244753e-6
-2.4981806570866783e-6
-2.1399555638565647e-6
-1.4762442885171282e-7
9.768592255821104e-8
0.7411637101570885
0.6976709256933142
0.5862955056385734
0.43905945565462734
0.289751265157992
0.1653097262970815
0.07881778488943585
0.029804000726697588
0.008348070513449176
0.0016348016136881395
0.0001869257603773865
1.7375858520147475e-6
-3.6353027396242858e-6
-1.2100223130655443e-6
-5.456205646841465e-8
0.5556706534614128
0.5230075922912645
0.43905945565462734
0.32714606753376996
0.21399388572887204
0.1201996215490562
0.05601463626957104
0.02054379415249362
0.005549697081682697
0.001052396785060512
0.00011473041324413415
-4.82467647796493e-7
-1.8490604520889506e-6
-3.41197956099465e-7
0.3687467723411206
0.3467141322933074
0.289751265157992
0.21399388572887204
0.1376722496011263
0.07537933229809886
0.03374693451828786
0.011658736573443225
0.002897754545651399
0.0005038877382838469
5.035615973440408e-5
3.172936054648099e-7
-7.051367949602701e-8
0.2123379246476741
0.19930371711486594
0.1653097262970815
0.1201996215490562
0.07537933229809886
0.03959982805987014
0.0166274614538473
0.005176801396327111
0.0010909407790695958
0.00015530892566380396
1.2640544110913036e-5
2.758297518115039e-7
0.10245366685867224
0.09599413210189484
0.07881778488943585
0.05601463626957104
0.03374693451828786
0.0166274614538473
0.0062931354001025674
0.0016482079458822747
0.0002534204070236972
2.4196380394673514e-5
1.462871623435989e-6
0.039213684672087745
0.036710752534991925
0.029804000726697588
0.02054379415249362
0.011658736573443225
0.005176801396327111
0.0016482079458822747
0.0003192034528549204
2.8198962124015413e-5
2.015306446560391e-6
0.011069320734460668
0.010381128613392653
0.008348070513449176
0.005549697081682697
0.002897754545651399
0.0010909407790695958
0.0002534204070236972
2.8198962124015413e-5
2.353392306299489e-6
0.00216850383008259
0.0020444432219211507
0.0016348016136881395
0.001052396785060512
0.0005038877382838469
0.00015530892566380396
2.4196380394673514e-5
2.015306446560391e-6
0.00025842738387757343
0.0002420313731470531
0.0001869257603773865
0.00011473041324413415
5.035615973440408e-5
1.2640544110913036e-5
1.462871623435989e-6
1.549539813724961e-5
9.926787830244753e-6
1.7375858520147475e-6
-4.82467647796493e-7
3.172936054648099e-7
2.758297518115039e-7
-1.0061169031566871e-6
-2.4981806570866783e-6
-3.6353027396242858e-6
-1.8490604520889506e-6
-7.051367949602701e-8
-2.5029880697263534e-6
-2.1399555638565647e-6
-1.2100223130655443e-6
-3.41197956099465e-7
-2.1488493516214792e-7
-1.4762442885171282e-7
-5.456205646841465e-8
1.858557850130989e-7
9.768592255821104e-8
3.604854344323979e-9
0.7871422105714099
0.7411637101570885
0.6236525063928845
0.466905490500144
0.30841460470949333
0.17627099789329329
0.0842423442993033
0.03192420041125568
0.00895046573315712
0.0017557753545994661
0.00020711269687360905
7.384830603452631e-6
-2.1593882169760162e-6
-1.423162886512986e-6
-1.3116437776569117e-7
5.446436259276237e-8
0.7411637101570885
0.6976709256933142
0.5862955056385734
0.43905945565462734
0.289751265157992
0.1653097262970815
0.07881778488943585
0.029804000726697588
0.008348070513449176
0.0016348016136881395
0.0001869257603773865
1.7375858520147475e-6
-3.6353027396242858e-6
-1.2100223130655443e-6
-5.456205646841465e-8
0.6236525063928845
0.5862955056385734
0.4918169923469499
0.3672370176764029
0.2413781028586508
0.13664955392509742
0.06442341496089342
0.024006976185449565
0.0066123103065110775
0.0012709486446961626
0.00013570952835873548
-3.774792496755049e-6
-3.4440875417320095e-6
-5.184130999628607e-7
0.466905490500144
0.43905945565462734
0.3672370176764029
0.2723550289303315
0.17702772419779883
0.09863364214954451
0.045369113083359086
0.016312710652779335
0.00427847629701812
0.0007800527833609579
7.751342828635766e-5
-2.42648008896901e-6
-1.168049460421208e-6
0.30841460470949333
0.289751265157992
0.2413781028586508
0.17702772419779883
0.1128441313911616
0.06104073407061217
0.026887208895877486
0.00903638552851659
0.0021366986338659695
0.00034245728320667236
2.970932935363472e-5
-3.073738589418163e-7
0.17627099789329329
0.1653097262970815
0.13664955392509742
0.09863364214954451
0.06104073407061217
0.03149166492524284
0.012893469606428386
0.0038577095403945607
0.0007472203519748379
8.90593610839274e-5
4.6085323954496295e-6
0.0842423442993033
0.07881778488943585
0.06442341496089342
0.045369113083359086
0.026887208895877486
0.012893469606428386
0.004689116638663817
0.0011462558066015515
0.00015031237102839412
8.519995436711164e-6
0.03192420041125568
0.029804000726697588
0.024006976185449565
0.016312710652779335
0.00903638552851659
0.0038577095403945607
0.0011462558066015515
0.00019288497146904566
9.028712169534585e-6
0.00895046573315712
0.008348070513449176
0.0066123103065110775
0.00427847629701812
0.0021366986338659695
0.0007472203519748379
0.00015031237102839412
9.028712169534585e-6
0.0017557753545994661
0.0016348016136881395
0.0012709486446961626
0.0007800527833609579
0.00034245728320667236
8.90593610839274e-5
8.519995436711164e-6
0.00020711269687360905
0.0001869257603773865
0.00013570952835873548
7.751342828635766e-5
2.970932935363472e-5
4.6085323954496295e-6
7.384830603452631e-6
1.7375858520147475e-6
-3.774792496755049e-6
-2.42648008896901e-6
-3.073738589418163e-7
-2.1593882169760162e-6
-3.6353027396242858e-6
-3.4440875417320095e-6
-1.168049460421208e-6
-1.423162886512986e-6
-1.2100223130655443e-6
-5.184130999628607e-7
-1.3116437776569117e-7
-5.456205646841465e-8
5.446436259276237e-8
0.590255089231663
0.5556706534614128
0.466905490500144
0.34863553929433955
0.22819830270173264
0.12841699620422084
0.060021121297709035
0.022108288747058325
0.006010322951291922
0.001152332200652335
0.00013252107258522863
3.507416684970635e-6
-1.0705756381788602e-6
-4.810248289971077e-7
-2.5622546862918178e-8
0.5556706534614128
0.5230075922912645
0.43905945565462734
0.32714606753376996
0.21399388572887204
0.1201996215490562
0.05601463626957104
0.02054379415249362
0.005549697081682697
0.001052396785060512
0.00011473041324413415
-4.82467647796493e-7
-1.8490604520889506e-6
-3.41197956099465e-7
0.466905490500144
0.43905945565462734
0.3672370176764029
0.2723550289303315
0.17702772419779883
0.09863364214954451
0.045369113083359086
0.016312710652779335
0.00427847629701812
0.0007800527833609579
7.751342828635766e-5
-2.42648008896901e-6
-1.168049460421208e-6
0.34863553929433955
0.32714606753376996
0.2723550289303315
0.20024496437917336
0.1283539634964601
0.07008026491378053
0.031327033117200365
0.010774110897311348
0.002637080826855237
0.00043787775549032366
3.8013530374581056e-5
-1.0688060181448694e-6
0.22819830270173264
0.21399388572887204
0.17702772419779883
0.1283539634964601
0.08034242248265576
0.04229771688762711
0.017911819286325834
0.0056663599415613915
0.0012049709296772769
0.0001607883349113991
9.373688570654123e-6
0.12841699620422084
0.1201996215490562
0.09863364214954451
0.07008026491378053
0.04229771688762711
0.021005550454721262
0.008122349860426611
0.002210773283280173
0.0003535840091877718
2.6848329709959626e-5
0.060021121297709035
0.05601463626957104
0.045369113083359086
0.031327033117200365
0.017911819286325834
0.008122349860426611
0.002698682054400564
0.000559555109020514
4.612929075931754e-5
0.022108288747058325
0.02054379415249362
0.016312710652779335
0.010774110897311348
0.0056663599415613915
0.002210773283280173
0.000559555109020514
6.222481687451527e-5
0.006010322951291922
0.005549697081682697
0.00427847629701812
0.002637080826855237
0.0012049709296772769
0.0003535840091877718
4.612929075931754e-5
0.001152332200652335
0.001052396785060512
0.0007800527833609579
0.00043787775549032366
0.0001607883349113991
2.6848329709959626e-5
0.00013252107258522863
0.00011473041324413415
7.751342828635766e-5
3.8013530374581056e-5
9.373688570654123e-6
3.507416684970635e-6
-4.82467647796493e-7
-2.42648008896901e-6
-1.0688060181448694e-6
-1.0705756381788602e-6
-1.8490604520889506e-6
-1.168049460421208e-6
-4.810248289971077e-7
-3.41197956099465e-7
-2.5622546862918178e-8
0.3921242499428093
0.3687467723411206
0.30841460470949333
0.22819830270173264
0.14730169406714663
0.08082216778147093
0.03631910136242469
0.012638067452041258
0.0031894579911435836
0.0005694491247287745
6.186153163265395e-5
2.5922775758367807e-6
3.926342975974498e-7
1.3140406016613222e-8
0.3687467723411206
0.3467141322933074
0.289751265157992
0.21399388572887204
0.1376722496011263
0.07537933229809886
0.03374693451828786
0.011658736573443225
0.002897754545651399
0.0005038877382838469
5.035615973440408e-5
3.172936054648099e-7
-7.051367949602701e-8
0.30841460470949333
0.289751265157992
0.2413781028586508
0.17702772419779883
0.1128441313911616
0.06104073407061217
0.026887208895877486
0.00903638552851659
0.0021366986338659695
0.00034245728320667236
2.970932935363472e-5
-3.073738589418163e-7
0.22819830270173264
0.21399388572887204
0.17702772419779883
0.1283539634964601
0.08034242248265576
0.04229771688762711
0.017911819286325834
0.0056663599415613915
0.0012049709296772769
0.0001607883349113991
9.373688570654123e-6
0.14730169406714663
0.1376722496011263
0.1128441313911616
0.08034242248265576
0.04874929025050375
0.024442375446491662
0.00960628993407336
0.0026918175909482886
0.00045657108941830394
3.852291042928477e-5
0.08082216778147093
0.07537933229809886
0.06104073407061217
0.04229771688762711
0.024442375446491662
0.011313324044564097
0.0039005503865759726
0.0008653680318670032
8.529293047590799e-5
0.03631910136242469
0.03374693451828786
0.026887208895877486
0.017911819286325834
0.00960628993407336
0.0039005503865759726
0.0010647528741240598
0.00014152125579602545
0.012638067452041258
0.011658736573443225
0.00903638552851659
0.0056663599415613915
0.0026918175909482886
0.0008653680318670032
0.00014152125579602545
0.0031894579911435836
0.002897754545651399
0.0021366986338659695
0.0012049709296772769
0.00045657108941830394
8.529293047590799e-5
0.0005694491247287745
0.0005038877382838469
0.00034245728320667236
0.0001607883349113991
3.852291042928477e-5
6.186153163265395e-5
5.035615973440408e-5
2.970932935363472e-5
9.373688570654123e-6
2.5922775758367807e-6
3.172936054648099e-7
-3.073738589418163e-7
3.926342975974498e-7
-7.051367949602701e-8
1.3140406016613222e-8
0.2261600729070532
0.2123379246476741
0.17627099789329329
0.12841699620422084
0.08082216778147093
0.042701380502972175
0.01803320948380264
0.005678961519905981
0.001228795235471656
0.00018735347645018873
1.8685800175048943e-5
1.4383788438329047e-6
3.069727525559692e-7
0.2123379246476741
0.19930371711486594
0.1653097262970815
0.1201996215490562
0.07537933229809886
0.03959982805987014
0.0166274614538473
0.005176801396327111
0.0010909407790695958
0.00015530892566380396
1.2640544110913036e-5
2.758297518115039e-7
0.17627099789329329
0.1653097262970815
0.13664955392509742
0.09863364214954451
0.06104073407061217
0.03149166492524284
0.012893469606428386
0.0038577095403945607
0.0007472203519748379
8.90593610839274e-5
4.6085323954496295e-6
0.12841699620422084
0.1201996215490562
0.09863364214954451
0.07008026491378053
0.04229771688762711
0.021005550454721262
0.008122349860426611
0.002210773283280173
0.0003535840091877718
2.6848329709959626e-5
0.08082216778147093
0.07537933229809886
0.06104073407061217
0.04229771688762711
0.024442375446491662
0.011313324044564097
0.0039005503865759726
0.0008653680318670032
8.529293047590799e-5
0.042701380502972175
0.03959982805987014
0.03149166492524284
0.021005550454721262
0.011313324044564097
0.004629969336001914
0.001279007536389402
0.00017376996225331462
0.01803320948380264
0.0166274614538473
0.012893469606428386
0.008122349860426611
0.0039005503865759726
0.001279007536389402
0.00021799803786930067
0.005678961519905981
0.005176801396327111
0.0038577095403945607
0.002210773283280173
0.0008653680318670032
0.00017376996225331462
0.001228795235471656
0.0010909407790695958
0.0007472203519748379
0.0003535840091877718
8.529293047590799e-5
0.00018735347645018873
0.00015530892566380396
8.90593610839274e-5
2.6848329709959626e-5
1.8685800175048943e-5
1.2640544110913036e-5
4.6085323954496295e-6
1.4383788438329047e-6
2.758297518115039e-7
3.069727525559692e-7
0.10930008688149977
0.10245366685867224
0.0842423442993033
0.060021121297709035
0.03631910136242469
0.01803320948380264
0.00691605616906907
0.0018463954237443673
0.0003008551849858171
3.479435958446817e-5
3.7267751762828554e-6
5.282520814097583e-7
0.10245366685867224
0.09599413210189484
0.07881778488943585
0.05601463626957104
0.03374693451828786
0.0166274614538473
0.0062931354001025674
0.0016482079458822747
0.0002534204070236972
2.4196380394673514e-5
1.462871623435989e-6
0.0842423442993033
0.07881778488943585
0.06442341496089342
0.045369113083359086
0.026887208895877486
0.012893469606428386
0.004689116638663817
0.0011462558066015515
0.00015031237102839412
8.519995436711164e-6
0.060021121297709035
0.05601463626957104
0.045369113083359086
0.031327033117200365
0.017911819286325834
0.008122349860426611
0.002698682054400564
0.000559555109020514
4.612929075931754e-5
0.03631910136242469
0.03374693451828786
0.026887208895877486
0.017911819286325834
0.00960628993407336
0.0039005503865759726
0.0010647528741240598
0.00014152125579602545
0.01803320948380264
0.0166274614538473
0.012893469606428386
0.008122349860426611
0.0039005503865759726
0.001279007536389402
0.00021799803786930067
0.00691605616906907
0.0062931354001025674
0.004689116638663817
0.002698682054400564
0.0010647528741240598
0.00021799803786930067
0.0018463954237443673
0.0016482079458822747
0.0011462558066015515
0.000559555109020514
0.00014152125579602545
0.0003008551849858171
0.0002534204070236972
0.00015031237102839412
4.612929075931754e-5
3.479435958446817e-5
2.4196380394673514e-5
8.519995436711164e-6
3.7267751762828554e-6
1.462871623435989e-6
5.282520814097583e-7
0.04184732072982876
0.039213684672087745
0.03192420041125568
0.022108288747058325
0.012638067452041258
0.005678961519905981
0.0018463954237443673
0.0003792865151858534
4.162946564281149e-5
5.0256862637376215e-6
7.350771209056944e-7
0.039213684672087745
0.036710752534991925
0.029804000726697588
0.02054379415249362
0.011658736573443225
0.005176801396327111
0.0016482079458822747
0.0003192034528549204
2.8198962124015413e-5
2.015306446560391e-6
0.03192420041125568
0.029804000726697588
0.024006976185449565
0.016312710652779335
0.00903638552851659
0.0038577095403945607
0.0011462558066015515
0.00019288497146904566
9.028712169534585e-6
0.022108288747058325
0.02054379415249362
0.016312710652779335
0.010774110897311348
0.0056663599415613915
0.002210773283280173
0.000559555109020514
6.222481687451527e-5
0.012638067452041258
0.011658736573443225
0.00903638552851659
0.0056663599415613915
0.0026918175909482886
0.0008653680318670032
0.00014152125579602545
0.005678961519905981
0.005176801396327111
0.0038577095403945607
0.002210773283280173
0.0008653680318670032
0.00017376996225331462
0.0018463954237443673
0.0016482079458822747
0.0011462558066015515
0.000559555109020514
0.00014152125579602545
0.0003792865151858534
0.0003192034528549204
0.00019288497146904566
6.222481687451527e-5
4.162946564281149e-5
2.8198962124015413e-5
9.028712169534585e-6
5.0256862637376215e-6
2.015306446560391e-6
7.350771209056944e-7
0.011777245249577841
0.011069320734460668
0.00895046573315712
0.006010322951291922
0.0031894579911435836
0.001228795235471656
0.0003008551849858171
4.162946564281149e-5
6.928891134250892e-6
9.509720285313432e-7
0.011069320734460668
0.010381128613392653
0.008348070513449176
0.005549697081682697
0.002897754545651399
0.0010909407790695958
0.0002534204070236972
2.8198962124015413e-5
2.353392306299489e-6
0.00895046573315712
0.008348070513449176
0.0066123103065110775
0.00427847629701812
0.0021366986338659695
0.0007472203519748379
0.00015031237102839412
9.028712169534585e-6
0.006010322951291922
0.005549697081682697
0.00427847629701812
0.002637080826855237
0.0012049709296772769
0.0003535840091877718
4.612929075931754e-5
0.0031894579911435836
0.002897754545651399
0.0021366986338659695
0.0012049709296772769
0.00045657108941830394
8.529293047590799e-5
0.001228795235471656
0.0010909407790695958
0.0007472203519748379
0.0003535840091877718
8.529293047590799e-5
0.0003008551849858171
0.0002534204070236972
0.00015031237102839412
4.612929075931754e-5
4.162946564281149e-5
2.8198962124015413e-5
9.028712169534585e-6
6.928891134250892e-6
2.353392306299489e-6
9.509720285313432e-7
0.0022885530559996303
0.00216850383008259
0.0017557753545994661
0.001152332200652335
0.0005694491247287745
0.00018735347645018873
3.479435958446817e-5
5.0256862637376215e-6
9.509720285313432e-7
0.00216850383008259
0.0020444432219211507
0.0016348016136881395
0.001052396785060512
0.0005038877382838469
0.00015530892566380396
2.4196380394673514e-5
2.015306446560391e-6
0.0017557753545994661
0.0016348016136881395
0.0012709486446961626
0.0007800527833609579
0.00034245728320667236
8.90593610839274e-5
8.519995436711164e-6
0.001152332200652335
0.001052396785060512
0.0007800527833609579
0.00043787775549032366
0.0001607883349113991
2.6848329709959626e-5
0.0005694491247287745
0.0005038877382838469
0.00034245728320667236
0.0001607883349113991
3.852291042928477e-5
0.00018735347645018873
0.00015530892566380396
8.90593610839274e-5
2.6848329709959626e-5
3.479435958446817e-5
2.4196380394673514e-5
8.519995436711164e-6
5.0256862637376215e-6
2.015306446560391e-6
9.509720285313432e-7
0.0002713984515204535
0.00025842738387757343
0.00020711269687360905
0.00013252107258522863
6.186153163265395e-5
1.8685800175048943e-5
3.7267751762828554e-6
7.350771209056944e-7
0.00025842738387757343
0.0002420313731470531
0.0001869257603773865
0.00011473041324413415
5.035615973440408e-5
1.2640544110913036e-5
1.462871623435989e-6
0.00020711269687360905
0.0001869257603773865
0.00013570952835873548
7.751342828635766e-5
2.970932935363472e-5
4.6085323954496295e-6
0.00013252107258522863
0.00011473041324413415
7.751342828635766e-5
3.8013530374581056e-5
9.373688570654123e-6
6.186153163265395e-5
5.035615973440408e-5
2.970932935363472e-5
9.373688570654123e-6
1.8685800175048943e-5
1.2640544110913036e-5
4.6085323954496295e-6
3.7267751762828554e-6
1.462871623435989e-6
7.350771209056944e-7
1.9909971968220114e-5
1.549539813724961e-5
7.384830603452631e-6
3.507416684970635e-6
2.5922775758367807e-6
1.4383788438329047e-6
5.282520814097583e-7
1.549539813724961e-5
9.926787830244753e-6
1.7375858520147475e-6
-4.82467647796493e-7
3.172936054648099e-7
2.758297518115039e-7
7.384830603452631e-6
1.7375858520147475e-6
-3.774792496755049e-6
-2.42648008896901e-6
-3.073738589418163e-7
3.507416684970635e-6
-4.82467647796493e-7
-2.42648008896901e-6
-1.0688060181448694e-6
2.5922775758367807e-6
3.172936054648099e-7
-3.073738589418163e-7
1.4383788438329047e-6
2.758297518115039e-7
5.282520814097583e-7
2.76017132532316e-7
-1.0061169031566871e-6
-2.1593882169760162e-6
-1.0705756381788602e-6
3.926342975974498e-7
3.069727525559692e-7
-1.0061169031566871e-6
-2.4981806570866783e-6
-3.6353027396242858e-6
-1.8490604520889506e-6
-7.051367949602701e-8
-2.1593882169760162e-6
-3.6353027396242858e-6
-3.4440875417320095e-6
-1.168049460421208e-6
-1.0705756381788602e-6
-1.8490604520889506e-6
-1.168049460421208e-6
3.926342975974498e-7
-7.051367949602701e-8
3.069727525559692e-7
-3.0997106031257304e-6
-2.5029880697263534e-6
-1.423162886512986e-6
-4.810248289971077e-7
1.3140406016613222e-8
-2.5029880697263534e-6
-2.1399555638565647e-6
-1.2100223130655443e-6
-3.41197956099465e-7
-1.423162886512986e-6
-1.2100223130655443e-6
-5.184130999628607e-7
-4.810248289971077e-7
-3.41197956099465e-7
1.3140406016613222e-8
-2.415752414293326e-7
-2.1488493516214792e-7
-1.3116437776569117e-7
-2.5622546862918178e-8
-2.1488493516214792e-7
-1.4762442885171282e-7
-5.456205646841465e-8
-1.3116437776569117e-7
-5.456205646841465e-8
-2.5622546862918178e-8
2.110451650731376e-7
1.858557850130989e-7
5.446436259276237e-8
1.858557850130989e-7
9.768592255821104e-8
5.446436259276237e-8
2.9390722722996178e-9
3.604854344323979e-9
3.604854344323979e-9
-2.45219022073011e-11
