1.0
0.9323994635185577
0.7679865108856502
0.5586682833028308
0.3545229367699264
0.19109486081884883
0.08346424174901357
0.027422616392379015
0.006193371261078453
0.0009054385063217994
8.369917623199643e-5
9.800704913702968e-6
-2.4180165426490513e-6
-1.274073905371588e-6
1.1814091020042788e-7
1.1483747877037413e-8
-7.36628176103922e-12
0.9323994635185577
0.8716535798347509
0.7186297305571434
0.5225662825802495
0.3311364057680041
0.17814602276753302
0.07767820645382216
0.025538810659747505
0.005802874530772634
0.0008589470082802197
7.703869504167362e-5
6.758174055039223e-6
-2.4584634335744235e-6
-7.5458328358097e-7
2.2216949974911616e-9
1.951408235864128e-8
0.7679865108856502
0.7186297305571434
0.5939137291546484
0.4309079108346596
0.2713830990659689
0.14459812872403716
0.062297610627461746
0.02024510503697985
0.004574822607010715
0.000678637253024838
5.645042052142041e-5
2.3009292634610343e-6
-1.5870899978301112e-6
-3.8199806243574807e-7
1.5212269318288747e-8
0.5586682833028308
0.5225662825802495
0.4309079108346596
0.31135115966804083
0.19369935071843575
0.10111031526134266
0.042299840223264704
0.013242397446644792
0.0028822761206469165
0.0004148462197470841
3.2739312183882064e-5
1.5129189869274575e-6
-4.343601090587521e-7
-8.985866396883317e-8
0.3545229367699264
0.3311364057680041
0.2713830990659689
0.19369935071843575
0.11823915742640251
0.05964417712255428
0.023638522445942514
0.006835601424108427
0.0013421582761771586
0.00017685859960086224
1.4070632804365334e-5
1.6137557886351475e-6
1.7288638499456088e-7
0.19109486081884883
0.17814602276753302
0.14459812872403716
0.10111031526134266
0.05964417712255428
0.028548635636266913
0.01035448862319272
0.002575421896284458
0.00040463171009180726
4.4838729650954355e-5
3.81766270930034e-6
4.724083173772901e-7
0.08346424174901357
0.07767820645382216
0.062297610627461746
0.042299840223264704
0.023638522445942514
0.01035448862319272
0.0032502336130579416
0.0006237487635974243
6.534425422243743e-5
6.520358567397093e-6
5.765578077660127e-7
0.027422616392379015
0.025538810659747505
0.02024510503697985
0.013242397446644792
0.006835601424108427
0.002575421896284458
0.0006237487635974243
8.45162190912081e-5
8.444009885085586e-6
1.0632814016630462e-6
0.006193371261078453
0.005802874530772634
0.004574822607010715
0.0028822761206469165
0.0013421582761771586
0.00040463171009180726
6.534425422243743e-5
8.444009885085586e-6
1.807384299883675e-6
0.0009054385063217994
0.0008589470082802197
0.000678637253024838
0.0004148462197470841
0.00017685859960086224
4.4838729650954355e-5
6.520358567397093e-6
1.0632814016630462e-6
8.369917623199643e-5
7.703869504167362e-5
5.645042052142041e-5
3.2739312183882064e-5
1.4070632804365334e-5
3.81766270930034e-6
5.765578077660127e-7
9.800704913702968e-6
6.758174055039223e-6
2.3009292634610343e-6
1.5129189869274575e-6
1.6137557886351475e-6
4.724083173772901e-7
-2.4180165426490513e-6
-2.4584634335744235e-6
-1.5870899978301112e-6
-4.343601090587521e-7
1.7288638499456088e-7
-1.274073905371588e-6
-7.5458328358097e-7
-3.8199806243574807e-7
-8.985866396883317e-8
1.1814091020042788e-7
2.2216949974911616e-9
1.5212269318288747e-8
1.1483747877037413e-8
1.951408235864128e-8
-7.36628176103922e-12
0.9323994635185577
0.8716535798347509
0.7186297305571434
0.5225662825802495
0.3311364057680041
0.17814602276753302
0.07767820645382216
0.025538810659747505
0.005802874530772634
0.0008589470082802197
7.703869504167362e-5
6.758174055039223e-6
-2.4584634335744235e-6
-7.5458328358097e-7
2.2216949974911616e-9
1.951408235864128e-8
0.8716535798347509
0.8143726031464081
0.6722219004892943
0.4886818874481477
0.30923898161280633
0.16600622899773984
0.07224358545598629
0.02374619004652114
0.005416322663888233
0.0008056740620266754
6.734928975153698e-5
2.9442744752318344e-6
-2.320158054352814e-6
-5.879439823054579e-7
4.098619764396408e-8
0.7186297305571434
0.6722219004892943
0.5546942904991633
0.40252525446779397
0.25318064729271167
0.13458550668993693
0.0578146265935835
0.01874047628965913
0.0042293702577805405
0.0006210411165720908
4.477999987917216e-5
-9.280771556237516e-7
-1.692213284114478e-6
-2.630217380514871e-7
0.5225662825802495
0.4886818874481477
0.40252525446779397
0.29008267900738466
0.18028559640890143
0.09387032530273366
0.03910762159711927
0.012165124768808367
0.0026180508708505083
0.00036808616342432854
2.388821508247877e-5
-6.345552571632576e-7
-4.277521840802317e-7
0.3311364057680041
0.30923898161280633
0.25318064729271167
0.18028559640890143
0.10958046902931341
0.05510729425896294
0.021717384734965196
0.0061997995927397945
0.0011868170667949447
0.00014840350409772826
8.90392014124472e-6
2.948599723433661e-7
0.17814602276753302
0.16600622899773984
0.13458550668993693
0.09387032530273366
0.05510729425896294
0.026166463090818003
0.009399819604811479
0.0022934960264298218
0.0003402844572110229
3.21110068138098e-5
1.3677501244746321e-6
0.07767820645382216
0.07224358545598629
0.0578146265935835
0.03910762159711927
0.021717384734965196
0.009399819604811479
0.00288849225518286
0.0005328620611326618
4.68383984914289e-5
2.7448832445780944e-6
0.025538810659747505
0.02374619004652114
0.01874047628965913
0.012165124768808367
0.0061997995927397945
0.0022934960264298218
0.0005328620611326618
5.8570647654836794e-5
3.29738239754921e-6
0.005802874530772634
0.005416322663888233
0.0042293702577805405
0.0026180508708505083
0.0011868170667949447
0.0003402844572110229
4.68383984914289e-5
3.29738239754921e-6
0.0008589470082802197
0.0008056740620266754
0.0006210411165720908
0.00036808616342432854
0.00014840350409772826
3.21110068138098e-5
2.7448832445780944e-6
7.703869504167362e-5
6.734928975153698e-5
4.477999987917216e-5
2.388821508247877e-5
8.90392014124472e-6
1.3677501244746321e-6
6.758174055039223e-6
2.9442744752318344e-6
-9.280771556237516e-7
-6.345552571632576e-7
2.948599723433661e-7
-2.4584634335744235e-6
-2.320158054352814e-6
-1.692213284114478e-6
-4.277521840802317e-7
-7.5458328358097e-7
-5.879439823054579e-7
-2.630217380514871e-7
2.2216949974911616e-9
4.098619764396408e-8
1.951408235864128e-8
0.7679865108856502
0.7186297305571434
0.5939137291546484
0.4309079108346596
0.2713830990659689
0.14459812872403716
0.062297610627461746
0.02024510503697985
0.004574822607010715
0.000678637253024838
5.645042052142041e-5
2.3009292634610343e-6
-1.5870899978301112e-6
-3.8199806243574807e-7
1.5212269318288747e-8
0.7186297305571434
0.6722219004892943
0.5546942904991633
0.40252525446779397
0.25318064729271167
0.13458550668993693
0.0578146265935835
0.01874047628965913
0.0042293702577805405
0.0006210411165720908
4.477999987917216e-5
-9.280771556237516e-7
-1.692213284114478e-6
-2.630217380514871e-7
0.5939137291546484
0.5546942904991633
0.45664482004906987
0.33007269085134133
0.20645418629449963
0.10861923574713404
0.04596377558970762
0.014607545933847712
0.0032209131625201945
0.0004558632080427171
2.560463876114282e-5
-2.837977437574822e-6
-9.890822679738178e-7
0.4309079108346596
0.40252525446779397
0.33007269085134133
0.23643718797734745
0.14570492684182393
0.07501813041464735
0.030684891144654
0.009269465721920772
0.0019066512251640839
0.00025091036667672834
1.2060847760386481e-5
-1.0261633072202294e-6
0.2713830990659689
0.25318064729271167
0.20645418629449963
0.14570492684182393
0.0874756948651478
0.04325589096317292
0.016637717606629274
0.004544447630119865
0.0007996040820817703
8.671226547315788e-5
3.1898415918224276e-6
0.14459812872403716
0.13458550668993693
0.10861923574713404
0.07501813041464735
0.04325589096317292
0.020014108194081053
0.006917709245073727
0.0015750575197819034
0.0001976694697381729
1.1560172025372442e-5
0.062297610627461746
0.0578146265935835
0.04596377558970762
0.030684891144654
0.016637717606629274
0.006917709245073727
0.0019909048688997134
0.00032088319221487276
1.691069725754945e-5
0.02024510503697985
0.01874047628965913
0.014607545933847712
0.009269465721920772
0.004544447630119865
0.0015750575197819034
0.00032088319221487276
2.10321192933845e-5
0.004574822607010715
0.0042293702577805405
0.0032209131625201945
0.0019066512251640839
0.0007996040820817703
0.0001976694697381729
1.691069725754945e-5
0.000678637253024838
0.0006210411165720908
0.0004558632080427171
0.00025091036667672834
8.671226547315788e-5
1.1560172025372442e-5
5.645042052142041e-5
4.477999987917216e-5
2.560463876114282e-5
1.2060847760386481e-5
3.1898415918224276e-6
2.3009292634610343e-6
-9.280771556237516e-7
-2.837977437574822e-6
-1.0261633072202294e-6
-1.5870899978301112e-6
-1.692213284114478e-6
-9.890822679738178e-7
-3.8199806243574807e-7
-2.630217380514871e-7
1.5212269318288747e-8
0.5586682833028308
0.5225662825802495
0.4309079108346596
0.31135115966804083
0.19369935071843575
0.10111031526134266
0.042299840223264704
0.013242397446644792
0.0028822761206469165
0.0004148462197470841
3.2739312183882064e-5
1.5129189869274575e-6
-4.343601090587521e-7
-8.985866396883317e-8
0.5225662825802495
0.4886818874481477
0.40252525446779397
0.29008267900738466
0.18028559640890143
0.09387032530273366
0.03910762159711927
0.012165124768808367
0.0026180508708505083
0.00036808616342432854
2.388821508247877e-5
-6.345552571632576e-7
-4.277521840802317e-7
0.4309079108346596
0.40252525446779397
0.33007269085134133
0.23643718797734745
0.14570492684182393
0.07501813041464735
0.030684891144654
0.009269465721920772
0.0019066512251640839
0.00025091036667672834
1.2060847760386481e-5
-1.0261633072202294e-6
0.31135115966804083
0.29008267900738466
0.23643718797734745
0.16744351861965245
0.1012702112325118
0.0507057787026491
0.0199100029564578
0.005624280070828123
0.0010406940256220513
0.0001168436854416975
3.726740751688847e-6
0.19369935071843575
0.18028559640890143
0.14570492684182393
0.1012702112325118
0.059302802323005485
0.028219756589057603
0.01023360830232528
0.002537093410729494
0.00036785297920050334
2.6634129453147772e-5
0.10111031526134266
0.09387032530273366
0.07501813041464735
0.0507057787026491
0.028219756589057603
0.01234741426908665
0.0038983176081811605
0.0007449551378786552
5.944875470553733e-5
0.042299840223264704
0.03910762159711927
0.030684891144654
0.0199100029564578
0.01023360830232528
0.0038983176081811605
0.0009565384068829231
0.00010232161192829384
0.013242397446644792
0.012165124768808367
0.009269465721920772
0.005624280070828123
0.002537093410729494
0.0007449551378786552
0.00010232161192829384
0.0028822761206469165
0.0026180508708505083
0.0019066512251640839
0.0010406940256220513
0.00036785297920050334
5.944875470553733e-5
0.0004148462197470841
0.00036808616342432854
0.00025091036667672834
0.0001168436854416975
2.6634129453147772e-5
3.2739312183882064e-5
2.388821508247877e-5
1.2060847760386481e-5
3.726740751688847e-6
1.5129189869274575e-6
-6.345552571632576e-7
-1.0261633072202294e-6
-4.343601090587521e-7
-4.277521840802317e-7
-8.985866396883317e-8
0.3545229367699264
0.3311364057680041
0.2713830990659689
0.19369935071843575
0.11823915742640251
0.05964417712255428
0.023638522445942514
0.006835601424108427
0.0013421582761771586
0.00017685859960086224
1.4070632804365334e-5
1.6137557886351475e-6
1.7288638499456088e-7
0.3311364057680041
0.30923898161280633
0.25318064729271167
0.18028559640890143
0.10958046902931341
0.05510729425896294
0.021717384734965196
0.0061997995927397945
0.0011868170667949447
0.00014840350409772826
8.90392014124472e-6
2.948599723433661e-7
0.2713830990659689
0.25318064729271167
0.20645418629449963
0.14570492684182393
0.0874756948651478
0.04325589096317292
0.016637717606629274
0.004544447630119865
0.0007996040820817703
8.671226547315788e-5
3.1898415918224276e-6
0.19369935071843575
0.18028559640890143
0.14570492684182393
0.1012702112325118
0.059302802323005485
0.028219756589057603
0.01023360830232528
0.002537093410729494
0.00036785297920050334
2.6634129453147772e-5
0.11823915742640251
0.10958046902931341
0.0874756948651478
0.059302802323005485
0.03323762690741068
0.014728850755521078
0.004760495518883658
0.0009522916214563666
8.549779650928511e-5
0.05964417712255428
0.05510729425896294
0.04325589096317292
0.028219756589057603
0.014728850755521078
0.0057796818509363865
0.0014945346462543476
0.00018214584950427065
0.023638522445942514
0.021717384734965196
0.016637717606629274
0.01023360830232528
0.004760495518883658
0.0014945346462543476
0.00023963416572438508
0.006835601424108427
0.0061997995927397945
0.004544447630119865
0.002537093410729494
0.0009522916214563666
0.00018214584950427065
0.0013421582761771586
0.0011868170667949447
0.0007996040820817703
0.00036785297920050334
8.549779650928511e-5
0.00017685859960086224
0.00014840350409772826
8.671226547315788e-5
2.6634129453147772e-5
1.4070632804365334e-5
8.90392014124472e-6
3.1898415918224276e-6
1.6137557886351475e-6
2.948599723433661e-7
1.7288638499456088e-7
0.19109486081884883
0.17814602276753302
0.14459812872403716
0.10111031526134266
0.05964417712255428
0.028548635636266913
0.01035448862319272
0.002575421896284458
0.00040463171009180726
4.4838729650954355e-5
3.81766270930034e-6
4.724083173772901e-7
0.17814602276753302
0.16600622899773984
0.13458550668993693
0.09387032530273366
0.05510729425896294
0.026166463090818003
0.009399819604811479
0.0022934960264298218
0.0003402844572110229
3.21110068138098e-5
1.3677501244746321e-6
0.14459812872403716
0.13458550668993693
0.10861923574713404
0.07501813041464735
0.04325589096317292
0.020014108194081053
0.006917709245073727
0.0015750575197819034
0.0001976694697381729
1.1560172025372442e-5
0.10111031526134266
0.09387032530273366
0.07501813041464735
0.0507057787026491
0.028219756589057603
0.01234741426908665
0.0038983176081811605
0.0007449551378786552
5.944875470553733e-5
0.05964417712255428
0.05510729425896294
0.04325589096317292
0.028219756589057603
0.014728850755521078
0.0057796818509363865
0.0014945346462543476
0.00018214584950427065
0.028548635636266913
0.026166463090818003
0.020014108194081053
0.01234741426908665
0.0057796818509363865
0.001830867587487717
0.0002993908581000748
0.01035448862319272
0.009399819604811479
0.006917709245073727
0.0038983176081811605
0.0014945346462543476
0.0002993908581000748
0.002575421896284458
0.0022934960264298218
0.0015750575197819034
0.0007449551378786552
0.00018214584950427065
0.00040463171009180726
0.0003402844572110229
0.0001976694697381729
5.944875470553733e-5
4.4838729650954355e-5
3.21110068138098e-5
1.1560172025372442e-5
3.81766270930034e-6
1.3677501244746321e-6
4.724083173772901e-7
0.08346424174901357
0.07767820645382216
0.062297610627461746
0.042299840223264704
0.023638522445942514
0.01035448862319272
0.0032502336130579416
0.0006237487635974243
6.534425422243743e-5
6.520358567397093e-6
5.765578077660127e-7
0.07767820645382216
0.07224358545598629
0.0578146265935835
0.03910762159711927
0.021717384734965196
0.009399819604811479
0.00288849225518286
0.0005328620611326618
4.68383984914289e-5
2.7448832445780944e-6
0.062297610627461746
0.0578146265935835
0.04596377558970762
0.030684891144654
0.016637717606629274
0.006917709245073727
0.0019909048688997134
0.00032088319221487276
1.691069725754945e-5
0.042299840223264704
0.03910762159711927
0.030684891144654
0.0199100029564578
0.01023360830232528
0.0038983176081811605
0.0009565384068829231
0.00010232161192829384
0.023638522445942514
0.021717384734965196
0.016637717606629274
0.01023360830232528
0.004760495518883658
0.0014945346462543476
0.00023963416572438508
0.01035448862319272
0.009399819604811479
0.006917709245073727
0.0038983176081811605
0.0014945346462543476
0.0002993908581000748
0.0032502336130579416
0.00288849225518286
0.0019909048688997134
0.0009565384068829231
0.00023963416572438508
0.0006237487635974243
0.0005328620611326618
0.00032088319221487276
0.00010232161192829384
6.534425422243743e-5
4.68383984914289e-5
1.691069725754945e-5
6.520358567397093e-6
2.7448832445780944e-6
5.765578077660127e-7
0.027422616392379015
0.025538810659747505
0.02024510503697985
0.013242397446644792
0.006835601424108427
0.002575421896284458
0.0006237487635974243
8.45162190912081e-5
8.444009885085586e-6
1.0632814016630462e-6
0.025538810659747505
0.02374619004652114
0.01874047628965913
0.012165124768808367
0.0061997995927397945
0.0022934960264298218
0.0005328620611326618
5.8570647654836794e-5
3.29738239754921e-6
0.02024510503697985
0.01874047628965913
0.014607545933847712
0.009269465721920772
0.004544447630119865
0.0015750575197819034
0.00032088319221487276
2.10321192933845e-5
0.013242397446644792
0.012165124768808367
0.009269465721920772
0.005624280070828123
0.002537093410729494
0.0007449551378786552
0.00010232161192829384
0.006835601424108427
0.0061997995927397945
0.004544447630119865
0.002537093410729494
0.0009522916214563666
0.00018214584950427065
0.002575421896284458
0.0022934960264298218
0.0015750575197819034
0.0007449551378786552
0.00018214584950427065
0.0006237487635974243
0.0005328620611326618
0.00032088319221487276
0.00010232161192829384
8.45162190912081e-5
5.8570647654836794e-5
2.10321192933845e-5
8.444009885085586e-6
3.29738239754921e-6
1.0632814016630462e-6
0.006193371261078453
0.005802874530772634
0.004574822607010715
0.0028822761206469165
0.0013421582761771586
0.00040463171009180726
6.534425422243743e-5
8.444009885085586e-6
1.807384299883675e-6
0.005802874530772634
0.005416322663888233
0.0042293702577805405
0.0026180508708505083
0.0011868170667949447
0.0003402844572110229
4.68383984914289e-5
3.29738239754921e-6
0.004574822607010715
0.0042293702577805405
0.0032209131625201945
0.0019066512251640839
0.0007996040820817703
0.0001976694697381729
1.691069725754945e-5
0.0028822761206469165
0.0026180508708505083
0.0019066512251640839
0.0010406940256220513
0.00036785297920050334
5.944875470553733e-5
0.0013421582761771586
0.0011868170667949447
0.0007996040820817703
0.00036785297920050334
8.549779650928511e-5
0.00040463171009180726
0.0003402844572110229
0.0001976694697381729
5.944875470553733e-5
6.534425422243743e-5
4.68383984914289e-5
1.691069725754945e-5
8.444009885085586e-6
3.29738239754921e-6
1.807384299883675e-6
0.0009054385063217994
0.0008589470082802197
0.000678637253024838
0.0004148462197470841
0.00017685859960086224
4.4838729650954355e-5
6.520358567397093e-6
1.0632814016630462e-6
0.0008589470082802197
0.0008056740620266754
0.0006210411165720908
0.00036808616342432854
0.00014840350409772826
3.21110068138098e-5
2.7448832445780944e-6
0.000678637253024838
0.0006210411165720908
0.0004558632080427171
0.00025091036667672834
8.671226547315788e-5
1.1560172025372442e-5
0.0004148462197470841
0.00036808616342432854
0.00025091036667672834
0.0001168436854416975
2.6634129453147772e-5
0.00017685859960086224
0.00014840350409772826
8.671226547315788e-5
2.6634129453147772e-5
4.4838729650954355e-5
3.21110068138098e-5
1.1560172025372442e-5
6.520358567397093e-6
2.7448832445780944e-6
1.0632814016630462e-6
8.369917623199643e-5
7.703869504167362e-5
5.645042052142041e-5
3.2739312183882064e-5
1.4070632804365334e-5
3.81766270930034e-6
5.765578077660127e-7
7.703869504167362e-5
6.734928975153698e-5
4.477999987917216e-5
2.388821508247877e-5
8.90392014124472e-6
1.3677501244746321e-6
5.645042052142041e-5
4.477999987917216e-5
2.560463876114282e-5
1.2060847760386481e-5
3.1898415918224276e-6
3.2739312183882064e-5
2.388821508247877e-5
1.2060847760386481e-5
3.726740751688847e-6
1.4070632804365334e-5
8.90392014124472e-6
3.1898415918224276e-6
3.81766270930034e-6
1.3677501244746321e-6
5.765578077660127e-7
9.800704913702968e-6
6.758174055039223e-6
2.3009292634610343e-6
1.5129189869274575e-6
1.6137557886351475e-6
4.724083173772901e-7
6.758174055039223e-6
2.9442744752318344e-6
-9.280771556237516e-7
-6.345552571632576e-7
2.948599723433661e-7
2.3009292634610343e-6
-9.280771556237516e-7
-2.837977437574822e-6
-1.0261633072202294e-6
1.5129189869274575e-6
-6.345552571632576e-7
-1.0261633072202294e-6
1.6137557886351475e-6
2.948599723433661e-7
4.724083173772901e-7
-2.4180165426490513e-6
-2.4584634335744235e-6
-1.5870899978301112e-6
-4.343601090587521e-7
1.7288638499456088e-7
-2.4584634335744235e-6
-2.320158054352814e-6
-1.692213284114478e-6
-4.277521840802317e-7
-1.5870899978301112e-6
-1.692213284114478e-6
-9.890822679738178e-7
-4.343601090587521e-7
-4.277521840802317e-7
1.7288638499456088e-7
-1.274073905371588e-6
-7.5458328358097e-7
-3.8199806243574807e-7
-8.985866396883317e-8
-7.5458328358097e-7
-5.879439823054579e-7
-2.630217380514871e-7
-3.8199806243574807e-7
-2.630217380514871e-7
-8.985866396883317e-8
1.1814091020042788e-7
2.2216949974911616e-9
1.5212269318288747e-8
2.2216949974911616e-9
4.098619764396408e-8
1.5212269318288747e-8
1.1483747877037413e-8
1.951408235864128e-8
1.951408235864128e-8
-7.36628176103922e-12
