1.0
0.6849578902393499
0.23185516508704979
0.021169724745788335
6.78139613510378e-5
-6.988248015308084e-6
0.6849578902393499
0.48030807639111317
0.15668148482526686
0.013192801269055239
-5.232673060157929e-5
0.23185516508704979
0.15668148482526686
0.04187742833605826
0.0009169634178700833
0.021169724745788335
0.013192801269055239
0.0009169634178700833
6.78139613510378e-5
-5.232673060157929e-5
-6.988248015308084e-6
0.6849578902393499
0.48030807639111317
0.15668148482526686
0.013192801269055239
-5.232673060157929e-5
0.48030807639111317
0.3314296938009196
0.10399240746952744
0.007570178874020518
0.15668148482526686
0.10399240746952744
0.02408303079909533
0.013192801269055239
0.007570178874020518
-5.232673060157929e-5
0.23185516508704979
0.15668148482526686
0.04187742833605826
0.0009169634178700833
0.15668148482526686
0.10399240746952744
0.02408303079909533
0.04187742833605826
0.02408303079909533
0.0009169634178700833
0.021169724745788335
0.013192801269055239
0.0009169634178700833
0.013192801269055239
0.007570178874020518
0.0009169634178700833
6.78139613510378e-5
-5.232673060157929e-5
-5.232673060157929e-5
-6.988248015308084e-6
