1.0
0.8954544193598493
0.6602302491259833
0.39631433878407146
0.18502495115410705
0.06062023020125742
0.011516167569662011
0.0010455575798396955
4.553906653107002e-5
6.82875657843759e-6
1.858844971816969e-7
1.4031521307799869e-7
-4.284044715795369e-11
0.8954544193598493
0.8057342950482597
0.5944941253280381
0.35604537532819175
0.1654837622878783
0.054049923301306556
0.010330625149817542
0.0009660826010823118
3.67575001998095e-5
2.8338805177855634e-6
-4.315893355971804e-7
1.2218569448932713e-7
0.6602302491259833
0.5944941253280381
0.43896539921344446
0.26000443273438956
0.11824250548421773
0.03743054816292043
0.006945766957051331
0.0006488849754756622
2.0455744291177816e-5
-5.950244680015029e-7
-3.1984458665606603e-7
0.39631433878407146
0.35604537532819175
0.26000443273438956
0.15074667428468647
0.06539366253001462
0.019067705985142652
0.0031249939452744893
0.00025738987922403934
8.419462961478949e-6
4.0833849879818733e-7
0.18502495115410705
0.1654837622878783
0.11824250548421773
0.06539366253001462
0.02609327950715445
0.006458710162568043
0.0007431677733819407
3.794861964218683e-5
1.613946003681671e-6
0.06062023020125742
0.054049923301306556
0.03743054816292043
0.019067705985142652
0.006458710162568043
0.0011515078218080658
5.15705364802375e-5
4.57810271368983e-6
0.011516167569662011
0.010330625149817542
0.006945766957051331
0.0031249939452744893
0.0007431677733819407
5.15705364802375e-5
5.944635515102534e-6
0.0010455575798396955
0.0009660826010823118
0.0006488849754756622
0.00025738987922403934
3.794861964218683e-5
4.57810271368983e-6
4.553906653107002e-5
3.67575001998095e-5
2.0455744291177816e-5
8.419462961478949e-6
1.613946003681671e-6
6.82875657843759e-6
2.8338805177855634e-6
-5.950244680015029e-7
4.0833849879818733e-7
1.858844971816969e-7
-4.315893355971804e-7
-3.1984458665606603e-7
1.4031521307799869e-7
1.2218569448932713e-7
-4.284044715795369e-11
0.8954544193598493
0.8057342950482597
0.5944941253280381
0.35604537532819175
0.1654837622878783
0.054049923301306556
0.010330625149817542
0.0009660826010823118
3.67575001998095e-5
2.8338805177855634e-6
-4.315893355971804e-7
1.2218569448932713e-7
0.8057342950482597
0.7240190374740261
0.5349501577368501
0.3196645665530208
0.14791111081982164
0.048070797003421886
0.009197667662276653
0.0008670325386196147
2.3315704308269166e-5
-1.1415903641990252e-6
-3.2138988446450275e-7
0.5944941253280381
0.5349501577368501
0.3935370047565863
0.2327737827871926
0.10532304283078495
0.033063586846255336
0.006052082903139036
0.0005466151974803611
7.070052109306738e-6
-1.5512605364927903e-6
0.35604537532819175
0.3196645665530208
0.2327737827871926
0.13398382367485942
0.05775367889017029
0.016604857777118967
0.0026065097268359455
0.00019672085508101188
2.673807757060365e-6
0.1654837622878783
0.14791111081982164
0.10532304283078495
0.05775367889017029
0.02265224737562063
0.005438559440329743
0.0005713489326931906
1.906537716808355e-5
0.054049923301306556
0.048070797003421886
0.033063586846255336
0.016604857777118967
0.005438559440329743
0.0008956406628791867
2.5618528751334527e-5
0.010330625149817542
0.009197667662276653
0.006052082903139036
0.0026065097268359455
0.0005713489326931906
2.5618528751334527e-5
0.0009660826010823118
0.0008670325386196147
0.0005466151974803611
0.00019672085508101188
1.906537716808355e-5
3.67575001998095e-5
2.3315704308269166e-5
7.070052109306738e-6
2.673807757060365e-6
2.8338805177855634e-6
-1.1415903641990252e-6
-1.5512605364927903e-6
-4.315893355971804e-7
-3.2138988446450275e-7
1.2218569448932713e-7
0.6602302491259833
0.5944941253280381
0.43896539921344446
0.26000443273438956
0.11824250548421773
0.03743054816292043
0.006945766957051331
0.0006488849754756622
2.0455744291177816e-5
-5.950244680015029e-7
-3.1984458665606603e-7
0.5944941253280381
0.5349501577368501
0.3935370047565863
0.2327737827871926
0.10532304283078495
0.033063586846255336
0.006052082903139036
0.0005466151974803611
7.070052109306738e-6
-1.5512605364927903e-6
0.43896539921344446
0.3935370047565863
0.28725063240902754
0.16735955533205799
0.07393527553982096
0.022216986289904855
0.00375932797516415
0.0002977549100088853
-1.6736408259331193e-7
0.26000443273438956
0.2327737827871926
0.16735955533205799
0.09421899738549551
0.03913719590426968
0.010561975936518878
0.001426177791092446
7.741314939501776e-5
0.11824250548421773
0.10532304283078495
0.07393527553982096
0.03913719590426968
0.014410626418279572
0.003060333801792987
0.00022480537595995911
0.03743054816292043
0.033063586846255336
0.022216986289904855
0.010561975936518878
0.003060333801792987
0.00036660310576224636
0.006945766957051331
0.006052082903139036
0.00375932797516415
0.001426177791092446
0.00022480537595995911
0.0006488849754756622
0.0005466151974803611
0.0002977549100088853
7.741314939501776e-5
2.0455744291177816e-5
7.070052109306738e-6
-1.6736408259331193e-7
-5.950244680015029e-7
-1.5512605364927903e-6
-3.1984458665606603e-7
0.39631433878407146
0.35604537532819175
0.26000443273438956
0.15074667428468647
0.06539366253001462
0.019067705985142652
0.0031249939452744893
0.00025738987922403934
8.419462961478949e-6
4.0833849879818733e-7
0.35604537532819175
0.3196645665530208
0.2327737827871926
0.13398382367485942
0.05775367889017029
0.016604857777118967
0.0026065097268359455
0.00019672085508101188
2.673807757060365e-6
0.26000443273438956
0.2327737827871926
0.16735955533205799
0.09421899738549551
0.03913719590426968
0.010561975936518878
0.001426177791092446
7.741314939501776e-5
0.15074667428468647
0.13398382367485942
0.09421899738549551
0.05052406416591785
0.019171909766634132
0.004339326938451498
0.00038647551105189547
0.06539366253001462
0.05775367889017029
0.03913719590426968
0.019171909766634132
0.005987069416940765
0.000876083504405602
0.019067705985142652
0.016604857777118967
0.010561975936518878
0.004339326938451498
0.000876083504405602
0.0031249939452744893
0.0026065097268359455
0.001426177791092446
0.00038647551105189547
0.00025738987922403934
0.00019672085508101188
7.741314939501776e-5
8.419462961478949e-6
2.673807757060365e-6
4.0833849879818733e-7
0.18502495115410705
0.1654837622878783
0.11824250548421773
0.06539366253001462
0.02609327950715445
0.006458710162568043
0.0007431677733819407
3.794861964218683e-5
1.613946003681671e-6
0.1654837622878783
0.14791111081982164
0.10532304283078495
0.05775367889017029
0.02265224737562063
0.005438559440329743
0.0005713489326931906
1.906537716808355e-5
0.11824250548421773
0.10532304283078495
0.07393527553982096
0.03913719590426968
0.014410626418279572
0.003060333801792987
0.00022480537595995911
0.06539366253001462
0.05775367889017029
0.03913719590426968
0.019171909766634132
0.005987069416940765
0.000876083504405602
0.02609327950715445
0.02265224737562063
0.014410626418279572
0.005987069416940765
0.0012502672297318052
0.006458710162568043
0.005438559440329743
0.003060333801792987
0.000876083504405602
0.0007431677733819407
0.0005713489326931906
0.00022480537595995911
3.794861964218683e-5
1.906537716808355e-5
1.613946003681671e-6
0.06062023020125742
0.054049923301306556
0.03743054816292043
0.019067705985142652
0.006458710162568043
0.0011515078218080658
5.15705364802375e-5
4.57810271368983e-6
0.054049923301306556
0.048070797003421886
0.033063586846255336
0.016604857777118967
0.005438559440329743
0.0008956406628791867
2.5618528751334527e-5
0.03743054816292043
0.033063586846255336
0.022216986289904855
0.010561975936518878
0.003060333801792987
0.00036660310576224636
0.019067705985142652
0.016604857777118967
0.010561975936518878
0.004339326938451498
0.000876083504405602
0.006458710162568043
0.005438559440329743
0.003060333801792987
0.000876083504405602
0.0011515078218080658
0.0008956406628791867
0.00036660310576224636
5.15705364802375e-5
2.5618528751334527e-5
4.57810271368983e-6
0.011516167569662011
0.010330625149817542
0.006945766957051331
0.0031249939452744893
0.0007431677733819407
5.15705364802375e-5
5.944635515102534e-6
0.010330625149817542
0.009197667662276653
0.006052082903139036
0.0026065097268359455
0.0005713489326931906
2.5618528751334527e-5
0.006945766957051331
0.006052082903139036
0.00375932797516415
0.001426177791092446
0.00022480537595995911
0.0031249939452744893
0.0026065097268359455
0.001426177791092446
0.00038647551105189547
0.0007431677733819407
0.0005713489326931906
0.00022480537595995911
5.15705364802375e-5
2.5618528751334527e-5
5.944635515102534e-6
0.0010455575798396955
0.0009660826010823118
0.0006488849754756622
0.00025738987922403934
3.794861964218683e-5
4.57810271368983e-6
0.0009660826010823118
0.0008670325386196147
0.0005466151974803611
0.00019672085508101188
1.906537716808355e-5
0.0006488849754756622
0.0005466151974803611
0.0002977549100088853
7.741314939501776e-5
0.00025738987922403934
0.00019672085508101188
7.741314939501776e-5
3.794861964218683e-5
1.906537716808355e-5
4.57810271368983e-6
4.553906653107002e-5
3.67575001998095e-5
2.0455744291177816e-5
8.419462961478949e-6
1.613946003681671e-6
3.67575001998095e-5
2.3315704308269166e-5
7.070052109306738e-6
2.673807757060365e-6
2.0455744291177816e-5
7.070052109306738e-6
-1.6736408259331193e-7
8.419462961478949e-6
2.673807757060365e-6
1.613946003681671e-6
6.82875657843759e-6
2.8338805177855634e-6
-5.950244680015029e-7
4.0833849879818733e-7
2.8338805177855634e-6
-1.1415903641990252e-6
-1.5512605364927903e-6
-5.950244680015029e-7
-1.5512605364927903e-6
4.0833849879818733e-7
1.858844971816969e-7
-4.315893355971804e-7
-3.1984458665606603e-7
-4.315893355971804e-7
-3.2138988446450275e-7
-3.1984458665606603e-7
1.4031521307799869e-7
1.2218569448932713e-7
1.2218569448932713e-7
-4.284044715795369e-11
