1.0
0.8646122067905836
0.5785251682679357
0.29061966185117927
0.09871689549524437
0.017572547769559563
0.001076248707902384
7.558728208330938e-5
8.729186923870473e-6
-6.59168170256198e-7
1.445072585587314e-10
0.8646122067905836
0.7528148727122406
0.5035968206510446
0.2516876205606311
0.0848445913222143
0.015101940071161309
0.0009486959476220304
4.93306030997489e-5
-6.561205093325465e-7
-2.1340439577094027e-7
0.5785251682679357
0.5035968206510446
0.33560538085470565
0.1634606300689713
0.052521208047114236
0.008723645083168625
0.0005076943808822427
6.729490966848625e-6
-3.7279637638722766e-7
0.29061966185117927
0.2516876205606311
0.1634606300689713
0.07549225208240487
0.021537800458914274
0.0027699980677525905
0.00010858932025452009
8.771056030801224e-7
0.09871689549524437
0.0848445913222143
0.052521208047114236
0.021537800458914274
0.004777269159978764
0.0002824378942314898
1.030401257190785e-5
0.017572547769559563
0.015101940071161309
0.008723645083168625
0.0027699980677525905
0.0002824378942314898
2.2400928685758644e-5
0.001076248707902384
0.0009486959476220304
0.0005076943808822427
0.00010858932025452009
1.030401257190785e-5
7.558728208330938e-5
4.93306030997489e-5
6.729490966848625e-6
8.771056030801224e-7
8.729186923870473e-6
-6.561205093325465e-7
-3.7279637638722766e-7
-6.59168170256198e-7
-2.1340439577094027e-7
1.445072585587314e-10
0.8646122067905836
0.7528148727122406
0.5035968206510446
0.2516876205606311
0.0848445913222143
0.015101940071161309
0.0009486959476220304
4.93306030997489e-5
-6.561205093325465e-7
-2.1340439577094027e-7
0.7528148727122406
0.654008253491667
0.4379297956027071
0.2176674808156374
0.07271153557482583
0.012838767419137118
0.0007947535875788531
2.3573149061043483e-5
-1.065583025346264e-6
0.5035968206510446
0.4379297956027071
0.2899623505564074
0.1405409665557399
0.0445327950003912
0.007175916636615931
0.0003874876504048335
2.46637010920083e-7
0.2516876205606311
0.2176674808156374
0.1405409665557399
0.0638534011182094
0.01781596605326592
0.0021239024777717237
6.214840820448744e-5
0.0848445913222143
0.07271153557482583
0.0445327950003912
0.01781596605326592
0.0037210472368395713
0.0001567586209907145
0.015101940071161309
0.012838767419137118
0.007175916636615931
0.0021239024777717237
0.0001567586209907145
0.0009486959476220304
0.0007947535875788531
0.0003874876504048335
6.214840820448744e-5
4.93306030997489e-5
2.3573149061043483e-5
2.46637010920083e-7
-6.561205093325465e-7
-1.065583025346264e-6
-2.1340439577094027e-7
0.5785251682679357
0.5035968206510446
0.33560538085470565
0.1634606300689713
0.052521208047114236
0.008723645083168625
0.0005076943808822427
6.729490966848625e-6
-3.7279637638722766e-7
0.5035968206510446
0.4379297956027071
0.2899623505564074
0.1405409665557399
0.0445327950003912
0.007175916636615931
0.0003874876504048335
2.46637010920083e-7
0.33560538085470565
0.2899623505564074
0.1887435942966377
0.08819196922278157
0.026192040957024265
0.0036137100360220022
0.00014211923876195317
0.1634606300689713
0.1405409665557399
0.08819196922278157
0.03778796698335288
0.009350554150443792
0.000806841424731721
0.052521208047114236
0.0445327950003912
0.026192040957024265
0.009350554150443792
0.0014636962152702144
0.008723645083168625
0.007175916636615931
0.0036137100360220022
0.000806841424731721
0.0005076943808822427
0.0003874876504048335
0.00014211923876195317
6.729490966848625e-6
2.46637010920083e-7
-3.7279637638722766e-7
0.29061966185117927
0.2516876205606311
0.1634606300689713
0.07549225208240487
0.021537800458914274
0.0027699980677525905
0.00010858932025452009
8.771056030801224e-7
0.2516876205606311
0.2176674808156374
0.1405409665557399
0.0638534011182094
0.01781596605326592
0.0021239024777717237
6.214840820448744e-5
0.1634606300689713
0.1405409665557399
0.08819196922278157
0.03778796698335288
0.009350554150443792
0.000806841424731721
0.07549225208240487
0.0638534011182094
0.03778796698335288
0.013878948136327481
0.0023816251591319
0.021537800458914274
0.01781596605326592
0.009350554150443792
0.0023816251591319
0.0027699980677525905
0.0021239024777717237
0.000806841424731721
0.00010858932025452009
6.214840820448744e-5
8.771056030801224e-7
0.09871689549524437
0.0848445913222143
0.052521208047114236
0.021537800458914274
0.004777269159978764
0.0002824378942314898
1.030401257190785e-5
0.0848445913222143
0.07271153557482583
0.0445327950003912
0.01781596605326592
0.0037210472368395713
0.0001567586209907145
0.052521208047114236
0.0445327950003912
0.026192040957024265
0.009350554150443792
0.0014636962152702144
0.021537800458914274
0.01781596605326592
0.009350554150443792
0.0023816251591319
0.004777269159978764
0.0037210472368395713
0.0014636962152702144
0.0002824378942314898
0.0001567586209907145
1.030401257190785e-5
0.017572547769559563
0.015101940071161309
0.008723645083168625
0.0027699980677525905
0.0002824378942314898
2.2400928685758644e-5
0.015101940071161309
0.012838767419137118
0.007175916636615931
0.0021239024777717237
0.0001567586209907145
0.008723645083168625
0.007175916636615931
0.0036137100360220022
0.000806841424731721
0.0027699980677525905
0.0021239024777717237
0.000806841424731721
0.0002824378942314898
0.0001567586209907145
2.2400928685758644e-5
0.001076248707902384
0.0009486959476220304
0.0005076943808822427
0.00010858932025452009
1.030401257190785e-5
0.0009486959476220304
0.0007947535875788531
0.0003874876504048335
6.214840820448744e-5
0.0005076943808822427
0.0003874876504048335
0.00014211923876195317
0.00010858932025452009
6.214840820448744e-5
1.030401257190785e-5
7.558728208330938e-5
4.93306030997489e-5
6.729490966848625e-6
8.771056030801224e-7
4.93306030997489e-5
2.3573149061043483e-5
2.46637010920083e-7
6.729490966848625e-6
2.46637010920083e-7
8.771056030801224e-7
8.729186923870473e-6
-6.561205093325465e-7
-3.7279637638722766e-7
-6.561205093325465e-7
-1.065583025346264e-6
-3.7279637638722766e-7
-6.59168170256198e-7
-2.1340439577094027e-7
-2.1340439577094027e-7
1.445072585587314e-10
