1.0
0.948648535313045
0.819132614910752
0.644873650133655
0.4604734192143577
0.2946143888793074
0.16538199905579157
0.07879822574360056
0.03041023131548239
0.00900249461717133
0.001960562198411605
0.0002789309273503072
2.098904234505337e-5
6.274244683750853e-7
-3.428348975066788e-6
-1.2735843457853207e-6
1.5092116621176168e-7
8.090623604075706e-8
-4.687353521638831e-10
-3.2554069469665045e-11
0.948648535313045
0.9015396715501968
0.779089896116186
0.6133667167975163
0.43770148204117476
0.2797475993778161
0.15683240802854095
0.07465837659238612
0.02882318057038345
0.00855728609453318
0.001875390818525649
0.0002675015203901211
1.7013290942333554e-5
-8.224388740797257e-7
-3.065551489864084e-6
-9.93708547413828e-7
1.1967156848192197e-7
9.420367320084901e-8
1.1500960625672057e-10
0.819132614910752
0.779089896116186
0.6747900646869416
0.5310235421295411
0.37793206592449136
0.24042784038469678
0.13395652594566984
0.06332078787795571
0.02429313882542064
0.007192201439007053
0.0015800587411688675
0.0002232074004680735
9.652141169398664e-6
-2.720230393685957e-6
-2.2649771197456283e-6
-5.844620694645169e-7
4.138854443338873e-8
2.5973299024577246e-8
0.644873650133655
0.6133667167975163
0.5310235421295411
0.41753841304030903
0.2956148940059018
0.18631634351705498
0.10241999438765897
0.04758316813657394
0.01789562409993418
0.005198046389590652
0.0011289139278436646
0.00015681151901631875
5.137561876387155e-6
-2.175271873000034e-6
-1.207229298028456e-6
-2.4123610787735643e-7
1.954897299862217e-9
0.4604734192143577
0.43770148204117476
0.37793206592449136
0.2956148940059018
0.20767531084291826
0.1289694213531752
0.06931220551931505
0.031198460187304333
0.011257669267903503
0.00311718500549576
0.0006506151748630054
8.807343489882616e-5
3.5158642078469664e-6
-3.052935425336473e-7
-2.3962548581175595e-7
-2.822756268247846e-8
0.2946143888793074
0.2797475993778161
0.24042784038469678
0.18631634351705498
0.1289694213531752
0.07841813091808843
0.04074009014899203
0.017424663959465937
0.005837673592970353
0.0014664710422369338
0.00028018077130719177
3.603824421024828e-5
2.208320590855905e-6
4.285609378908926e-7
5.253805328076612e-8
0.16538199905579157
0.15683240802854095
0.13395652594566984
0.10241999438765897
0.06931220551931505
0.04074009014899203
0.020148898832060343
0.007973451108946442
0.0023634245446285747
0.0004958705389396629
8.105411533368574e-5
9.95207168524109e-6
9.546842845758855e-7
1.731904249341955e-7
0.07879822574360056
0.07465837659238612
0.06332078787795571
0.04758316813657394
0.031198460187304333
0.017424663959465937
0.007973451108946442
0.0028071018358675377
0.0006890776239371907
0.00010854416055541282
1.5034647153554295e-5
2.206909380767458e-6
2.467354115701376e-7
0.03041023131548239
0.02882318057038345
0.02429313882542064
0.01789562409993418
0.011257669267903503
0.005837673592970353
0.0023634245446285747
0.0006890776239371907
0.00013130585731121235
1.692696958222563e-5
3.055989579767335e-6
3.4879859709070526e-7
0.00900249461717133
0.00855728609453318
0.007192201439007053
0.005198046389590652
0.00311718500549576
0.0014664710422369338
0.0004958705389396629
0.00010854416055541282
1.692696958222563e-5
4.3543381707912585e-6
4.1866918577566104e-7
0.001960562198411605
0.001875390818525649
0.0015800587411688675
0.0011289139278436646
0.0006506151748630054
0.00028018077130719177
8.105411533368574e-5
1.5034647153554295e-5
3.055989579767335e-6
4.1866918577566104e-7
0.0002789309273503072
0.0002675015203901211
0.0002232074004680735
0.00015681151901631875
8.807343489882616e-5
3.603824421024828e-5
9.95207168524109e-6
2.206909380767458e-6
3.4879859709070526e-7
2.098904234505337e-5
1.7013290942333554e-5
9.652141169398664e-6
5.137561876387155e-6
3.5158642078469664e-6
2.208320590855905e-6
9.546842845758855e-7
2.467354115701376e-7
6.274244683750853e-7
-8.224388740797257e-7
-2.720230393685957e-6
-2.175271873000034e-6
-3.052935425336473e-7
4.285609378908926e-7
1.731904249341955e-7
-3.428348975066788e-6
-3.065551489864084e-6
-2.2649771197456283e-6
-1.207229298028456e-6
-2.3962548581175595e-7
5.253805328076612e-8
-1.2735843457853207e-6
-9.93708547413828e-7
-5.844620694645169e-7
-2.4123610787735643e-7
-2.822756268247846e-8
1.5092116621176168e-7
1.1967156848192197e-7
4.138854443338873e-8
1.954897299862217e-9
8.090623604075706e-8
9.420367320084901e-8
2.5973299024577246e-8
-4.687353521638831e-10
1.1500960625672057e-10
-3.2554069469665045e-11
0.948648535313045
0.9015396715501968
0.779089896116186
0.6133667167975163
0.43770148204117476
0.2797475993778161
0.15683240802854095
0.07465837659238612
0.02882318057038345
0.00855728609453318
0.001875390818525649
0.0002675015203901211
1.7013290942333554e-5
-8.224388740797257e-7
-3.065551489864084e-6
-9.93708547413828e-7
1.1967156848192197e-7
9.420367320084901e-8
1.1500960625672057e-10
0.9015396715501968
0.8564574739001921
0.7408441189165327
0.5833133259891711
0.4160149026989226
0.26558787266512723
0.14869565137135324
0.0707042019071437
0.027295783564819952
0.008121602355930692
0.0017870555855182785
0.0002531552849896894
1.2411614263164065e-5
-2.6428635489514133e-6
-2.8934621007040386e-6
-8.382170203628901e-7
9.584600873113978e-8
5.477241260504215e-8
0.779089896116186
0.7408441189165327
0.6410702762675623
0.504676145886438
0.359010646714606
0.22814065078876744
0.12691089742687187
0.05989440415698522
0.02295424625001224
0.0067959232523825824
0.0014925054113126067
0.0002060911056903189
4.485325576415233e-6
-4.405259761626626e-6
-2.291348003744957e-6
-4.73525959596098e-7
2.8637359167618326e-8
0.6133667167975163
0.5833133259891711
0.504676145886438
0.3962366399615929
0.28047171952581884
0.1765836438098643
0.09690232121156303
0.04491487399742266
0.01684410563002158
0.004876246565203993
0.0010518577571196031
0.0001409047776927574
9.59179991542261e-7
-3.2944451074245943e-6
-1.1616401298811972e-6
-1.4138946192345176e-7
0.43770148204117476
0.4160149026989226
0.359010646714606
0.28047171952581884
0.1966045979601172
0.12196971766167716
0.06542366270421081
0.029354198916875185
0.01053555636118399
0.00289136951988461
0.0005941865496777934
7.617732736138497e-5
9.284529208209823e-7
-8.930151479521354e-7
-2.035194310760171e-7
0.2797475993778161
0.26558787266512723
0.22814065078876744
0.1765836438098643
0.12196971766167716
0.07391355574632584
0.038302550423530146
0.016312124353824738
0.005419909139487223
0.0013370427711652797
0.00024701419328137505
2.884195975245478e-5
7.527958818289904e-7
6.725089571352125e-8
0.15683240802854095
0.14869565137135324
0.12691089742687187
0.09690232121156303
0.06542366270421081
0.038302550423530146
0.018829874727603876
0.0074030596874031405
0.0021659481937234388
0.00043964401561150156
6.578908598101146e-5
6.520520385833923e-6
2.7084088613392247e-7
0.07465837659238612
0.0707042019071437
0.05989440415698522
0.04491487399742266
0.029354198916875185
0.016312124353824738
0.0074030596874031405
0.0025682845000748653
0.0006144300063961343
8.890623348136714e-5
9.829563434093608e-6
9.577038178020364e-7
0.02882318057038345
0.027295783564819952
0.02295424625001224
0.01684410563002158
0.01053555636118399
0.005419909139487223
0.0021659481937234388
0.0006144300063961343
0.00010665007755107266
1.051236180709095e-5
1.3865006731770822e-6
0.00855728609453318
0.008121602355930692
0.0067959232523825824
0.004876246565203993
0.00289136951988461
0.0013370427711652797
0.00043964401561150156
8.890623348136714e-5
1.051236180709095e-5
1.7849485870567584e-6
0.001875390818525649
0.0017870555855182785
0.0014925054113126067
0.0010518577571196031
0.0005941865496777934
0.00024701419328137505
6.578908598101146e-5
9.829563434093608e-6
1.3865006731770822e-6
0.0002675015203901211
0.0002531552849896894
0.0002060911056903189
0.0001409047776927574
7.617732736138497e-5
2.884195975245478e-5
6.520520385833923e-6
9.577038178020364e-7
1.7013290942333554e-5
1.2411614263164065e-5
4.485325576415233e-6
9.59179991542261e-7
9.284529208209823e-7
7.527958818289904e-7
2.7084088613392247e-7
-8.224388740797257e-7
-2.6428635489514133e-6
-4.405259761626626e-6
-3.2944451074245943e-6
-8.930151479521354e-7
6.725089571352125e-8
-3.065551489864084e-6
-2.8934621007040386e-6
-2.291348003744957e-6
-1.1616401298811972e-6
-2.035194310760171e-7
-9.93708547413828e-7
-8.382170203628901e-7
-4.73525959596098e-7
-1.4138946192345176e-7
1.1967156848192197e-7
9.584600873113978e-8
2.8637359167618326e-8
9.420367320084901e-8
5.477241260504215e-8
1.1500960625672057e-10
0.819132614910752
0.779089896116186
0.6747900646869416
0.5310235421295411
0.37793206592449136
0.24042784038469678
0.13395652594566984
0.06332078787795571
0.02429313882542064
0.007192201439007053
0.0015800587411688675
0.0002232074004680735
9.652141169398664e-6
-2.720230393685957e-6
-2.2649771197456283e-6
-5.844620694645169e-7
4.138854443338873e-8
2.5973299024577246e-8
0.779089896116186
0.7408441189165327
0.6410702762675623
0.504676145886438
0.359010646714606
0.22814065078876744
0.12691089742687187
0.05989440415698522
0.02295424625001224
0.0067959232523825824
0.0014925054113126067
0.0002060911056903189
4.485325576415233e-6
-4.405259761626626e-6
-2.291348003744957e-6
-4.73525959596098e-7
2.8637359167618326e-8
0.6747900646869416
0.6410702762675623
0.5541333133651575
0.43553117001193714
0.30916438579418315
0.19556471799128522
0.10805416967822143
0.05054985097272452
0.01918107145543587
0.005623180513928487
0.00122131061336685
0.0001606011876448431
-1.94533879528492e-6
-5.249673122278116e-6
-1.5661289228099973e-6
-1.6632582788183794e-7
0.5310235421295411
0.504676145886438
0.43553117001193714
0.34094684192189295
0.24043826367231438
0.15070134544340916
0.08209329541388685
0.037653744280883916
0.013920379136018356
0.003956875367726023
0.0008340582877947272
0.00010461402448690918
-2.6646216049433833e-6
-3.007031838425815e-6
-5.155639815154016e-7
0.37793206592449136
0.359010646714606
0.30916438579418315
0.24043826367231438
0.1676172872878323
0.10328095490643173
0.054940411703309294
0.024333842250827322
0.008556789773999776
0.002274066704547695
0.0004474853299748352
5.234311329142487e-5
-6.05177296639444e-7
-5.65375681733931e-7
0.24042784038469678
0.22814065078876744
0.19556471799128522
0.15070134544340916
0.10328095490643173
0.06197374785827756
0.03171815667429288
0.013283232089124712
0.004288083987950629
0.001002854239556895
0.0001688092223418959
1.6571574815564055e-5
4.425359414394e-8
0.13395652594566984
0.12691089742687187
0.10805416967822143
0.08209329541388685
0.054940411703309294
0.03171815667429288
0.015306179551999487
0.0058646613318150955
0.0016462391959777552
0.00030376770883295775
3.670963982848984e-5
2.1169506181598093e-6
0.06332078787795571
0.05989440415698522
0.05054985097272452
0.037653744280883916
0.024333842250827322
0.013283232089124712
0.0058646613318150955
0.0019530899054194069
0.00043187852387977627
5.070162541061184e-5
3.1279041786183606e-6
0.02429313882542064
0.02295424625001224
0.01918107145543587
0.013920379136018356
0.008556789773999776
0.004288083987950629
0.0016462391959777552
0.00043187852387977627
6.14707265449983e-5
2.552564548816745e-6
0.007192201439007053
0.0067959232523825824
0.005623180513928487
0.003956875367726023
0.002274066704547695
0.001002854239556895
0.00030376770883295775
5.070162541061184e-5
2.552564548816745e-6
0.0015800587411688675
0.0014925054113126067
0.00122131061336685
0.0008340582877947272
0.0004474853299748352
0.0001688092223418959
3.670963982848984e-5
3.1279041786183606e-6
0.0002232074004680735
0.0002060911056903189
0.0001606011876448431
0.00010461402448690918
5.234311329142487e-5
1.6571574815564055e-5
2.1169506181598093e-6
9.652141169398664e-6
4.485325576415233e-6
-1.94533879528492e-6
-2.6646216049433833e-6
-6.05177296639444e-7
4.425359414394e-8
-2.720230393685957e-6
-4.405259761626626e-6
-5.249673122278116e-6
-3.007031838425815e-6
-5.65375681733931e-7
-2.2649771197456283e-6
-2.291348003744957e-6
-1.5661289228099973e-6
-5.155639815154016e-7
-5.844620694645169e-7
-4.73525959596098e-7
-1.6632582788183794e-7
4.138854443338873e-8
2.8637359167618326e-8
2.5973299024577246e-8
0.644873650133655
0.6133667167975163
0.5310235421295411
0.41753841304030903
0.2956148940059018
0.18631634351705498
0.10241999438765897
0.04758316813657394
0.01789562409993418
0.005198046389590652
0.0011289139278436646
0.00015681151901631875
5.137561876387155e-6
-2.175271873000034e-6
-1.207229298028456e-6
-2.4123610787735643e-7
1.954897299862217e-9
0.6133667167975163
0.5833133259891711
0.504676145886438
0.3962366399615929
0.28047171952581884
0.1765836438098643
0.09690232121156303
0.04491487399742266
0.01684410563002158
0.004876246565203993
0.0010518577571196031
0.0001409047776927574
9.59179991542261e-7
-3.2944451074245943e-6
-1.1616401298811972e-6
-1.4138946192345176e-7
0.5310235421295411
0.504676145886438
0.43553117001193714
0.34094684192189295
0.24043826367231438
0.15070134544340916
0.08209329541388685
0.037653744280883916
0.013920379136018356
0.003956875367726023
0.0008340582877947272
0.00010461402448690918
-2.6646216049433833e-6
-3.007031838425815e-6
-5.155639815154016e-7
0.41753841304030903
0.3962366399615929
0.34094684192189295
0.2655118756771381
0.18571141809222297
0.11506099611160435
0.06171893649415776
0.027672793170517906
0.009902651714413157
0.002691231054468845
0.0005393134818356393
6.270111899488058e-5
-1.9049972444322893e-6
-1.1727114844551423e-6
0.2956148940059018
0.28047171952581884
0.24043826367231438
0.18571141809222297
0.12812921731157956
0.07778646405803097
0.040549114924944445
0.017465949458380918
0.005883424786993041
0.0014619945927807799
0.0002613799642784446
2.6295268365483083e-5
-4.0280713058805613e-7
0.18631634351705498
0.1765836438098643
0.15070134544340916
0.11506099611160435
0.07778646405803097
0.045768784189942874
0.022791615083187187
0.009179013459536466
0.002788493930251127
0.0005845241003729885
8.12056026208371e-5
5.111356105973445e-6
0.10241999438765897
0.09690232121156303
0.08209329541388685
0.06171893649415776
0.040549114924944445
0.022791615083187187
0.010584035002068112
0.0038316772080728956
0.0009759974242420903
0.00014676415691965077
1.0757198173513184e-5
0.04758316813657394
0.04491487399742266
0.037653744280883916
0.027672793170517906
0.017465949458380918
0.009179013459536466
0.0038316772080728956
0.001164981949444099
0.00021662496208178217
1.4848753090424957e-5
0.01789562409993418
0.01684410563002158
0.013920379136018356
0.009902651714413157
0.005883424786993041
0.002788493930251127
0.0009759974242420903
0.00021662496208178217
1.9041609841491992e-5
0.005198046389590652
0.004876246565203993
0.003956875367726023
0.002691231054468845
0.0014619945927807799
0.0005845241003729885
0.00014676415691965077
1.4848753090424957e-5
0.0011289139278436646
0.0010518577571196031
0.0008340582877947272
0.0005393134818356393
0.0002613799642784446
8.12056026208371e-5
1.0757198173513184e-5
0.00015681151901631875
0.0001409047776927574
0.00010461402448690918
6.270111899488058e-5
2.6295268365483083e-5
5.111356105973445e-6
5.137561876387155e-6
9.59179991542261e-7
-2.6646216049433833e-6
-1.9049972444322893e-6
-4.0280713058805613e-7
-2.175271873000034e-6
-3.2944451074245943e-6
-3.007031838425815e-6
-1.1727114844551423e-6
-1.207229298028456e-6
-1.1616401298811972e-6
-5.155639815154016e-7
-2.4123610787735643e-7
-1.4138946192345176e-7
1.954897299862217e-9
0.4604734192143577
0.43770148204117476
0.37793206592449136
0.2956148940059018
0.20767531084291826
0.1289694213531752
0.06931220551931505
0.031198460187304333
0.011257669267903503
0.00311718500549576
0.0006506151748630054
8.807343489882616e-5
3.5158642078469664e-6
-3.052935425336473e-7
-2.3962548581175595e-7
-2.822756268247846e-8
0.43770148204117476
0.4160149026989226
0.359010646714606
0.28047171952581884
0.1966045979601172
0.12196971766167716
0.06542366270421081
0.029354198916875185
0.01053555636118399
0.00289136951988461
0.0005941865496777934
7.617732736138497e-5
9.284529208209823e-7
-8.930151479521354e-7
-2.035194310760171e-7
0.37793206592449136
0.359010646714606
0.30916438579418315
0.24043826367231438
0.1676172872878323
0.10328095490643173
0.054940411703309294
0.024333842250827322
0.008556789773999776
0.002274066704547695
0.0004474853299748352
5.234311329142487e-5
-6.05177296639444e-7
-5.65375681733931e-7
0.2956148940059018
0.28047171952581884
0.24043826367231438
0.18571141809222297
0.12812921731157956
0.07778646405803097
0.040549114924944445
0.017465949458380918
0.005883424786993041
0.0014619945927807799
0.0002613799642784446
2.6295268365483083e-5
-4.0280713058805613e-7
0.20767531084291826
0.1966045979601172
0.1676172872878323
0.12812921731157956
0.08690593842845218
0.051427404413223916
0.02584450322240855
0.010561469026783931
0.0032859147565149315
0.00071581708970504
0.00010385526278215171
6.853963523450463e-6
0.1289694213531752
0.12196971766167716
0.10328095490643173
0.07778646405803097
0.051427404413223916
0.02924833052653526
0.013854292237031593
0.005181211874497481
0.0013951832275713692
0.0002332105375070467
2.0495762730580798e-5
0.06931220551931505
0.06542366270421081
0.054940411703309294
0.040549114924944445
0.02584450322240855
0.013854292237031593
0.005989864585825328
0.0019333309628366744
0.0004003573383067367
3.654345177229625e-5
0.031198460187304333
0.029354198916875185
0.024333842250827322
0.017465949458380918
0.010561469026783931
0.005181211874497481
0.0019333309628366744
0.0004830154493087035
5.691127951224814e-5
0.011257669267903503
0.01053555636118399
0.008556789773999776
0.005883424786993041
0.0032859147565149315
0.0013951832275713692
0.0004003573383067367
5.691127951224814e-5
0.00311718500549576
0.00289136951988461
0.002274066704547695
0.0014619945927807799
0.00071581708970504
0.0002332105375070467
3.654345177229625e-5
0.0006506151748630054
0.0005941865496777934
0.0004474853299748352
0.0002613799642784446
0.00010385526278215171
2.0495762730580798e-5
8.807343489882616e-5
7.617732736138497e-5
5.234311329142487e-5
2.6295268365483083e-5
6.853963523450463e-6
3.5158642078469664e-6
9.284529208209823e-7
-6.05177296639444e-7
-4.0280713058805613e-7
-3.052935425336473e-7
-8.930151479521354e-7
-5.65375681733931e-7
-2.3962548581175595e-7
-2.035194310760171e-7
-2.822756268247846e-8
0.2946143888793074
0.2797475993778161
0.24042784038469678
0.18631634351705498
0.1289694213531752
0.07841813091808843
0.04074009014899203
0.017424663959465937
0.005837673592970353
0.0014664710422369338
0.00028018077130719177
3.603824421024828e-5
2.208320590855905e-6
4.285609378908926e-7
5.253805328076612e-8
0.2797475993778161
0.26558787266512723
0.22814065078876744
0.1765836438098643
0.12196971766167716
0.07391355574632584
0.038302550423530146
0.016312124353824738
0.005419909139487223
0.0013370427711652797
0.00024701419328137505
2.884195975245478e-5
7.527958818289904e-7
6.725089571352125e-8
0.24042784038469678
0.22814065078876744
0.19556471799128522
0.15070134544340916
0.10328095490643173
0.06197374785827756
0.03171815667429288
0.013283232089124712
0.004288083987950629
0.001002854239556895
0.0001688092223418959
1.6571574815564055e-5
4.425359414394e-8
0.18631634351705498
0.1765836438098643
0.15070134544340916
0.11506099611160435
0.07778646405803097
0.045768784189942874
0.022791615083187187
0.009179013459536466
0.002788493930251127
0.0005845241003729885
8.12056026208371e-5
5.111356105973445e-6
0.1289694213531752
0.12196971766167716
0.10328095490643173
0.07778646405803097
0.051427404413223916
0.02924833052653526
0.013854292237031593
0.005181211874497481
0.0013951832275713692
0.0002332105375070467
2.0495762730580798e-5
0.07841813091808843
0.07391355574632584
0.06197374785827756
0.045768784189942874
0.02924833052653526
0.015755708352460332
0.00686681099075172
0.0022475577447347577
0.00047838578333320164
4.691426460003525e-5
0.04074009014899203
0.038302550423530146
0.03171815667429288
0.022791615083187187
0.013854292237031593
0.00686681099075172
0.0026090366779305684
0.0006715979443960941
8.428810676903599e-5
0.017424663959465937
0.016312124353824738
0.013283232089124712
0.009179013459536466
0.005181211874497481
0.0022475577447347577
0.0006715979443960941
0.00010366450382285646
0.005837673592970353
0.005419909139487223
0.004288083987950629
0.002788493930251127
0.0013951832275713692
0.00047838578333320164
8.428810676903599e-5
0.0014664710422369338
0.0013370427711652797
0.001002854239556895
0.0005845241003729885
0.0002332105375070467
4.691426460003525e-5
0.00028018077130719177
0.00024701419328137505
0.0001688092223418959
8.12056026208371e-5
2.0495762730580798e-5
3.603824421024828e-5
2.884195975245478e-5
1.6571574815564055e-5
5.111356105973445e-6
2.208320590855905e-6
7.527958818289904e-7
4.425359414394e-8
4.285609378908926e-7
6.725089571352125e-8
5.253805328076612e-8
0.16538199905579157
0.15683240802854095
0.13395652594566984
0.10241999438765897
0.06931220551931505
0.04074009014899203
0.020148898832060343
0.007973451108946442
0.0023634245446285747
0.0004958705389396629
8.105411533368574e-5
9.95207168524109e-6
9.546842845758855e-7
1.731904249341955e-7
0.15683240802854095
0.14869565137135324
0.12691089742687187
0.09690232121156303
0.06542366270421081
0.038302550423530146
0.018829874727603876
0.0074030596874031405
0.0021659481937234388
0.00043964401561150156
6.578908598101146e-5
6.520520385833923e-6
2.7084088613392247e-7
0.13395652594566984
0.12691089742687187
0.10805416967822143
0.08209329541388685
0.054940411703309294
0.03171815667429288
0.015306179551999487
0.0058646613318150955
0.0016462391959777552
0.00030376770883295775
3.670963982848984e-5
2.1169506181598093e-6
0.10241999438765897
0.09690232121156303
0.08209329541388685
0.06171893649415776
0.040549114924944445
0.022791615083187187
0.010584035002068112
0.0038316772080728956
0.0009759974242420903
0.00014676415691965077
1.0757198173513184e-5
0.06931220551931505
0.06542366270421081
0.054940411703309294
0.040549114924944445
0.02584450322240855
0.013854292237031593
0.005989864585825328
0.0019333309628366744
0.0004003573383067367
3.654345177229625e-5
0.04074009014899203
0.038302550423530146
0.03171815667429288
0.022791615083187187
0.013854292237031593
0.00686681099075172
0.0026090366779305684
0.0006715979443960941
8.428810676903599e-5
0.020148898832060343
0.018829874727603876
0.015306179551999487
0.010584035002068112
0.005989864585825328
0.0026090366779305684
0.0007830785122071834
0.0001218078354730262
0.007973451108946442
0.0074030596874031405
0.0058646613318150955
0.0038316772080728956
0.0019333309628366744
0.0006715979443960941
0.0001218078354730262
0.0023634245446285747
0.0021659481937234388
0.0016462391959777552
0.0009759974242420903
0.0004003573383067367
8.428810676903599e-5
0.0004958705389396629
0.00043964401561150156
0.00030376770883295775
0.00014676415691965077
3.654345177229625e-5
8.105411533368574e-5
6.578908598101146e-5
3.670963982848984e-5
1.0757198173513184e-5
9.95207168524109e-6
6.520520385833923e-6
2.1169506181598093e-6
9.546842845758855e-7
2.7084088613392247e-7
1.731904249341955e-7
0.07879822574360056
0.07465837659238612
0.06332078787795571
0.04758316813657394
0.031198460187304333
0.017424663959465937
0.007973451108946442
0.0028071018358675377
0.0006890776239371907
0.00010854416055541282
1.5034647153554295e-5
2.206909380767458e-6
2.467354115701376e-7
0.07465837659238612
0.0707042019071437
0.05989440415698522
0.04491487399742266
0.029354198916875185
0.016312124353824738
0.0074030596874031405
0.0025682845000748653
0.0006144300063961343
8.890623348136714e-5
9.829563434093608e-6
9.577038178020364e-7
0.06332078787795571
0.05989440415698522
0.05054985097272452
0.037653744280883916
0.024333842250827322
0.013283232089124712
0.0058646613318150955
0.0019530899054194069
0.00043187852387977627
5.070162541061184e-5
3.1279041786183606e-6
0.04758316813657394
0.04491487399742266
0.037653744280883916
0.027672793170517906
0.017465949458380918
0.009179013459536466
0.0038316772080728956
0.001164981949444099
0.00021662496208178217
1.4848753090424957e-5
0.031198460187304333
0.029354198916875185
0.024333842250827322
0.017465949458380918
0.010561469026783931
0.005181211874497481
0.0019333309628366744
0.0004830154493087035
5.691127951224814e-5
0.017424663959465937
0.016312124353824738
0.013283232089124712
0.009179013459536466
0.005181211874497481
0.0022475577447347577
0.0006715979443960941
0.00010366450382285646
0.007973451108946442
0.0074030596874031405
0.0058646613318150955
0.0038316772080728956
0.0019333309628366744
0.0006715979443960941
0.0001218078354730262
0.0028071018358675377
0.0025682845000748653
0.0019530899054194069
0.001164981949444099
0.0004830154493087035
0.00010366450382285646
0.0006890776239371907
0.0006144300063961343
0.00043187852387977627
0.00021662496208178217
5.691127951224814e-5
0.00010854416055541282
8.890623348136714e-5
5.070162541061184e-5
1.4848753090424957e-5
1.5034647153554295e-5
9.829563434093608e-6
3.1279041786183606e-6
2.206909380767458e-6
9.577038178020364e-7
2.467354115701376e-7
0.03041023131548239
0.02882318057038345
0.02429313882542064
0.01789562409993418
0.011257669267903503
0.005837673592970353
0.0023634245446285747
0.0006890776239371907
0.00013130585731121235
1.692696958222563e-5
3.055989579767335e-6
3.4879859709070526e-7
0.02882318057038345
0.027295783564819952
0.02295424625001224
0.01684410563002158
0.01053555636118399
0.005419909139487223
0.0021659481937234388
0.0006144300063961343
0.00010665007755107266
1.051236180709095e-5
1.3865006731770822e-6
0.02429313882542064
0.02295424625001224
0.01918107145543587
0.013920379136018356
0.008556789773999776
0.004288083987950629
0.0016462391959777552
0.00043187852387977627
6.14707265449983e-5
2.552564548816745e-6
0.01789562409993418
0.01684410563002158
0.013920379136018356
0.009902651714413157
0.005883424786993041
0.002788493930251127
0.0009759974242420903
0.00021662496208178217
1.9041609841491992e-5
0.011257669267903503
0.01053555636118399
0.008556789773999776
0.005883424786993041
0.0032859147565149315
0.0013951832275713692
0.0004003573383067367
5.691127951224814e-5
0.005837673592970353
0.005419909139487223
0.004288083987950629
0.002788493930251127
0.0013951832275713692
0.00047838578333320164
8.428810676903599e-5
0.0023634245446285747
0.0021659481937234388
0.0016462391959777552
0.0009759974242420903
0.0004003573383067367
8.428810676903599e-5
0.0006890776239371907
0.0006144300063961343
0.00043187852387977627
0.00021662496208178217
5.691127951224814e-5
0.00013130585731121235
0.00010665007755107266
6.14707265449983e-5
1.9041609841491992e-5
1.692696958222563e-5
1.051236180709095e-5
2.552564548816745e-6
3.055989579767335e-6
1.3865006731770822e-6
3.4879859709070526e-7
0.00900249461717133
0.00855728609453318
0.007192201439007053
0.005198046389590652
0.00311718500549576
0.0014664710422369338
0.0004958705389396629
0.00010854416055541282
1.692696958222563e-5
4.3543381707912585e-6
4.1866918577566104e-7
0.00855728609453318
0.008121602355930692
0.0067959232523825824
0.004876246565203993
0.00289136951988461
0.0013370427711652797
0.00043964401561150156
8.890623348136714e-5
1.051236180709095e-5
1.7849485870567584e-6
0.007192201439007053
0.0067959232523825824
0.005623180513928487
0.003956875367726023
0.002274066704547695
0.001002854239556895
0.00030376770883295775
5.070162541061184e-5
2.552564548816745e-6
0.005198046389590652
0.004876246565203993
0.003956875367726023
0.002691231054468845
0.0014619945927807799
0.0005845241003729885
0.00014676415691965077
1.4848753090424957e-5
0.00311718500549576
0.00289136951988461
0.002274066704547695
0.0014619945927807799
0.00071581708970504
0.0002332105375070467
3.654345177229625e-5
0.0014664710422369338
0.0013370427711652797
0.001002854239556895
0.0005845241003729885
0.0002332105375070467
4.691426460003525e-5
0.0004958705389396629
0.00043964401561150156
0.00030376770883295775
0.00014676415691965077
3.654345177229625e-5
0.00010854416055541282
8.890623348136714e-5
5.070162541061184e-5
1.4848753090424957e-5
1.692696958222563e-5
1.051236180709095e-5
2.552564548816745e-6
4.3543381707912585e-6
1.7849485870567584e-6
4.1866918577566104e-7
0.001960562198411605
0.001875390818525649
0.0015800587411688675
0.0011289139278436646
0.0006506151748630054
0.00028018077130719177
8.105411533368574e-5
1.5034647153554295e-5
3.055989579767335e-6
4.1866918577566104e-7
0.001875390818525649
0.0017870555855182785
0.0014925054113126067
0.0010518577571196031
0.0005941865496777934
0.00024701419328137505
6.578908598101146e-5
9.829563434093608e-6
1.3865006731770822e-6
0.0015800587411688675
0.0014925054113126067
0.00122131061336685
0.0008340582877947272
0.0004474853299748352
0.0001688092223418959
3.670963982848984e-5
3.1279041786183606e-6
0.0011289139278436646
0.0010518577571196031
0.0008340582877947272
0.0005393134818356393
0.0002613799642784446
8.12056026208371e-5
1.0757198173513184e-5
0.0006506151748630054
0.0005941865496777934
0.0004474853299748352
0.0002613799642784446
0.00010385526278215171
2.0495762730580798e-5
0.00028018077130719177
0.00024701419328137505
0.0001688092223418959
8.12056026208371e-5
2.0495762730580798e-5
8.105411533368574e-5
6.578908598101146e-5
3.670963982848984e-5
1.0757198173513184e-5
1.5034647153554295e-5
9.829563434093608e-6
3.1279041786183606e-6
3.055989579767335e-6
1.3865006731770822e-6
4.1866918577566104e-7
0.0002789309273503072
0.0002675015203901211
0.0002232074004680735
0.00015681151901631875
8.807343489882616e-5
3.603824421024828e-5
9.95207168524109e-6
2.206909380767458e-6
3.4879859709070526e-7
0.0002675015203901211
0.0002531552849896894
0.0002060911056903189
0.0001409047776927574
7.617732736138497e-5
2.884195975245478e-5
6.520520385833923e-6
9.577038178020364e-7
0.0002232074004680735
0.0002060911056903189
0.0001606011876448431
0.00010461402448690918
5.234311329142487e-5
1.6571574815564055e-5
2.1169506181598093e-6
0.00015681151901631875
0.0001409047776927574
0.00010461402448690918
6.270111899488058e-5
2.6295268365483083e-5
5.111356105973445e-6
8.807343489882616e-5
7.617732736138497e-5
5.234311329142487e-5
2.6295268365483083e-5
6.853963523450463e-6
3.603824421024828e-5
2.884195975245478e-5
1.6571574815564055e-5
5.111356105973445e-6
9.95207168524109e-6
6.520520385833923e-6
2.1169506181598093e-6
2.206909380767458e-6
9.577038178020364e-7
3.4879859709070526e-7
2.098904234505337e-5
1.7013290942333554e-5
9.652141169398664e-6
5.137561876387155e-6
3.5158642078469664e-6
2.208320590855905e-6
9.546842845758855e-7
2.467354115701376e-7
1.7013290942333554e-5
1.2411614263164065e-5
4.485325576415233e-6
9.59179991542261e-7
9.284529208209823e-7
7.527958818289904e-7
2.7084088613392247e-7
9.652141169398664e-6
4.485325576415233e-6
-1.94533879528492e-6
-2.6646216049433833e-6
-6.05177296639444e-7
4.425359414394e-8
5.137561876387155e-6
9.59179991542261e-7
-2.6646216049433833e-6
-1.9049972444322893e-6
-4.0280713058805613e-7
3.5158642078469664e-6
9.284529208209823e-7
-6.05177296639444e-7
-4.0280713058805613e-7
2.208320590855905e-6
7.527958818289904e-7
4.425359414394e-8
9.546842845758855e-7
2.7084088613392247e-7
2.467354115701376e-7
6.274244683750853e-7
-8.224388740797257e-7
-2.720230393685957e-6
-2.175271873000034e-6
-3.052935425336473e-7
4.285609378908926e-7
1.731904249341955e-7
-8.224388740797257e-7
-2.6428635489514133e-6
-4.405259761626626e-6
-3.2944451074245943e-6
-8.930151479521354e-7
6.725089571352125e-8
-2.720230393685957e-6
-4.405259761626626e-6
-5.249673122278116e-6
-3.007031838425815e-6
-5.65375681733931e-7
-2.175271873000034e-6
-3.2944451074245943e-6
-3.007031838425815e-6
-1.1727114844551423e-6
-3.052935425336473e-7
-8.930151479521354e-7
-5.65375681733931e-7
4.285609378908926e-7
6.725089571352125e-8
1.731904249341955e-7
-3.428348975066788e-6
-3.065551489864084e-6
-2.2649771197456283e-6
-1.207229298028456e-6
-2.3962548581175595e-7
5.253805328076612e-8
-3.065551489864084e-6
-2.8934621007040386e-6
-2.291348003744957e-6
-1.1616401298811972e-6
-2.035194310760171e-7
-2.2649771197456283e-6
-2.291348003744957e-6
-1.5661289228099973e-6
-5.155639815154016e-7
-1.207229298028456e-6
-1.1616401298811972e-6
-5.155639815154016e-7
-2.3962548581175595e-7
-2.035194310760171e-7
5.253805328076612e-8
-1.2735843457853207e-6
-9.93708547413828e-7
-5.844620694645169e-7
-2.4123610787735643e-7
-2.822756268247846e-8
-9.93708547413828e-7
-8.382170203628901e-7
-4.73525959596098e-7
-1.4138946192345176e-7
-5.844620694645169e-7
-4.73525959596098e-7
-1.6632582788183794e-7
-2.4123610787735643e-7
-1.4138946192345176e-7
-2.822756268247846e-8
1.5092116621176168e-7
1.1967156848192197e-7
4.138854443338873e-8
1.954897299862217e-9
1.1967156848192197e-7
9.584600873113978e-8
2.8637359167618326e-8
4.138854443338873e-8
2.8637359167618326e-8
1.954897299862217e-9
8.090623604075706e-8
9.420367320084901e-8
2.5973299024577246e-8
9.420367320084901e-8
5.477241260504215e-8
2.5973299024577246e-8
-4.687353521638831e-10
1.1500960625672057e-10
1.1500960625672057e-10
-3.2554069469665045e-11
