1.0
0.7855983043457249
0.5711966077480729
0.26908564255698414
0.10132247293165147
0.014602931200537404
0.0009648594035247526
-4.169884981582457e-5
7.180981220252099e-6
-2.0798902569269523e-10
0.7855983043457249
0.6495285164223957
0.45818699969848875
0.22034741645819542
0.08131218719178482
0.012257804239260222
0.0008863290256248947
-6.181481603174054e-6
-2.916329377876472e-6
0.5711966077480729
0.45818699969848875
0.3316892380600156
0.1504798359654728
0.053192264907986335
0.0073341207591669805
0.0004269386536506469
-1.2194775098881436e-5
0.26908564255698414
0.22034741645819542
0.1504798359654728
0.06412538577223963
0.018779028574680574
0.0014651885083166942
4.608402824488172e-5
0.10132247293165147
0.08131218719178482
0.053192264907986335
0.018779028574680574
0.003196367421198891
0.00018128471819375423
0.014602931200537404
0.012257804239260222
0.0073341207591669805
0.0014651885083166942
0.00018128471819375423
0.0009648594035247526
0.0008863290256248947
0.0004269386536506469
4.608402824488172e-5
-4.169884981582457e-5
-6.181481603174054e-6
-1.2194775098881436e-5
7.180981220252099e-6
-2.916329377876472e-6
-2.0798902569269523e-10
0.7855983043457249
0.6495285164223957
0.45818699969848875
0.22034741645819542
0.08131218719178482
0.012257804239260222
0.0008863290256248947
-6.181481603174054e-6
-2.916329377876472e-6
0.6495285164223957
0.5193465483463452
0.3775820832826854
0.17653851234018175
0.06592731391541039
0.00986782813978922
0.000909850300364583
-6.914808861260555e-6
0.45818699969848875
0.3775820832826854
0.2644235038631524
0.1218765401484253
0.04196837318326393
0.005662554521355701
0.0003453724632001525
0.22034741645819542
0.17653851234018175
0.1218765401484253
0.05019218595464243
0.014158429316561279
0.0010867876106996255
0.08131218719178482
0.06592731391541039
0.04196837318326393
0.014158429316561279
0.0024242335605373323
0.012257804239260222
0.00986782813978922
0.005662554521355701
0.0010867876106996255
0.0008863290256248947
0.000909850300364583
0.0003453724632001525
-6.181481603174054e-6
-6.914808861260555e-6
-2.916329377876472e-6
0.5711966077480729
0.45818699969848875
0.3316892380600156
0.1504798359654728
0.053192264907986335
0.0073341207591669805
0.0004269386536506469
-1.2194775098881436e-5
0.45818699969848875
0.3775820832826854
0.2644235038631524
0.1218765401484253
0.04196837318326393
0.005662554521355701
0.0003453724632001525
0.3316892380600156
0.2644235038631524
0.18605925953138677
0.08085767807041315
0.025629110279858015
0.002984990137470816
0.1504798359654728
0.1218765401484253
0.08085767807041315
0.030626301052762026
0.007710750099110901
0.053192264907986335
0.04196837318326393
0.025629110279858015
0.007710750099110901
0.0073341207591669805
0.005662554521355701
0.002984990137470816
0.0004269386536506469
0.0003453724632001525
-1.2194775098881436e-5
0.26908564255698414
0.22034741645819542
0.1504798359654728
0.06412538577223963
0.018779028574680574
0.0014651885083166942
4.608402824488172e-5
0.22034741645819542
0.17653851234018175
0.1218765401484253
0.05019218595464243
0.014158429316561279
0.0010867876106996255
0.1504798359654728
0.1218765401484253
0.08085767807041315
0.030626301052762026
0.007710750099110901
0.06412538577223963
0.05019218595464243
0.030626301052762026
0.008876918616424275
0.018779028574680574
0.014158429316561279
0.007710750099110901
0.0014651885083166942
0.0010867876106996255
4.608402824488172e-5
0.10132247293165147
0.08131218719178482
0.053192264907986335
0.018779028574680574
0.003196367421198891
0.00018128471819375423
0.08131218719178482
0.06592731391541039
0.04196837318326393
0.014158429316561279
0.0024242335605373323
0.053192264907986335
0.04196837318326393
0.025629110279858015
0.007710750099110901
0.018779028574680574
0.014158429316561279
0.007710750099110901
0.003196367421198891
0.0024242335605373323
0.00018128471819375423
0.014602931200537404
0.012257804239260222
0.0073341207591669805
0.0014651885083166942
0.00018128471819375423
0.012257804239260222
0.00986782813978922
0.005662554521355701
0.0010867876106996255
0.0073341207591669805
0.005662554521355701
0.002984990137470816
0.0014651885083166942
0.0010867876106996255
0.00018128471819375423
0.0009648594035247526
0.0008863290256248947
0.0004269386536506469
4.608402824488172e-5
0.0008863290256248947
0.000909850300364583
0.0003453724632001525
0.0004269386536506469
0.0003453724632001525
4.608402824488172e-5
-4.169884981582457e-5
-6.181481603174054e-6
-1.2194775098881436e-5
-6.181481603174054e-6
-6.914808861260555e-6
-1.2194775098881436e-5
7.180981220252099e-6
-2.916329377876472e-6
-2.916329377876472e-6
-2.0798902569269523e-10
