1.0
0.883500498810412
0.7670009975350083
0.5383244765847941
0.36513000223680536
0.18955811742952783
0.09094336545621647
0.026634838803304174
0.007105622403098034
0.0006446822452623457
0.00012037430085594283
1.9900016122862606e-5
9.136320150264884e-7
-9.990494085988071e-7
1.7765202516490336e-7
1.0537237029679035e-11
0.883500498810412
0.80008377038531
0.6837973479438396
0.48717100373292127
0.3262340403362926
0.1715700117965789
0.08159088782454528
0.02443913933520364
0.006458589786332457
0.0006648430194766409
0.00010575494587922192
6.64807779790631e-6
-1.876923249683902e-6
-4.479039799305889e-7
4.059533676282327e-8
0.7670009975350083
0.6837973479438396
0.5961307967017394
0.41719786360687017
0.28112906766938456
0.144363377538178
0.06851986954273129
0.01994089186820232
0.005312329300966937
0.0005370449069509155
8.034107349886674e-5
8.144935661236653e-7
-2.5636236301584984e-6
-5.7426894303341465e-8
0.5383244765847941
0.48717100373292127
0.41719786360687017
0.2955788462640594
0.1938081571679423
0.0986413889311856
0.0449808617919997
0.012680823788182834
0.0032253976877993132
0.00032324418205036457
3.4638505922815546e-5
-2.4781543161978416e-6
3.584210674325727e-7
0.36513000223680536
0.3262340403362926
0.28112906766938456
0.1938081571679423
0.12648869278584565
0.06110447874607473
0.02661039224531851
0.006682367127466579
0.001522654481128442
0.00013818139313794632
1.08081956457428e-5
2.9919934304766085e-6
0.18955811742952783
0.1715700117965789
0.144363377538178
0.0986413889311856
0.06110447874607473
0.02812890677341185
0.010953690386286427
0.0021913567040080344
0.0003983715193927423
2.2323826195132256e-5
7.38603515299547e-6
0.09094336545621647
0.08159088782454528
0.06851986954273129
0.0449808617919997
0.02661039224531851
0.010953690386286427
0.003660231116144367
0.0005319082455615288
5.6023378402154306e-5
1.3537174245078646e-5
0.026634838803304174
0.02443913933520364
0.01994089186820232
0.012680823788182834
0.006682367127466579
0.0021913567040080344
0.0005319082455615288
5.157967697679346e-5
1.4485797715175555e-5
0.007105622403098034
0.006458589786332457
0.005312329300966937
0.0032253976877993132
0.001522654481128442
0.0003983715193927423
5.6023378402154306e-5
1.4485797715175555e-5
0.0006446822452623457
0.0006648430194766409
0.0005370449069509155
0.00032324418205036457
0.00013818139313794632
2.2323826195132256e-5
1.3537174245078646e-5
0.00012037430085594283
0.00010575494587922192
8.034107349886674e-5
3.4638505922815546e-5
1.08081956457428e-5
7.38603515299547e-6
1.9900016122862606e-5
6.64807779790631e-6
8.144935661236653e-7
-2.4781543161978416e-6
2.9919934304766085e-6
9.136320150264884e-7
-1.876923249683902e-6
-2.5636236301584984e-6
3.584210674325727e-7
-9.990494085988071e-7
-4.479039799305889e-7
-5.7426894303341465e-8
1.7765202516490336e-7
4.059533676282327e-8
1.0537237029679035e-11
0.883500498810412
0.80008377038531
0.6837973479438396
0.48717100373292127
0.3262340403362926
0.1715700117965789
0.08159088782454528
0.02443913933520364
0.006458589786332457
0.0006648430194766409
0.00010575494587922192
6.64807779790631e-6
-1.876923249683902e-6
-4.479039799305889e-7
4.059533676282327e-8
0.80008377038531
0.7110339647907163
0.6194327389891001
0.4350318158659084
0.2951048832816836
0.153208799497811
0.07391052364737513
0.02197580560733076
0.005941589747671499
0.000625442933288562
0.00010137680436684906
-1.6139563186390782e-6
-3.4154953133591598e-6
-2.1259804738010966e-8
0.6837973479438396
0.6194327389891001
0.5306752032167705
0.3777883529401227
0.2510447331400608
0.13052617546864037
0.06124331835149645
0.018098364811541076
0.004757081093372029
0.0005023746120418944
5.7499416082949704e-5
-6.049835769071235e-6
-1.6585967256809408e-6
0.48717100373292127
0.4350318158659084
0.3777883529401227
0.26291622909039286
0.17517948998728708
0.08778433437228642
0.040481070850448074
0.011219740912935785
0.0028375975114980486
0.0002810314195145147
2.257562011893933e-5
-2.0578074466702755e-6
0.3262340403362926
0.2951048832816836
0.2510447331400608
0.17517948998728708
0.1124039181110192
0.05498753971016459
0.023605781055700464
0.005884012822517887
0.0013082535175800896
9.747751857401363e-5
9.512337519153664e-6
0.1715700117965789
0.153208799497811
0.13052617546864037
0.08778433437228642
0.05498753971016459
0.024729661323945704
0.00968178972454841
0.0018620853527127525
0.0002790098909330934
1.60592197951719e-5
0.08159088782454528
0.07391052364737513
0.06124331835149645
0.040481070850448074
0.023605781055700464
0.00968178972454841
0.003175451141613368
0.00036948014440164433
3.920570783255672e-5
0.02443913933520364
0.02197580560733076
0.018098364811541076
0.011219740912935785
0.005884012822517887
0.0018620853527127525
0.00036948014440164433
1.0410343677215598e-5
0.006458589786332457
0.005941589747671499
0.004757081093372029
0.0028375975114980486
0.0013082535175800896
0.0002790098909330934
3.920570783255672e-5
0.0006648430194766409
0.000625442933288562
0.0005023746120418944
0.0002810314195145147
9.747751857401363e-5
1.60592197951719e-5
0.00010575494587922192
0.00010137680436684906
5.7499416082949704e-5
2.257562011893933e-5
9.512337519153664e-6
6.64807779790631e-6
-1.6139563186390782e-6
-6.049835769071235e-6
-2.0578074466702755e-6
-1.876923249683902e-6
-3.4154953133591598e-6
-1.6585967256809408e-6
-4.479039799305889e-7
-2.1259804738010966e-8
4.059533676282327e-8
0.7670009975350083
0.6837973479438396
0.5961307967017394
0.41719786360687017
0.28112906766938456
0.144363377538178
0.06851986954273129
0.01994089186820232
0.005312329300966937
0.0005370449069509155
8.034107349886674e-5
8.144935661236653e-7
-2.5636236301584984e-6
-5.7426894303341465e-8
0.6837973479438396
0.6194327389891001
0.5306752032167705
0.3777883529401227
0.2510447331400608
0.13052617546864037
0.06124331835149645
0.018098364811541076
0.004757081093372029
0.0005023746120418944
5.7499416082949704e-5
-6.049835769071235e-6
-1.6585967256809408e-6
0.5961307967017394
0.5306752032167705
0.4603062031025269
0.3217531609764166
0.2154740873323029
0.10926867534836274
0.05097485712389053
0.01450887462094741
0.003782755053969217
0.0003751255165064841
3.440870281810868e-5
-2.0856660858283545e-6
0.41719786360687017
0.3777883529401227
0.3217531609764166
0.22580530218051337
0.14709202919727898
0.07378107952433602
0.03293748352061697
0.008887694415538678
0.00215315436635818
0.00019754064348664844
1.2553292764861683e-5
0.28112906766938456
0.2510447331400608
0.2154740873323029
0.14709202919727898
0.09436718173051743
0.044786805613780775
0.018870395253335927
0.004463992340502575
0.0009031031571663888
5.89160188758252e-5
0.144363377538178
0.13052617546864037
0.10926867534836274
0.07378107952433602
0.044786805613780775
0.019817237805867298
0.007401058475958663
0.0012868390248397896
0.00017926144745540297
0.06851986954273129
0.06124331835149645
0.05097485712389053
0.03293748352061697
0.018870395253335927
0.007401058475958663
0.002228920548269733
0.00023327851289729247
0.01994089186820232
0.018098364811541076
0.01450887462094741
0.008887694415538678
0.004463992340502575
0.0012868390248397896
0.00023327851289729247
0.005312329300966937
0.004757081093372029
0.003782755053969217
0.00215315436635818
0.0009031031571663888
0.00017926144745540297
0.0005370449069509155
0.0005023746120418944
0.0003751255165064841
0.00019754064348664844
5.89160188758252e-5
8.034107349886674e-5
5.7499416082949704e-5
3.440870281810868e-5
1.2553292764861683e-5
8.144935661236653e-7
-6.049835769071235e-6
-2.0856660858283545e-6
-2.5636236301584984e-6
-1.6585967256809408e-6
-5.7426894303341465e-8
0.5383244765847941
0.48717100373292127
0.41719786360687017
0.2955788462640594
0.1938081571679423
0.0986413889311856
0.0449808617919997
0.012680823788182834
0.0032253976877993132
0.00032324418205036457
3.4638505922815546e-5
-2.4781543161978416e-6
3.584210674325727e-7
0.48717100373292127
0.4350318158659084
0.3777883529401227
0.26291622909039286
0.17517948998728708
0.08778433437228642
0.040481070850448074
0.011219740912935785
0.0028375975114980486
0.0002810314195145147
2.257562011893933e-5
-2.0578074466702755e-6
0.41719786360687017
0.3777883529401227
0.3217531609764166
0.22580530218051337
0.14709202919727898
0.07378107952433602
0.03293748352061697
0.008887694415538678
0.00215315436635818
0.00019754064348664844
1.2553292764861683e-5
0.2955788462640594
0.26291622909039286
0.22580530218051337
0.1545555652485906
0.09997927854096487
0.04802584828356387
0.020788589121602963
0.005096878737022312
0.0010901562546747129
8.295926009563113e-5
0.1938081571679423
0.17517948998728708
0.14709202919727898
0.09997927854096487
0.06195052294568037
0.028347043704446014
0.011230790778349466
0.0022696990591786212
0.0003739717731336911
0.0986413889311856
0.08778433437228642
0.07378107952433602
0.04802584828356387
0.028347043704446014
0.0116211795277976
0.003844681764194597
0.0005218943733985524
0.0449808617919997
0.040481070850448074
0.03293748352061697
0.020788589121602963
0.011230790778349466
0.003844681764194597
0.0009901241712269567
0.012680823788182834
0.011219740912935785
0.008887694415538678
0.005096878737022312
0.0022696990591786212
0.0005218943733985524
0.0032253976877993132
0.0028375975114980486
0.00215315436635818
0.0010901562546747129
0.0003739717731336911
0.00032324418205036457
0.0002810314195145147
0.00019754064348664844
8.295926009563113e-5
3.4638505922815546e-5
2.257562011893933e-5
1.2553292764861683e-5
-2.4781543161978416e-6
-2.0578074466702755e-6
3.584210674325727e-7
0.36513000223680536
0.3262340403362926
0.28112906766938456
0.1938081571679423
0.12648869278584565
0.06110447874607473
0.02661039224531851
0.006682367127466579
0.001522654481128442
0.00013818139313794632
1.08081956457428e-5
2.9919934304766085e-6
0.3262340403362926
0.2951048832816836
0.2510447331400608
0.17517948998728708
0.1124039181110192
0.05498753971016459
0.023605781055700464
0.005884012822517887
0.0013082535175800896
9.747751857401363e-5
9.512337519153664e-6
0.28112906766938456
0.2510447331400608
0.2154740873323029
0.14709202919727898
0.09436718173051743
0.044786805613780775
0.018870395253335927
0.004463992340502575
0.0009031031571663888
5.89160188758252e-5
0.1938081571679423
0.17517948998728708
0.14709202919727898
0.09997927854096487
0.06195052294568037
0.028347043704446014
0.011230790778349466
0.0022696990591786212
0.0003739717731336911
0.12648869278584565
0.1124039181110192
0.09436718173051743
0.06195052294568037
0.03678242562820166
0.015529644401265176
0.00527346862419186
0.000812845469779398
0.06110447874607473
0.05498753971016459
0.044786805613780775
0.028347043704446014
0.015529644401265176
0.005379610074214756
0.0014479913299551169
0.02661039224531851
0.023605781055700464
0.018870395253335927
0.011230790778349466
0.00527346862419186
0.0014479913299551169
0.006682367127466579
0.005884012822517887
0.004463992340502575
0.0022696990591786212
0.000812845469779398
0.001522654481128442
0.0013082535175800896
0.0009031031571663888
0.0003739717731336911
0.00013818139313794632
9.747751857401363e-5
5.89160188758252e-5
1.08081956457428e-5
9.512337519153664e-6
2.9919934304766085e-6
0.18955811742952783
0.1715700117965789
0.144363377538178
0.0986413889311856
0.06110447874607473
0.02812890677341185
0.010953690386286427
0.0021913567040080344
0.0003983715193927423
2.2323826195132256e-5
7.38603515299547e-6
0.1715700117965789
0.153208799497811
0.13052617546864037
0.08778433437228642
0.05498753971016459
0.024729661323945704
0.00968178972454841
0.0018620853527127525
0.0002790098909330934
1.60592197951719e-5
0.144363377538178
0.13052617546864037
0.10926867534836274
0.07378107952433602
0.044786805613780775
0.019817237805867298
0.007401058475958663
0.0012868390248397896
0.00017926144745540297
0.0986413889311856
0.08778433437228642
0.07378107952433602
0.04802584828356387
0.028347043704446014
0.0116211795277976
0.003844681764194597
0.0005218943733985524
0.06110447874607473
0.05498753971016459
0.044786805613780775
0.028347043704446014
0.015529644401265176
0.005379610074214756
0.0014479913299551169
0.02812890677341185
0.024729661323945704
0.019817237805867298
0.0116211795277976
0.005379610074214756
0.0014112061802894812
0.010953690386286427
0.00968178972454841
0.007401058475958663
0.003844681764194597
0.0014479913299551169
0.0021913567040080344
0.0018620853527127525
0.0012868390248397896
0.0005218943733985524
0.0003983715193927423
0.0002790098909330934
0.00017926144745540297
2.2323826195132256e-5
1.60592197951719e-5
7.38603515299547e-6
0.09094336545621647
0.08159088782454528
0.06851986954273129
0.0449808617919997
0.02661039224531851
0.010953690386286427
0.003660231116144367
0.0005319082455615288
5.6023378402154306e-5
1.3537174245078646e-5
0.08159088782454528
0.07391052364737513
0.06124331835149645
0.040481070850448074
0.023605781055700464
0.00968178972454841
0.003175451141613368
0.00036948014440164433
3.920570783255672e-5
0.06851986954273129
0.06124331835149645
0.05097485712389053
0.03293748352061697
0.018870395253335927
0.007401058475958663
0.002228920548269733
0.00023327851289729247
0.0449808617919997
0.040481070850448074
0.03293748352061697
0.020788589121602963
0.011230790778349466
0.003844681764194597
0.0009901241712269567
0.02661039224531851
0.023605781055700464
0.018870395253335927
0.011230790778349466
0.00527346862419186
0.0014479913299551169
0.010953690386286427
0.00968178972454841
0.007401058475958663
0.003844681764194597
0.0014479913299551169
0.003660231116144367
0.003175451141613368
0.002228920548269733
0.0009901241712269567
0.0005319082455615288
0.00036948014440164433
0.00023327851289729247
5.6023378402154306e-5
3.920570783255672e-5
1.3537174245078646e-5
0.026634838803304174
0.02443913933520364
0.01994089186820232
0.012680823788182834
0.006682367127466579
0.0021913567040080344
0.0005319082455615288
5.157967697679346e-5
1.4485797715175555e-5
0.02443913933520364
0.02197580560733076
0.018098364811541076
0.011219740912935785
0.005884012822517887
0.0018620853527127525
0.00036948014440164433
1.0410343677215598e-5
0.01994089186820232
0.018098364811541076
0.01450887462094741
0.008887694415538678
0.004463992340502575
0.0012868390248397896
0.00023327851289729247
0.012680823788182834
0.011219740912935785
0.008887694415538678
0.005096878737022312
0.0022696990591786212
0.0005218943733985524
0.006682367127466579
0.005884012822517887
0.004463992340502575
0.0022696990591786212
0.000812845469779398
0.0021913567040080344
0.0018620853527127525
0.0012868390248397896
0.0005218943733985524
0.0005319082455615288
0.00036948014440164433
0.00023327851289729247
5.157967697679346e-5
1.0410343677215598e-5
1.4485797715175555e-5
0.007105622403098034
0.006458589786332457
0.005312329300966937
0.0032253976877993132
0.001522654481128442
0.0003983715193927423
5.6023378402154306e-5
1.4485797715175555e-5
0.006458589786332457
0.005941589747671499
0.004757081093372029
0.0028375975114980486
0.0013082535175800896
0.0002790098909330934
3.920570783255672e-5
0.005312329300966937
0.004757081093372029
0.003782755053969217
0.00215315436635818
0.0009031031571663888
0.00017926144745540297
0.0032253976877993132
0.0028375975114980486
0.00215315436635818
0.0010901562546747129
0.0003739717731336911
0.001522654481128442
0.0013082535175800896
0.0009031031571663888
0.0003739717731336911
0.0003983715193927423
0.0002790098909330934
0.00017926144745540297
5.6023378402154306e-5
3.920570783255672e-5
1.4485797715175555e-5
0.0006446822452623457
0.0006648430194766409
0.0005370449069509155
0.00032324418205036457
0.00013818139313794632
2.2323826195132256e-5
1.3537174245078646e-5
0.0006648430194766409
0.000625442933288562
0.0005023746120418944
0.0002810314195145147
9.747751857401363e-5
1.60592197951719e-5
0.0005370449069509155
0.0005023746120418944
0.0003751255165064841
0.00019754064348664844
5.89160188758252e-5
0.00032324418205036457
0.0002810314195145147
0.00019754064348664844
8.295926009563113e-5
0.00013818139313794632
9.747751857401363e-5
5.89160188758252e-5
2.2323826195132256e-5
1.60592197951719e-5
1.3537174245078646e-5
0.00012037430085594283
0.00010575494587922192
8.034107349886674e-5
3.4638505922815546e-5
1.08081956457428e-5
7.38603515299547e-6
0.00010575494587922192
0.00010137680436684906
5.7499416082949704e-5
2.257562011893933e-5
9.512337519153664e-6
8.034107349886674e-5
5.7499416082949704e-5
3.440870281810868e-5
1.2553292764861683e-5
3.4638505922815546e-5
2.257562011893933e-5
1.2553292764861683e-5
1.08081956457428e-5
9.512337519153664e-6
7.38603515299547e-6
1.9900016122862606e-5
6.64807779790631e-6
8.144935661236653e-7
-2.4781543161978416e-6
2.9919934304766085e-6
6.64807779790631e-6
-1.6139563186390782e-6
-6.049835769071235e-6
-2.0578074466702755e-6
8.144935661236653e-7
-6.049835769071235e-6
-2.0856660858283545e-6
-2.4781543161978416e-6
-2.0578074466702755e-6
2.9919934304766085e-6
9.136320150264884e-7
-1.876923249683902e-6
-2.5636236301584984e-6
3.584210674325727e-7
-1.876923249683902e-6
-3.4154953133591598e-6
-1.6585967256809408e-6
-2.5636236301584984e-6
-1.6585967256809408e-6
3.584210674325727e-7
-9.990494085988071e-7
-4.479039799305889e-7
-5.7426894303341465e-8
-4.479039799305889e-7
-2.1259804738010966e-8
-5.7426894303341465e-8
1.7765202516490336e-7
4.059533676282327e-8
4.059533676282327e-8
1.0537237029679035e-11
