1.0
0.6430611058712771
0.2861222075426347
0.04068571733308014
3.661279395752137e-9
-1.3516060813095667e-10
0.6430611058712771
0.45820527135914857
0.18854003889927318
0.028422875259540407
5.106474966597774e-10
0.2861222075426347
0.18854003889927318
0.06482073030285784
0.004693018999347385
0.04068571733308014
0.028422875259540407
0.004693018999347385
3.661279395752137e-9
5.106474966597774e-10
-1.3516060813095667e-10
0.6430611058712771
0.45820527135914857
0.18854003889927318
0.028422875259540407
5.106474966597774e-10
0.45820527135914857
0.30463875617635205
0.1281778776328881
0.016758845499368905
0.18854003889927318
0.1281778776328881
0.03894632679790232
0.028422875259540407
0.016758845499368905
5.106474966597774e-10
0.2861222075426347
0.18854003889927318
0.06482073030285784
0.004693018999347385
0.18854003889927318
0.1281778776328881
0.03894632679790232
0.06482073030285784
0.03894632679790232
0.004693018999347385
0.04068571733308014
0.028422875259540407
0.004693018999347385
0.028422875259540407
0.016758845499368905
0.004693018999347385
3.661279395752137e-9
5.106474966597774e-10
5.106474966597774e-10
-1.3516060813095667e-10
