1.0
0.8454764265957434
0.6909528529116502
0.4205854486199325
0.23876089806247314
0.08572049072099
0.02436822814053222
0.0029081881889673916
0.00011458566070817986
6.516129834326765e-6
-1.6415219745861711e-6
-7.412926338943171e-7
2.0715001733046642e-11
0.8454764265957434
0.7414758460430676
0.5913259007019221
0.3685569207914903
0.20389946578817725
0.07575024051592756
0.02096750334650231
0.002772337158998895
0.00010558968737149406
8.272581021599642e-6
-9.987792773290678e-7
-4.884921856512325e-7
0.6909528529116502
0.5913259007019221
0.4856657672528002
0.2922262511254851
0.16345252032776936
0.05716028673759135
0.016175204631254787
0.001970331729050669
8.261630107423534e-5
-1.8198494643548045e-6
-4.955997999149258e-6
0.4205854486199325
0.3685569207914903
0.2922262511254851
0.1781782987288814
0.09295998728433139
0.03156092070933918
0.007655368584433121
0.0009286191033173827
2.0667492430392497e-5
2.9903559259987068e-6
0.23876089806247314
0.20389946578817725
0.16345252032776936
0.09295998728433139
0.04759339596271628
0.013323311784886402
0.002680941750875781
0.00016386107141260126
1.7483060943039432e-5
0.08572049072099
0.07575024051592756
0.05716028673759135
0.03156092070933918
0.013323311784886402
0.0030750535271994958
0.00028996746004939
4.9862259032250576e-5
0.02436822814053222
0.02096750334650231
0.016175204631254787
0.007655368584433121
0.002680941750875781
0.00028996746004939
9.071783444982008e-5
0.0029081881889673916
0.002772337158998895
0.001970331729050669
0.0009286191033173827
0.00016386107141260126
4.9862259032250576e-5
0.00011458566070817986
0.00010558968737149406
8.261630107423534e-5
2.0667492430392497e-5
1.7483060943039432e-5
6.516129834326765e-6
8.272581021599642e-6
-1.8198494643548045e-6
2.9903559259987068e-6
-1.6415219745861711e-6
-9.987792773290678e-7
-4.955997999149258e-6
-7.412926338943171e-7
-4.884921856512325e-7
2.0715001733046642e-11
0.8454764265957434
0.7414758460430676
0.5913259007019221
0.3685569207914903
0.20389946578817725
0.07575024051592756
0.02096750334650231
0.002772337158998895
0.00010558968737149406
8.272581021599642e-6
-9.987792773290678e-7
-4.884921856512325e-7
0.7414758460430676
0.6329315207080819
0.5190205097619585
0.31571630841810067
0.17874668715093933
0.06449901932468628
0.018745857209837482
0.0023092709044111016
9.923627142888667e-5
1.2559627329769028e-6
3.460968127069818e-7
0.5913259007019221
0.5190205097619585
0.41399651278777866
0.2564247183239428
0.1388031332771919
0.050250306145167636
0.013454649839573566
0.0017895064497860298
5.632244240992261e-5
-6.454477024725761e-6
0.3685569207914903
0.31571630841810067
0.2564247183239428
0.15084390426441674
0.08137626495126626
0.026222580701312413
0.006610386721135048
0.0006558329987753687
1.4252929811303735e-5
0.20389946578817725
0.17874668715093933
0.1388031332771919
0.08137626495126626
0.03941092871462686
0.011589363899326246
0.0019290831556908574
0.0001257888882578958
0.07575024051592756
0.06449901932468628
0.050250306145167636
0.026222580701312413
0.011589363899326246
0.0022152649457368684
0.0001981770740360068
0.02096750334650231
0.018745857209837482
0.013454649839573566
0.006610386721135048
0.0019290831556908574
0.0001981770740360068
0.002772337158998895
0.0023092709044111016
0.0017895064497860298
0.0006558329987753687
0.0001257888882578958
0.00010558968737149406
9.923627142888667e-5
5.632244240992261e-5
1.4252929811303735e-5
8.272581021599642e-6
1.2559627329769028e-6
-6.454477024725761e-6
-9.987792773290678e-7
3.460968127069818e-7
-4.884921856512325e-7
0.6909528529116502
0.5913259007019221
0.4856657672528002
0.2922262511254851
0.16345252032776936
0.05716028673759135
0.016175204631254787
0.001970331729050669
8.261630107423534e-5
-1.8198494643548045e-6
-4.955997999149258e-6
0.5913259007019221
0.5190205097619585
0.41399651278777866
0.2564247183239428
0.1388031332771919
0.050250306145167636
0.013454649839573566
0.0017895064497860298
5.632244240992261e-5
-6.454477024725761e-6
0.4856657672528002
0.41399651278777866
0.33738115492075604
0.2009646322124217
0.11059000661383768
0.037084556626278804
0.010077813153869387
0.0011679609668079672
4.23072589907858e-5
0.2922262511254851
0.2564247183239428
0.2009646322124217
0.11998811470583295
0.060924471169500644
0.019770780111632247
0.004264545662162085
0.00046663963760361967
0.16345252032776936
0.1388031332771919
0.11059000661383768
0.060924471169500644
0.02999531848339787
0.007626166084238056
0.001310780027227715
0.05716028673759135
0.050250306145167636
0.037084556626278804
0.019770780111632247
0.007626166084238056
0.0014892016069641175
0.016175204631254787
0.013454649839573566
0.010077813153869387
0.004264545662162085
0.001310780027227715
0.001970331729050669
0.0017895064497860298
0.0011679609668079672
0.00046663963760361967
8.261630107423534e-5
5.632244240992261e-5
4.23072589907858e-5
-1.8198494643548045e-6
-6.454477024725761e-6
-4.955997999149258e-6
0.4205854486199325
0.3685569207914903
0.2922262511254851
0.1781782987288814
0.09295998728433139
0.03156092070933918
0.007655368584433121
0.0009286191033173827
2.0667492430392497e-5
2.9903559259987068e-6
0.3685569207914903
0.31571630841810067
0.2564247183239428
0.15084390426441674
0.08137626495126626
0.026222580701312413
0.006610386721135048
0.0006558329987753687
1.4252929811303735e-5
0.2922262511254851
0.2564247183239428
0.2009646322124217
0.11998811470583295
0.060924471169500644
0.019770780111632247
0.004264545662162085
0.00046663963760361967
0.1781782987288814
0.15084390426441674
0.11998811470583295
0.06652519190057296
0.03304005836467762
0.008621182429318041
0.0016195416013951097
0.09295998728433139
0.08137626495126626
0.060924471169500644
0.03304005836467762
0.013558192250765084
0.0029780073868910855
0.03156092070933918
0.026222580701312413
0.019770780111632247
0.008621182429318041
0.0029780073868910855
0.007655368584433121
0.006610386721135048
0.004264545662162085
0.0016195416013951097
0.0009286191033173827
0.0006558329987753687
0.00046663963760361967
2.0667492430392497e-5
1.4252929811303735e-5
2.9903559259987068e-6
0.23876089806247314
0.20389946578817725
0.16345252032776936
0.09295998728433139
0.04759339596271628
0.013323311784886402
0.002680941750875781
0.00016386107141260126
1.7483060943039432e-5
0.20389946578817725
0.17874668715093933
0.1388031332771919
0.08137626495126626
0.03941092871462686
0.011589363899326246
0.0019290831556908574
0.0001257888882578958
0.16345252032776936
0.1388031332771919
0.11059000661383768
0.060924471169500644
0.02999531848339787
0.007626166084238056
0.001310780027227715
0.09295998728433139
0.08137626495126626
0.060924471169500644
0.03304005836467762
0.013558192250765084
0.0029780073868910855
0.04759339596271628
0.03941092871462686
0.02999531848339787
0.013558192250765084
0.0049455029274202865
0.013323311784886402
0.011589363899326246
0.007626166084238056
0.0029780073868910855
0.002680941750875781
0.0019290831556908574
0.001310780027227715
0.00016386107141260126
0.0001257888882578958
1.7483060943039432e-5
0.08572049072099
0.07575024051592756
0.05716028673759135
0.03156092070933918
0.013323311784886402
0.0030750535271994958
0.00028996746004939
4.9862259032250576e-5
0.07575024051592756
0.06449901932468628
0.050250306145167636
0.026222580701312413
0.011589363899326246
0.0022152649457368684
0.0001981770740360068
0.05716028673759135
0.050250306145167636
0.037084556626278804
0.019770780111632247
0.007626166084238056
0.0014892016069641175
0.03156092070933918
0.026222580701312413
0.019770780111632247
0.008621182429318041
0.0029780073868910855
0.013323311784886402
0.011589363899326246
0.007626166084238056
0.0029780073868910855
0.0030750535271994958
0.0022152649457368684
0.0014892016069641175
0.00028996746004939
0.0001981770740360068
4.9862259032250576e-5
0.02436822814053222
0.02096750334650231
0.016175204631254787
0.007655368584433121
0.002680941750875781
0.00028996746004939
9.071783444982008e-5
0.02096750334650231
0.018745857209837482
0.013454649839573566
0.006610386721135048
0.0019290831556908574
0.0001981770740360068
0.016175204631254787
0.013454649839573566
0.010077813153869387
0.004264545662162085
0.001310780027227715
0.007655368584433121
0.006610386721135048
0.004264545662162085
0.0016195416013951097
0.002680941750875781
0.0019290831556908574
0.001310780027227715
0.00028996746004939
0.0001981770740360068
9.071783444982008e-5
0.0029081881889673916
0.002772337158998895
0.001970331729050669
0.0009286191033173827
0.00016386107141260126
4.9862259032250576e-5
0.002772337158998895
0.0023092709044111016
0.0017895064497860298
0.0006558329987753687
0.0001257888882578958
0.001970331729050669
0.0017895064497860298
0.0011679609668079672
0.00046663963760361967
0.0009286191033173827
0.0006558329987753687
0.00046663963760361967
0.00016386107141260126
0.0001257888882578958
4.9862259032250576e-5
0.00011458566070817986
0.00010558968737149406
8.261630107423534e-5
2.0667492430392497e-5
1.7483060943039432e-5
0.00010558968737149406
9.923627142888667e-5
5.632244240992261e-5
1.4252929811303735e-5
8.261630107423534e-5
5.632244240992261e-5
4.23072589907858e-5
2.0667492430392497e-5
1.4252929811303735e-5
1.7483060943039432e-5
6.516129834326765e-6
8.272581021599642e-6
-1.8198494643548045e-6
2.9903559259987068e-6
8.272581021599642e-6
1.2559627329769028e-6
-6.454477024725761e-6
-1.8198494643548045e-6
-6.454477024725761e-6
2.9903559259987068e-6
-1.6415219745861711e-6
-9.987792773290678e-7
-4.955997999149258e-6
-9.987792773290678e-7
3.460968127069818e-7
-4.955997999149258e-6
-7.412926338943171e-7
-4.884921856512325e-7
-4.884921856512325e-7
2.0715001733046642e-11
