1.0
0.9017793568572721
0.8035587136693119
0.6002804686949192
0.4379067737192121
0.2604128160399657
0.14702502796915712
0.060693267942865774
0.02223114518410902
0.004948093129485582
0.0009260931612093519
7.79854898989504e-5
1.8911070608479654e-5
-6.3943911388477715e-6
-2.1309987864933773e-6
-2.7247196845735057e-8
8.052525466838591e-8
3.679112858569811e-11
0.9017793568572721
0.8295491029676194
0.7295420731244865
0.5518197300167657
0.3982498820381828
0.23924751589759682
0.13387426036852104
0.05603974849073604
0.02043467699415375
0.004686062950465739
0.0008820348928190058
8.930057336287221e-5
1.6052112014363535e-5
-4.972206828763337e-6
-1.065601507460384e-6
2.950312879638401e-7
2.2550410351954192e-8
0.8035587136693119
0.7295420731244865
0.6526986627488216
0.4869961502578634
0.3541233330739643
0.20920862637517396
0.11730808094236429
0.0481114116245648
0.01758590163034957
0.003975057084831998
0.0007669700750283852
6.701284127431608e-5
8.808852056729762e-6
-3.3133501225949725e-6
-8.194113997503098e-7
3.9121757723847354e-8
0.6002804686949192
0.5518197300167657
0.4869961502578634
0.3677547964769655
0.2623697463833383
0.15473328274761475
0.0845124450375886
0.03420414041804068
0.01209803649161211
0.0026959547381487
0.0004984965383547877
4.0855468484842724e-5
5.655919300748067e-6
-1.227021506088532e-6
-8.944323777597448e-8
0.4379067737192121
0.3982498820381828
0.3541233330739643
0.2623697463833383
0.18780821247011298
0.1072747514242483
0.057514975267062375
0.022008299229073984
0.007407634314706332
0.00155076886569832
0.0002632671108109951
2.432036944940711e-5
4.374732447889289e-6
2.7543438853284414e-7
0.2604128160399657
0.23924751589759682
0.20920862637517396
0.15473328274761475
0.1072747514242483
0.06010296573016759
0.03040236828121824
0.010767697774512305
0.003201230313216827
0.0005596784828566422
8.648485171709698e-5
3.388848368506341e-6
1.367281754471561e-6
0.14702502796915712
0.13387426036852104
0.11730808094236429
0.0845124450375886
0.057514975267062375
0.03040236828121824
0.01455677586571901
0.004503782917436893
0.0010767906732390472
0.00015567739913793725
1.911896175256928e-5
4.954377494847674e-6
0.060693267942865774
0.05603974849073604
0.0481114116245648
0.03420414041804068
0.022008299229073984
0.010767697774512305
0.004503782917436893
0.0010828469600083644
0.00020739732460214644
1.6528857518212452e-5
6.561169027179366e-6
0.02223114518410902
0.02043467699415375
0.01758590163034957
0.01209803649161211
0.007407634314706332
0.003201230313216827
0.0010767906732390472
0.00020739732460214644
3.658694100485223e-5
8.238467866092968e-6
0.004948093129485582
0.004686062950465739
0.003975057084831998
0.0026959547381487
0.00155076886569832
0.0005596784828566422
0.00015567739913793725
1.6528857518212452e-5
8.238467866092968e-6
0.0009260931612093519
0.0008820348928190058
0.0007669700750283852
0.0004984965383547877
0.0002632671108109951
8.648485171709698e-5
1.911896175256928e-5
6.561169027179366e-6
7.79854898989504e-5
8.930057336287221e-5
6.701284127431608e-5
4.0855468484842724e-5
2.432036944940711e-5
3.388848368506341e-6
4.954377494847674e-6
1.8911070608479654e-5
1.6052112014363535e-5
8.808852056729762e-6
5.655919300748067e-6
4.374732447889289e-6
1.367281754471561e-6
-6.3943911388477715e-6
-4.972206828763337e-6
-3.3133501225949725e-6
-1.227021506088532e-6
2.7543438853284414e-7
-2.1309987864933773e-6
-1.065601507460384e-6
-8.194113997503098e-7
-8.944323777597448e-8
-2.7247196845735057e-8
2.950312879638401e-7
3.9121757723847354e-8
8.052525466838591e-8
2.2550410351954192e-8
3.679112858569811e-11
0.9017793568572721
0.8295491029676194
0.7295420731244865
0.5518197300167657
0.3982498820381828
0.23924751589759682
0.13387426036852104
0.05603974849073604
0.02043467699415375
0.004686062950465739
0.0008820348928190058
8.930057336287221e-5
1.6052112014363535e-5
-4.972206828763337e-6
-1.065601507460384e-6
2.950312879638401e-7
2.2550410351954192e-8
0.8295491029676194
0.7512062447251749
0.6712204644828615
0.5016247533103168
0.36595243398035465
0.21746667498038852
0.12296567250306749
0.051012973047962255
0.01895303432019536
0.004296182219927288
0.0008619868872443108
8.466107368985036e-5
1.5923416366584216e-5
-4.0987172396773974e-6
-3.012755067379435e-7
2.0667865223810538e-7
0.7295420731244865
0.6712204644828615
0.5918346933050231
0.4478908774159347
0.32188964434118605
0.1921170760809362
0.10662439255495464
0.04423974138207137
0.01606213837632024
0.0036962735951610614
0.000704528040276767
6.465113966627861e-5
6.672296384037326e-6
-2.9550797353402702e-6
-4.3042237257086547e-7
0.5518197300167657
0.5016247533103168
0.4478908774159347
0.3332815687038845
0.2409712419924713
0.14032082426851927
0.07740504582412548
0.030950334614098112
0.01104820348846174
0.0024190925750393576
0.0004522290455641066
3.638464144438875e-5
3.898387012433748e-6
-1.0985286374946943e-6
0.3982498820381828
0.36595243398035465
0.32188964434118605
0.2409712419924713
0.1700364601500034
0.09825808068683803
0.052073140722251866
0.020046947415667194
0.00664424709443425
0.0013706003423727786
0.00023051926070495824
1.571994509060519e-5
2.361295864678361e-6
0.23924751589759682
0.21746667498038852
0.1921170760809362
0.14032082426851927
0.09825808068683803
0.05412840855694967
0.02765539885207823
0.00961394860935035
0.00281882790220679
0.0004717711410646318
5.5619845474755444e-5
2.0823595500100905e-6
0.13387426036852104
0.12296567250306749
0.10662439255495464
0.07740504582412548
0.052073140722251866
0.02765539885207823
0.01301649047178007
0.003995417848210227
0.000934090252458824
0.00010738127262616458
1.2342218808944323e-5
0.05603974849073604
0.051012973047962255
0.04423974138207137
0.030950334614098112
0.020046947415667194
0.00961394860935035
0.003995417848210227
0.0009230181882837361
0.00013935916522085783
9.519905618816493e-6
0.02043467699415375
0.01895303432019536
0.01606213837632024
0.01104820348846174
0.00664424709443425
0.00281882790220679
0.000934090252458824
0.00013935916522085783
1.754458943576396e-5
0.004686062950465739
0.004296182219927288
0.0036962735951610614
0.0024190925750393576
0.0013706003423727786
0.0004717711410646318
0.00010738127262616458
9.519905618816493e-6
0.0008820348928190058
0.0008619868872443108
0.000704528040276767
0.0004522290455641066
0.00023051926070495824
5.5619845474755444e-5
1.2342218808944323e-5
8.930057336287221e-5
8.466107368985036e-5
6.465113966627861e-5
3.638464144438875e-5
1.571994509060519e-5
2.0823595500100905e-6
1.6052112014363535e-5
1.5923416366584216e-5
6.672296384037326e-6
3.898387012433748e-6
2.361295864678361e-6
-4.972206828763337e-6
-4.0987172396773974e-6
-2.9550797353402702e-6
-1.0985286374946943e-6
-1.065601507460384e-6
-3.012755067379435e-7
-4.3042237257086547e-7
2.950312879638401e-7
2.0667865223810538e-7
2.2550410351954192e-8
0.8035587136693119
0.7295420731244865
0.6526986627488216
0.4869961502578634
0.3541233330739643
0.20920862637517396
0.11730808094236429
0.0481114116245648
0.01758590163034957
0.003975057084831998
0.0007669700750283852
6.701284127431608e-5
8.808852056729762e-6
-3.3133501225949725e-6
-8.194113997503098e-7
3.9121757723847354e-8
0.7295420731244865
0.6712204644828615
0.5918346933050231
0.4478908774159347
0.32188964434118605
0.1921170760809362
0.10662439255495464
0.04423974138207137
0.01606213837632024
0.0036962735951610614
0.000704528040276767
6.465113966627861e-5
6.672296384037326e-6
-2.9550797353402702e-6
-4.3042237257086547e-7
0.6526986627488216
0.5918346933050231
0.527770997312865
0.39379916178878616
0.2856068168793032
0.16750350573975037
0.09305692456113293
0.037728729194887504
0.013648104700533473
0.0030759521711168553
0.0005795252704443607
4.5072086433009775e-5
7.697532693926925e-7
-1.422185016323197e-6
0.4869961502578634
0.4478908774159347
0.39379916178878616
0.2955569643901916
0.2102590862779381
0.12310364707048908
0.06651946385394868
0.02644145397344672
0.009155792827914469
0.001985519445156982
0.00035722302618466337
2.3704886169618167e-5
-4.4913849405219506e-8
0.3541233330739643
0.32188964434118605
0.2856068168793032
0.2102590862779381
0.1490323062006478
0.0844164878041954
0.0446949402396337
0.016709425030827077
0.0053840056283857695
0.0010699290873648927
0.00016683350986032195
1.0375094371549378e-5
0.20920862637517396
0.1921170760809362
0.16750350573975037
0.12310364707048908
0.0844164878041954
0.04641232626725253
0.02309336017263174
0.007870828048265676
0.0022017371067609595
0.00033062694308816116
3.734240758237902e-5
0.11730808094236429
0.10662439255495464
0.09305692456113293
0.06651946385394868
0.0446949402396337
0.02309336017263174
0.010656203099127974
0.0031400246878617393
0.000663451508466229
6.531172275864669e-5
0.0481114116245648
0.04423974138207137
0.037728729194887504
0.02644145397344672
0.016709425030827077
0.007870828048265676
0.0031400246878617393
0.0006588954034526046
8.603680382878171e-5
0.01758590163034957
0.01606213837632024
0.013648104700533473
0.009155792827914469
0.0053840056283857695
0.0022017371067609595
0.000663451508466229
8.603680382878171e-5
0.003975057084831998
0.0036962735951610614
0.0030759521711168553
0.001985519445156982
0.0010699290873648927
0.00033062694308816116
6.531172275864669e-5
0.0007669700750283852
0.000704528040276767
0.0005795252704443607
0.00035722302618466337
0.00016683350986032195
3.734240758237902e-5
6.701284127431608e-5
6.465113966627861e-5
4.5072086433009775e-5
2.3704886169618167e-5
1.0375094371549378e-5
8.808852056729762e-6
6.672296384037326e-6
7.697532693926925e-7
-4.4913849405219506e-8
-3.3133501225949725e-6
-2.9550797353402702e-6
-1.422185016323197e-6
-8.194113997503098e-7
-4.3042237257086547e-7
3.9121757723847354e-8
0.6002804686949192
0.5518197300167657
0.4869961502578634
0.3677547964769655
0.2623697463833383
0.15473328274761475
0.0845124450375886
0.03420414041804068
0.01209803649161211
0.0026959547381487
0.0004984965383547877
4.0855468484842724e-5
5.655919300748067e-6
-1.227021506088532e-6
-8.944323777597448e-8
0.5518197300167657
0.5016247533103168
0.4478908774159347
0.3332815687038845
0.2409712419924713
0.14032082426851927
0.07740504582412548
0.030950334614098112
0.01104820348846174
0.0024190925750393576
0.0004522290455641066
3.638464144438875e-5
3.898387012433748e-6
-1.0985286374946943e-6
0.4869961502578634
0.4478908774159347
0.39379916178878616
0.2955569643901916
0.2102590862779381
0.12310364707048908
0.06651946385394868
0.02644145397344672
0.009155792827914469
0.001985519445156982
0.00035722302618466337
2.3704886169618167e-5
-4.4913849405219506e-8
0.3677547964769655
0.3332815687038845
0.2955569643901916
0.21784824149450271
0.15503604540967172
0.0882916614421573
0.04724047632390324
0.01792764392130395
0.00595605664341205
0.0011949143355285414
0.00019482231959852398
9.872757133351858e-6
0.2623697463833383
0.2409712419924713
0.2102590862779381
0.15503604540967172
0.10746749202633954
0.06008088696436976
0.03071513856986099
0.011007850946175077
0.003315007275395172
0.000572556644559056
7.286108118828941e-5
0.15473328274761475
0.14032082426851927
0.12310364707048908
0.0882916614421573
0.06008088696436976
0.03174674144756037
0.015283426051908276
0.004817694438553076
0.0011655421801821824
0.00013348348344490232
0.0845124450375886
0.07740504582412548
0.06651946385394868
0.04724047632390324
0.03071513856986099
0.015283426051908276
0.006665148878309657
0.0017113556036087154
0.0002898327779237992
0.03420414041804068
0.030950334614098112
0.02644145397344672
0.01792764392130395
0.011007850946175077
0.004817694438553076
0.0017113556036087154
0.00028453269615554217
0.01209803649161211
0.01104820348846174
0.009155792827914469
0.00595605664341205
0.003315007275395172
0.0011655421801821824
0.0002898327779237992
0.0026959547381487
0.0024190925750393576
0.001985519445156982
0.0011949143355285414
0.000572556644559056
0.00013348348344490232
0.0004984965383547877
0.0004522290455641066
0.00035722302618466337
0.00019482231959852398
7.286108118828941e-5
4.0855468484842724e-5
3.638464144438875e-5
2.3704886169618167e-5
9.872757133351858e-6
5.655919300748067e-6
3.898387012433748e-6
-4.4913849405219506e-8
-1.227021506088532e-6
-1.0985286374946943e-6
-8.944323777597448e-8
0.4379067737192121
0.3982498820381828
0.3541233330739643
0.2623697463833383
0.18780821247011298
0.1072747514242483
0.057514975267062375
0.022008299229073984
0.007407634314706332
0.00155076886569832
0.0002632671108109951
2.432036944940711e-5
4.374732447889289e-6
2.7543438853284414e-7
0.3982498820381828
0.36595243398035465
0.32188964434118605
0.2409712419924713
0.1700364601500034
0.09825808068683803
0.052073140722251866
0.020046947415667194
0.00664424709443425
0.0013706003423727786
0.00023051926070495824
1.571994509060519e-5
2.361295864678361e-6
0.3541233330739643
0.32188964434118605
0.2856068168793032
0.2102590862779381
0.1490323062006478
0.0844164878041954
0.0446949402396337
0.016709425030827077
0.0053840056283857695
0.0010699290873648927
0.00016683350986032195
1.0375094371549378e-5
0.2623697463833383
0.2409712419924713
0.2102590862779381
0.15503604540967172
0.10746749202633954
0.06008088696436976
0.03071513856986099
0.011007850946175077
0.003315007275395172
0.000572556644559056
7.286108118828941e-5
0.18780821247011298
0.1700364601500034
0.1490323062006478
0.10746749202633954
0.07353515400127068
0.03939581617818276
0.01922253597212808
0.006316761111896445
0.0016211625997255264
0.00022211897791977645
0.1072747514242483
0.09825808068683803
0.0844164878041954
0.06008088696436976
0.03939581617818276
0.019848360905935686
0.008877595044074874
0.0023707138072503534
0.00045804671836906154
0.057514975267062375
0.052073140722251866
0.0446949402396337
0.03071513856986099
0.01922253597212808
0.008877595044074874
0.003359224069786339
0.0006925634460235798
0.022008299229073984
0.020046947415667194
0.016709425030827077
0.011007850946175077
0.006316761111896445
0.0023707138072503534
0.0006925634460235798
0.007407634314706332
0.00664424709443425
0.0053840056283857695
0.003315007275395172
0.0016211625997255264
0.00045804671836906154
0.00155076886569832
0.0013706003423727786
0.0010699290873648927
0.000572556644559056
0.00022211897791977645
0.0002632671108109951
0.00023051926070495824
0.00016683350986032195
7.286108118828941e-5
2.432036944940711e-5
1.571994509060519e-5
1.0375094371549378e-5
4.374732447889289e-6
2.361295864678361e-6
2.7543438853284414e-7
0.2604128160399657
0.23924751589759682
0.20920862637517396
0.15473328274761475
0.1072747514242483
0.06010296573016759
0.03040236828121824
0.010767697774512305
0.003201230313216827
0.0005596784828566422
8.648485171709698e-5
3.388848368506341e-6
1.367281754471561e-6
0.23924751589759682
0.21746667498038852
0.1921170760809362
0.14032082426851927
0.09825808068683803
0.05412840855694967
0.02765539885207823
0.00961394860935035
0.00281882790220679
0.0004717711410646318
5.5619845474755444e-5
2.0823595500100905e-6
0.20920862637517396
0.1921170760809362
0.16750350573975037
0.12310364707048908
0.0844164878041954
0.04641232626725253
0.02309336017263174
0.007870828048265676
0.0022017371067609595
0.00033062694308816116
3.734240758237902e-5
0.15473328274761475
0.14032082426851927
0.12310364707048908
0.0882916614421573
0.06008088696436976
0.03174674144756037
0.015283426051908276
0.004817694438553076
0.0011655421801821824
0.00013348348344490232
0.1072747514242483
0.09825808068683803
0.0844164878041954
0.06008088696436976
0.03939581617818276
0.019848360905935686
0.008877595044074874
0.0023707138072503534
0.00045804671836906154
0.06010296573016759
0.05412840855694967
0.04641232626725253
0.03174674144756037
0.019848360905935686
0.009051053853609665
0.0033789625002607826
0.0006641814870904194
0.03040236828121824
0.02765539885207823
0.02309336017263174
0.015283426051908276
0.008877595044074874
0.0033789625002607826
0.0010157966258539464
0.010767697774512305
0.00961394860935035
0.007870828048265676
0.004817694438553076
0.0023707138072503534
0.0006641814870904194
0.003201230313216827
0.00281882790220679
0.0022017371067609595
0.0011655421801821824
0.00045804671836906154
0.0005596784828566422
0.0004717711410646318
0.00033062694308816116
0.00013348348344490232
8.648485171709698e-5
5.5619845474755444e-5
3.734240758237902e-5
3.388848368506341e-6
2.0823595500100905e-6
1.367281754471561e-6
0.14702502796915712
0.13387426036852104
0.11730808094236429
0.0845124450375886
0.057514975267062375
0.03040236828121824
0.01455677586571901
0.004503782917436893
0.0010767906732390472
0.00015567739913793725
1.911896175256928e-5
4.954377494847674e-6
0.13387426036852104
0.12296567250306749
0.10662439255495464
0.07740504582412548
0.052073140722251866
0.02765539885207823
0.01301649047178007
0.003995417848210227
0.000934090252458824
0.00010738127262616458
1.2342218808944323e-5
0.11730808094236429
0.10662439255495464
0.09305692456113293
0.06651946385394868
0.0446949402396337
0.02309336017263174
0.010656203099127974
0.0031400246878617393
0.000663451508466229
6.531172275864669e-5
0.0845124450375886
0.07740504582412548
0.06651946385394868
0.04724047632390324
0.03071513856986099
0.015283426051908276
0.006665148878309657
0.0017113556036087154
0.0002898327779237992
0.057514975267062375
0.052073140722251866
0.0446949402396337
0.03071513856986099
0.01922253597212808
0.008877595044074874
0.003359224069786339
0.0006925634460235798
0.03040236828121824
0.02765539885207823
0.02309336017263174
0.015283426051908276
0.008877595044074874
0.0033789625002607826
0.0010157966258539464
0.01455677586571901
0.01301649047178007
0.010656203099127974
0.006665148878309657
0.003359224069786339
0.0010157966258539464
0.004503782917436893
0.003995417848210227
0.0031400246878617393
0.0017113556036087154
0.0006925634460235798
0.0010767906732390472
0.000934090252458824
0.000663451508466229
0.0002898327779237992
0.00015567739913793725
0.00010738127262616458
6.531172275864669e-5
1.911896175256928e-5
1.2342218808944323e-5
4.954377494847674e-6
0.060693267942865774
0.05603974849073604
0.0481114116245648
0.03420414041804068
0.022008299229073984
0.010767697774512305
0.004503782917436893
0.0010828469600083644
0.00020739732460214644
1.6528857518212452e-5
6.561169027179366e-6
0.05603974849073604
0.051012973047962255
0.04423974138207137
0.030950334614098112
0.020046947415667194
0.00961394860935035
0.003995417848210227
0.0009230181882837361
0.00013935916522085783
9.519905618816493e-6
0.0481114116245648
0.04423974138207137
0.037728729194887504
0.02644145397344672
0.016709425030827077
0.007870828048265676
0.0031400246878617393
0.0006588954034526046
8.603680382878171e-5
0.03420414041804068
0.030950334614098112
0.02644145397344672
0.01792764392130395
0.011007850946175077
0.004817694438553076
0.0017113556036087154
0.00028453269615554217
0.022008299229073984
0.020046947415667194
0.016709425030827077
0.011007850946175077
0.006316761111896445
0.0023707138072503534
0.0006925634460235798
0.010767697774512305
0.00961394860935035
0.007870828048265676
0.004817694438553076
0.0023707138072503534
0.0006641814870904194
0.004503782917436893
0.003995417848210227
0.0031400246878617393
0.0017113556036087154
0.0006925634460235798
0.0010828469600083644
0.0009230181882837361
0.0006588954034526046
0.00028453269615554217
0.00020739732460214644
0.00013935916522085783
8.603680382878171e-5
1.6528857518212452e-5
9.519905618816493e-6
6.561169027179366e-6
0.02223114518410902
0.02043467699415375
0.01758590163034957
0.01209803649161211
0.007407634314706332
0.003201230313216827
0.0010767906732390472
0.00020739732460214644
3.658694100485223e-5
8.238467866092968e-6
0.02043467699415375
0.01895303432019536
0.01606213837632024
0.01104820348846174
0.00664424709443425
0.00281882790220679
0.000934090252458824
0.00013935916522085783
1.754458943576396e-5
0.01758590163034957
0.01606213837632024
0.013648104700533473
0.009155792827914469
0.0053840056283857695
0.0022017371067609595
0.000663451508466229
8.603680382878171e-5
0.01209803649161211
0.01104820348846174
0.009155792827914469
0.00595605664341205
0.003315007275395172
0.0011655421801821824
0.0002898327779237992
0.007407634314706332
0.00664424709443425
0.0053840056283857695
0.003315007275395172
0.0016211625997255264
0.00045804671836906154
0.003201230313216827
0.00281882790220679
0.0022017371067609595
0.0011655421801821824
0.00045804671836906154
0.0010767906732390472
0.000934090252458824
0.000663451508466229
0.0002898327779237992
0.00020739732460214644
0.00013935916522085783
8.603680382878171e-5
3.658694100485223e-5
1.754458943576396e-5
8.238467866092968e-6
0.004948093129485582
0.004686062950465739
0.003975057084831998
0.0026959547381487
0.00155076886569832
0.0005596784828566422
0.00015567739913793725
1.6528857518212452e-5
8.238467866092968e-6
0.004686062950465739
0.004296182219927288
0.0036962735951610614
0.0024190925750393576
0.0013706003423727786
0.0004717711410646318
0.00010738127262616458
9.519905618816493e-6
0.003975057084831998
0.0036962735951610614
0.0030759521711168553
0.001985519445156982
0.0010699290873648927
0.00033062694308816116
6.531172275864669e-5
0.0026959547381487
0.0024190925750393576
0.001985519445156982
0.0011949143355285414
0.000572556644559056
0.00013348348344490232
0.00155076886569832
0.0013706003423727786
0.0010699290873648927
0.000572556644559056
0.00022211897791977645
0.0005596784828566422
0.0004717711410646318
0.00033062694308816116
0.00013348348344490232
0.00015567739913793725
0.00010738127262616458
6.531172275864669e-5
1.6528857518212452e-5
9.519905618816493e-6
8.238467866092968e-6
0.0009260931612093519
0.0008820348928190058
0.0007669700750283852
0.0004984965383547877
0.0002632671108109951
8.648485171709698e-5
1.911896175256928e-5
6.561169027179366e-6
0.0008820348928190058
0.0008619868872443108
0.000704528040276767
0.0004522290455641066
0.00023051926070495824
5.5619845474755444e-5
1.2342218808944323e-5
0.0007669700750283852
0.000704528040276767
0.0005795252704443607
0.00035722302618466337
0.00016683350986032195
3.734240758237902e-5
0.0004984965383547877
0.0004522290455641066
0.00035722302618466337
0.00019482231959852398
7.286108118828941e-5
0.0002632671108109951
0.00023051926070495824
0.00016683350986032195
7.286108118828941e-5
8.648485171709698e-5
5.5619845474755444e-5
3.734240758237902e-5
1.911896175256928e-5
1.2342218808944323e-5
6.561169027179366e-6
7.79854898989504e-5
8.930057336287221e-5
6.701284127431608e-5
4.0855468484842724e-5
2.432036944940711e-5
3.388848368506341e-6
4.954377494847674e-6
8.930057336287221e-5
8.466107368985036e-5
6.465113966627861e-5
3.638464144438875e-5
1.571994509060519e-5
2.0823595500100905e-6
6.701284127431608e-5
6.465113966627861e-5
4.5072086433009775e-5
2.3704886169618167e-5
1.0375094371549378e-5
4.0855468484842724e-5
3.638464144438875e-5
2.3704886169618167e-5
9.872757133351858e-6
2.432036944940711e-5
1.571994509060519e-5
1.0375094371549378e-5
3.388848368506341e-6
2.0823595500100905e-6
4.954377494847674e-6
1.8911070608479654e-5
1.6052112014363535e-5
8.808852056729762e-6
5.655919300748067e-6
4.374732447889289e-6
1.367281754471561e-6
1.6052112014363535e-5
1.5923416366584216e-5
6.672296384037326e-6
3.898387012433748e-6
2.361295864678361e-6
8.808852056729762e-6
6.672296384037326e-6
7.697532693926925e-7
-4.4913849405219506e-8
5.655919300748067e-6
3.898387012433748e-6
-4.4913849405219506e-8
4.374732447889289e-6
2.361295864678361e-6
1.367281754471561e-6
-6.3943911388477715e-6
-4.972206828763337e-6
-3.3133501225949725e-6
-1.227021506088532e-6
2.7543438853284414e-7
-4.972206828763337e-6
-4.0987172396773974e-6
-2.9550797353402702e-6
-1.0985286374946943e-6
-3.3133501225949725e-6
-2.9550797353402702e-6
-1.422185016323197e-6
-1.227021506088532e-6
-1.0985286374946943e-6
2.7543438853284414e-7
-2.1309987864933773e-6
-1.065601507460384e-6
-8.194113997503098e-7
-8.944323777597448e-8
-1.065601507460384e-6
-3.012755067379435e-7
-4.3042237257086547e-7
-8.194113997503098e-7
-4.3042237257086547e-7
-8.944323777597448e-8
-2.7247196845735057e-8
2.950312879638401e-7
3.9121757723847354e-8
2.950312879638401e-7
2.0667865223810538e-7
3.9121757723847354e-8
8.052525466838591e-8
2.2550410351954192e-8
2.2550410351954192e-8
3.679112858569811e-11
