1.0
0.8724995762456529
0.7449991523647133
0.5030001591747524
0.32531031615867817
0.1546577258098843
0.06565150459682802
0.015321644093371096
0.0031944915746152176
0.00014822905942549956
1.2942021073702286e-5
-8.482191580836418e-6
-8.330443201855783e-7
-1.4913149873804542e-7
-4.173842238647156e-12
0.8724995762456529
0.7842831327433516
0.6562615243412222
0.4518944123452412
0.28661621526791914
0.13917357378211317
0.05799119725389451
0.014183758440693774
0.002870405040046084
0.00019071311676292297
2.222958960216924e-5
-3.3886079749987475e-6
-7.651543597941994e-7
5.48714553444607e-9
0.7449991523647133
0.6562615243412222
0.5631680082019592
0.378219426290959
0.24271256252702697
0.11361364907808646
0.04775828239831826
0.011084315310838977
0.002353245189514566
0.00014286128796464663
5.6606758205652105e-6
-6.82247062969013e-6
-1.8008382359849e-6
0.5030001591747524
0.4518944123452412
0.378219426290959
0.25824621737086956
0.1589887696637838
0.07406412720770503
0.02903797136926832
0.006646759573270019
0.001273056337886147
8.855302581582112e-5
5.16227345754087e-6
-2.1558391548397787e-6
0.32531031615867817
0.28661621526791914
0.24271256252702697
0.1589887696637838
0.09791706893521981
0.041873335667461625
0.01563155487202644
0.00288602710277988
0.0005086364637538755
2.3999609377800253e-5
3.7065942617364922e-6
0.1546577258098843
0.13917357378211317
0.11361364907808646
0.07406412720770503
0.041873335667461625
0.016940237974344238
0.005115602471180374
0.0007180063127712461
7.206334191279611e-5
1.2588618332298995e-5
0.06565150459682802
0.05799119725389451
0.04775828239831826
0.02903797136926832
0.01563155487202644
0.005115602471180374
0.0013142539529713395
9.811703038538945e-5
2.6777149297191663e-5
0.015321644093371096
0.014183758440693774
0.011084315310838977
0.006646759573270019
0.00288602710277988
0.0007180063127712461
9.811703038538945e-5
2.9116139688154836e-5
0.0031944915746152176
0.002870405040046084
0.002353245189514566
0.001273056337886147
0.0005086364637538755
7.206334191279611e-5
2.6777149297191663e-5
0.00014822905942549956
0.00019071311676292297
0.00014286128796464663
8.855302581582112e-5
2.3999609377800253e-5
1.2588618332298995e-5
1.2942021073702286e-5
2.222958960216924e-5
5.6606758205652105e-6
5.16227345754087e-6
3.7065942617364922e-6
-8.482191580836418e-6
-3.3886079749987475e-6
-6.82247062969013e-6
-2.1558391548397787e-6
-8.330443201855783e-7
-7.651543597941994e-7
-1.8008382359849e-6
-1.4913149873804542e-7
5.48714553444607e-9
-4.173842238647156e-12
0.8724995762456529
0.7842831327433516
0.6562615243412222
0.4518944123452412
0.28661621526791914
0.13917357378211317
0.05799119725389451
0.014183758440693774
0.002870405040046084
0.00019071311676292297
2.222958960216924e-5
-3.3886079749987475e-6
-7.651543597941994e-7
5.48714553444607e-9
0.7842831327433516
0.6896188951319904
0.5903783769011771
0.3990538411837383
0.257646980250056
0.12266438871882814
0.05248197505549059
0.012593346807436753
0.002722049150459138
0.00019377665505905018
3.3528905383157404e-5
-5.2687305869925065e-6
-3.0336314573456345e-7
0.6562615243412222
0.5903783769011771
0.4948290523029211
0.34022634440686306
0.2133190263148593
0.10216576094053138
0.041744725857258635
0.010105186158495788
0.0020257202352084083
0.0001368049118667644
3.6065343451390973e-6
-6.603064838446515e-6
0.4518944123452412
0.3990538411837383
0.34022634440686306
0.2266029974876302
0.14287248885096082
0.06466957274945268
0.026063910230949356
0.005661115277300749
0.0011400959172548613
6.56180697786098e-5
4.1141711514802605e-6
0.28661621526791914
0.257646980250056
0.2133190263148593
0.14287248885096082
0.08494927116039842
0.03746159676145855
0.013227910768205805
0.0025255051902033578
0.00035555053787487094
1.3561892502474264e-5
0.13917357378211317
0.12266438871882814
0.10216576094053138
0.06466957274945268
0.03746159676145855
0.014386590071602342
0.004477287235309985
0.000500896018512994
5.613472395592276e-5
0.05799119725389451
0.05248197505549059
0.041744725857258635
0.026063910230949356
0.013227910768205805
0.004477287235309985
0.0008968304702158016
5.326500810070372e-5
0.014183758440693774
0.012593346807436753
0.010105186158495788
0.005661115277300749
0.0025255051902033578
0.000500896018512994
5.326500810070372e-5
0.002870405040046084
0.002722049150459138
0.0020257202352084083
0.0011400959172548613
0.00035555053787487094
5.613472395592276e-5
0.00019071311676292297
0.00019377665505905018
0.0001368049118667644
6.56180697786098e-5
1.3561892502474264e-5
2.222958960216924e-5
3.3528905383157404e-5
3.6065343451390973e-6
4.1141711514802605e-6
-3.3886079749987475e-6
-5.2687305869925065e-6
-6.603064838446515e-6
-7.651543597941994e-7
-3.0336314573456345e-7
5.48714553444607e-9
0.7449991523647133
0.6562615243412222
0.5631680082019592
0.378219426290959
0.24271256252702697
0.11361364907808646
0.04775828239831826
0.011084315310838977
0.002353245189514566
0.00014286128796464663
5.6606758205652105e-6
-6.82247062969013e-6
-1.8008382359849e-6
0.6562615243412222
0.5903783769011771
0.4948290523029211
0.34022634440686306
0.2133190263148593
0.10216576094053138
0.041744725857258635
0.010105186158495788
0.0020257202352084083
0.0001368049118667644
3.6065343451390973e-6
-6.603064838446515e-6
0.5631680082019592
0.4948290523029211
0.4223796982428418
0.28265703207482246
0.18006257100601622
0.08267102454344485
0.03405037637804856
0.007637463909291562
0.0015918139991306771
8.519635955750367e-5
-9.486850250081587e-6
0.378219426290959
0.34022634440686306
0.28265703207482246
0.19082154816728783
0.11614879124182706
0.053077604261749727
0.02005132839533791
0.004335664424528508
0.0007494073037874772
3.954612325475888e-5
0.24271256252702697
0.2133190263148593
0.18006257100601622
0.11614879124182706
0.07006735351732593
0.02900876238811449
0.01039865129281139
0.001682786798370752
0.0002434162999455639
0.11361364907808646
0.10216576094053138
0.08267102454344485
0.053077604261749727
0.02900876238811449
0.011131688949378531
0.00304040138393624
0.00033636501856389384
0.04775828239831826
0.041744725857258635
0.03405037637804856
0.02005132839533791
0.01039865129281139
0.00304040138393624
0.0006439083079600813
0.011084315310838977
0.010105186158495788
0.007637463909291562
0.004335664424528508
0.001682786798370752
0.00033636501856389384
0.002353245189514566
0.0020257202352084083
0.0015918139991306771
0.0007494073037874772
0.0002434162999455639
0.00014286128796464663
0.0001368049118667644
8.519635955750367e-5
3.954612325475888e-5
5.6606758205652105e-6
3.6065343451390973e-6
-9.486850250081587e-6
-6.82247062969013e-6
-6.603064838446515e-6
-1.8008382359849e-6
0.5030001591747524
0.4518944123452412
0.378219426290959
0.25824621737086956
0.1589887696637838
0.07406412720770503
0.02903797136926832
0.006646759573270019
0.001273056337886147
8.855302581582112e-5
5.16227345754087e-6
-2.1558391548397787e-6
0.4518944123452412
0.3990538411837383
0.34022634440686306
0.2266029974876302
0.14287248885096082
0.06466957274945268
0.026063910230949356
0.005661115277300749
0.0011400959172548613
6.56180697786098e-5
4.1141711514802605e-6
0.378219426290959
0.34022634440686306
0.28265703207482246
0.19082154816728783
0.11614879124182706
0.053077604261749727
0.02005132839533791
0.004335664424528508
0.0007494073037874772
3.954612325475888e-5
0.25824621737086956
0.2266029974876302
0.19082154816728783
0.12384321077934105
0.07523807286000292
0.03181159542747874
0.011705001391297123
0.0020282737411852474
0.00032811349057578913
0.1589887696637838
0.14287248885096082
0.11614879124182706
0.07523807286000292
0.04226536427946274
0.017030767688426353
0.005057884421023422
0.000699614303960792
0.07406412720770503
0.06466957274945268
0.053077604261749727
0.03181159542747874
0.017030767688426353
0.005381849072116651
0.0013017263086506894
0.02903797136926832
0.026063910230949356
0.02005132839533791
0.011705001391297123
0.005057884421023422
0.0013017263086506894
0.006646759573270019
0.005661115277300749
0.004335664424528508
0.0020282737411852474
0.000699614303960792
0.001273056337886147
0.0011400959172548613
0.0007494073037874772
0.00032811349057578913
8.855302581582112e-5
6.56180697786098e-5
3.954612325475888e-5
5.16227345754087e-6
4.1141711514802605e-6
-2.1558391548397787e-6
0.32531031615867817
0.28661621526791914
0.24271256252702697
0.1589887696637838
0.09791706893521981
0.041873335667461625
0.01563155487202644
0.00288602710277988
0.0005086364637538755
2.3999609377800253e-5
3.7065942617364922e-6
0.28661621526791914
0.257646980250056
0.2133190263148593
0.14287248885096082
0.08494927116039842
0.03746159676145855
0.013227910768205805
0.0025255051902033578
0.00035555053787487094
1.3561892502474264e-5
0.24271256252702697
0.2133190263148593
0.18006257100601622
0.11614879124182706
0.07006735351732593
0.02900876238811449
0.01039865129281139
0.001682786798370752
0.0002434162999455639
0.1589887696637838
0.14287248885096082
0.11614879124182706
0.07523807286000292
0.04226536427946274
0.017030767688426353
0.005057884421023422
0.000699614303960792
0.09791706893521981
0.08494927116039842
0.07006735351732593
0.04226536427946274
0.023193247618617054
0.0075653645555543245
0.001975057608380417
0.041873335667461625
0.03746159676145855
0.02900876238811449
0.017030767688426353
0.0075653645555543245
0.0020288383688256595
0.01563155487202644
0.013227910768205805
0.01039865129281139
0.005057884421023422
0.001975057608380417
0.00288602710277988
0.0025255051902033578
0.001682786798370752
0.000699614303960792
0.0005086364637538755
0.00035555053787487094
0.0002434162999455639
2.3999609377800253e-5
1.3561892502474264e-5
3.7065942617364922e-6
0.1546577258098843
0.13917357378211317
0.11361364907808646
0.07406412720770503
0.041873335667461625
0.016940237974344238
0.005115602471180374
0.0007180063127712461
7.206334191279611e-5
1.2588618332298995e-5
0.13917357378211317
0.12266438871882814
0.10216576094053138
0.06466957274945268
0.03746159676145855
0.014386590071602342
0.004477287235309985
0.000500896018512994
5.613472395592276e-5
0.11361364907808646
0.10216576094053138
0.08267102454344485
0.053077604261749727
0.02900876238811449
0.011131688949378531
0.00304040138393624
0.00033636501856389384
0.07406412720770503
0.06466957274945268
0.053077604261749727
0.03181159542747874
0.017030767688426353
0.005381849072116651
0.0013017263086506894
0.041873335667461625
0.03746159676145855
0.02900876238811449
0.017030767688426353
0.0075653645555543245
0.0020288383688256595
0.016940237974344238
0.014386590071602342
0.011131688949378531
0.005381849072116651
0.0020288383688256595
0.005115602471180374
0.004477287235309985
0.00304040138393624
0.0013017263086506894
0.0007180063127712461
0.000500896018512994
0.00033636501856389384
7.206334191279611e-5
5.613472395592276e-5
1.2588618332298995e-5
0.06565150459682802
0.05799119725389451
0.04775828239831826
0.02903797136926832
0.01563155487202644
0.005115602471180374
0.0013142539529713395
9.811703038538945e-5
2.6777149297191663e-5
0.05799119725389451
0.05248197505549059
0.041744725857258635
0.026063910230949356
0.013227910768205805
0.004477287235309985
0.0008968304702158016
5.326500810070372e-5
0.04775828239831826
0.041744725857258635
0.03405037637804856
0.02005132839533791
0.01039865129281139
0.00304040138393624
0.0006439083079600813
0.02903797136926832
0.026063910230949356
0.02005132839533791
0.011705001391297123
0.005057884421023422
0.0013017263086506894
0.01563155487202644
0.013227910768205805
0.01039865129281139
0.005057884421023422
0.001975057608380417
0.005115602471180374
0.004477287235309985
0.00304040138393624
0.0013017263086506894
0.0013142539529713395
0.0008968304702158016
0.0006439083079600813
9.811703038538945e-5
5.326500810070372e-5
2.6777149297191663e-5
0.015321644093371096
0.014183758440693774
0.011084315310838977
0.006646759573270019
0.00288602710277988
0.0007180063127712461
9.811703038538945e-5
2.9116139688154836e-5
0.014183758440693774
0.012593346807436753
0.010105186158495788
0.005661115277300749
0.0025255051902033578
0.000500896018512994
5.326500810070372e-5
0.011084315310838977
0.010105186158495788
0.007637463909291562
0.004335664424528508
0.001682786798370752
0.00033636501856389384
0.006646759573270019
0.005661115277300749
0.004335664424528508
0.0020282737411852474
0.000699614303960792
0.00288602710277988
0.0025255051902033578
0.001682786798370752
0.000699614303960792
0.0007180063127712461
0.000500896018512994
0.00033636501856389384
9.811703038538945e-5
5.326500810070372e-5
2.9116139688154836e-5
0.0031944915746152176
0.002870405040046084
0.002353245189514566
0.001273056337886147
0.0005086364637538755
7.206334191279611e-5
2.6777149297191663e-5
0.002870405040046084
0.002722049150459138
0.0020257202352084083
0.0011400959172548613
0.00035555053787487094
5.613472395592276e-5
0.002353245189514566
0.0020257202352084083
0.0015918139991306771
0.0007494073037874772
0.0002434162999455639
0.001273056337886147
0.0011400959172548613
0.0007494073037874772
0.00032811349057578913
0.0005086364637538755
0.00035555053787487094
0.0002434162999455639
7.206334191279611e-5
5.613472395592276e-5
2.6777149297191663e-5
0.00014822905942549956
0.00019071311676292297
0.00014286128796464663
8.855302581582112e-5
2.3999609377800253e-5
1.2588618332298995e-5
0.00019071311676292297
0.00019377665505905018
0.0001368049118667644
6.56180697786098e-5
1.3561892502474264e-5
0.00014286128796464663
0.0001368049118667644
8.519635955750367e-5
3.954612325475888e-5
8.855302581582112e-5
6.56180697786098e-5
3.954612325475888e-5
2.3999609377800253e-5
1.3561892502474264e-5
1.2588618332298995e-5
1.2942021073702286e-5
2.222958960216924e-5
5.6606758205652105e-6
5.16227345754087e-6
3.7065942617364922e-6
2.222958960216924e-5
3.3528905383157404e-5
3.6065343451390973e-6
4.1141711514802605e-6
5.6606758205652105e-6
3.6065343451390973e-6
-9.486850250081587e-6
5.16227345754087e-6
4.1141711514802605e-6
3.7065942617364922e-6
-8.482191580836418e-6
-3.3886079749987475e-6
-6.82247062969013e-6
-2.1558391548397787e-6
-3.3886079749987475e-6
-5.2687305869925065e-6
-6.603064838446515e-6
-6.82247062969013e-6
-6.603064838446515e-6
-2.1558391548397787e-6
-8.330443201855783e-7
-7.651543597941994e-7
-1.8008382359849e-6
-7.651543597941994e-7
-3.0336314573456345e-7
-1.8008382359849e-6
-1.4913149873804542e-7
5.48714553444607e-9
5.48714553444607e-9
-4.173842238647156e-12
