1.0
0.893284287438875
0.7865685747967919
0.570612401743619
0.40303600728960537
0.22492172528970786
0.11856814100027294
0.04189041758452666
0.013399964259482184
0.0021083262838169957
0.00029964024966163137
3.6486737996863527e-5
2.344153981765088e-6
-4.755343093048283e-6
-2.987759372551141e-8
-5.899671763801072e-9
-5.59866917506896e-10
0.893284287438875
0.8166610749459249
0.7078637818422863
0.5214778351279008
0.3631112552385166
0.20564194847928952
0.10689348401667621
0.03873789746277051
0.012180916570218255
0.0020556621344500993
0.00029232656733651363
2.946180773376324e-5
-3.144120988650745e-6
-4.234813111554657e-6
-2.9408606118796817e-9
3.9486834952145066e-8
0.7865685747967919
0.7078637818422863
0.6261214054211907
0.45318752397846135
0.318810182145274
0.1763154151737391
0.09225465729801176
0.03231784735857831
0.010347058482729538
0.00167989161887365
0.0002480494082308997
1.3722669781322838e-5
-3.1583785435101615e-6
-2.287519819090663e-6
-1.43435626698267e-7
0.570612401743619
0.5214778351279008
0.45318752397846135
0.3329501483550693
0.228127195396911
0.1262277693107294
0.06349191030053188
0.0220648345637127
0.00667199589074082
0.0011077693770032615
0.00014083044692809194
4.912894548163889e-6
-1.604916418057512e-6
-6.420630867437192e-7
0.40303600728960537
0.3631112552385166
0.318810182145274
0.228127195396911
0.15721791455301576
0.08293710903386046
0.041013392207355046
0.01294925629789542
0.0037619303951833
0.0005441910958519267
6.922122379264343e-5
4.815075277159547e-6
1.1782526261940704e-6
0.22492172528970786
0.20564194847928952
0.1763154151737391
0.1262277693107294
0.08293710903386046
0.04287790715221159
0.019331620836710944
0.005517618237018665
0.0012796582953998388
0.00016519235691391188
1.4293846396751508e-5
1.3070363186402004e-6
0.11856814100027294
0.10689348401667621
0.09225465729801176
0.06349191030053188
0.041013392207355046
0.019331620836710944
0.008201598328695447
0.001793214690762014
0.00035193815264710225
2.8962623925836667e-5
9.86419987332011e-6
0.04189041758452666
0.03873789746277051
0.03231784735857831
0.0220648345637127
0.01294925629789542
0.005517618237018665
0.001793214690762014
0.0003053195048960289
4.013100775444986e-5
8.567242422752775e-6
0.013399964259482184
0.012180916570218255
0.010347058482729538
0.00667199589074082
0.0037619303951833
0.0012796582953998388
0.00035193815264710225
4.013100775444986e-5
2.1797608111683135e-5
0.0021083262838169957
0.0020556621344500993
0.00167989161887365
0.0011077693770032615
0.0005441910958519267
0.00016519235691391188
2.8962623925836667e-5
8.567242422752775e-6
0.00029964024966163137
0.00029232656733651363
0.0002480494082308997
0.00014083044692809194
6.922122379264343e-5
1.4293846396751508e-5
9.86419987332011e-6
3.6486737996863527e-5
2.946180773376324e-5
1.3722669781322838e-5
4.912894548163889e-6
4.815075277159547e-6
1.3070363186402004e-6
2.344153981765088e-6
-3.144120988650745e-6
-3.1583785435101615e-6
-1.604916418057512e-6
1.1782526261940704e-6
-4.755343093048283e-6
-4.234813111554657e-6
-2.287519819090663e-6
-6.420630867437192e-7
-2.987759372551141e-8
-2.9408606118796817e-9
-1.43435626698267e-7
-5.899671763801072e-9
3.9486834952145066e-8
-5.59866917506896e-10
0.893284287438875
0.8166610749459249
0.7078637818422863
0.5214778351279008
0.3631112552385166
0.20564194847928952
0.10689348401667621
0.03873789746277051
0.012180916570218255
0.0020556621344500993
0.00029232656733651363
2.946180773376324e-5
-3.144120988650745e-6
-4.234813111554657e-6
-2.9408606118796817e-9
3.9486834952145066e-8
0.8166610749459249
0.7335872714353057
0.6474889713583657
0.47030423040606273
0.3319164956434551
0.1853709160997786
0.09786864925938203
0.03502799735041184
0.011348725922251916
0.0018880604984807127
0.00029925814409596915
1.8568079866195064e-5
-6.30868815350947e-6
-2.763167119890741e-6
1.9146849346281943e-7
0.7078637818422863
0.6474889713583657
0.56250295591159
0.4145471273316753
0.2868883937240213
0.16120333404921033
0.08285045862327765
0.029745930579916847
0.009290614591022985
0.0015916499367692267
0.00021574653872900266
7.326993477316935e-6
-3.949365523447306e-6
-2.014826211761854e-6
0.5214778351279008
0.47030423040606273
0.4145471273316753
0.29906942713384244
0.20857314762400966
0.11332079709552573
0.05800716793454139
0.019698709938767822
0.006099349451796866
0.0009641803302382437
0.0001327999007253097
2.8143565123486535e-6
-2.387371369290385e-6
0.3631112552385166
0.3319164956434551
0.2868883937240213
0.20857314762400966
0.14057970141965057
0.07575847287305178
0.03648769283864257
0.011795655885356672
0.003235246005745733
0.00048538191454717975
4.882859729832871e-5
3.219670958504117e-6
0.20564194847928952
0.1853709160997786
0.16120333404921033
0.11332079709552573
0.07575847287305178
0.03808426932250289
0.01756044905097372
0.004785614306067029
0.0011254444022790373
0.00011142016918608235
9.377014442868234e-6
0.10689348401667621
0.09786864925938203
0.08285045862327765
0.05800716793454139
0.03648769283864257
0.01756044905097372
0.007083499224972009
0.0015993902146128644
0.00024202376589205302
1.8556887135340476e-5
0.03873789746277051
0.03502799735041184
0.029745930579916847
0.019698709938767822
0.011795655885356672
0.004785614306067029
0.0015993902146128644
0.0001975487126428837
2.497960485654901e-5
0.012180916570218255
0.011348725922251916
0.009290614591022985
0.006099349451796866
0.003235246005745733
0.0011254444022790373
0.00024202376589205302
2.497960485654901e-5
0.0020556621344500993
0.0018880604984807127
0.0015916499367692267
0.0009641803302382437
0.00048538191454717975
0.00011142016918608235
1.8556887135340476e-5
0.00029232656733651363
0.00029925814409596915
0.00021574653872900266
0.0001327999007253097
4.882859729832871e-5
9.377014442868234e-6
2.946180773376324e-5
1.8568079866195064e-5
7.326993477316935e-6
2.8143565123486535e-6
3.219670958504117e-6
-3.144120988650745e-6
-6.30868815350947e-6
-3.949365523447306e-6
-2.387371369290385e-6
-4.234813111554657e-6
-2.763167119890741e-6
-2.014826211761854e-6
-2.9408606118796817e-9
1.9146849346281943e-7
3.9486834952145066e-8
0.7865685747967919
0.7078637818422863
0.6261214054211907
0.45318752397846135
0.318810182145274
0.1763154151737391
0.09225465729801176
0.03231784735857831
0.010347058482729538
0.00167989161887365
0.0002480494082308997
1.3722669781322838e-5
-3.1583785435101615e-6
-2.287519819090663e-6
-1.43435626698267e-7
0.7078637818422863
0.6474889713583657
0.56250295591159
0.4145471273316753
0.2868883937240213
0.16120333404921033
0.08285045862327765
0.029745930579916847
0.009290614591022985
0.0015916499367692267
0.00021574653872900266
7.326993477316935e-6
-3.949365523447306e-6
-2.014826211761854e-6
0.6261214054211907
0.56250295591159
0.495757485274463
0.35850790516920583
0.25134235370226343
0.13755774427065262
0.07121116521083039
0.024514098451945385
0.007774603600974729
0.0012476958083492147
0.00016992269101649736
1.7787495855120735e-6
-2.910156993090011e-6
0.45318752397846135
0.4145471273316753
0.35850790516920583
0.26154306129964205
0.17830435495336233
0.09776257213527693
0.04838928358914846
0.016421612184898148
0.0047857023331870354
0.0007747409229000654
8.90803051024156e-5
-2.7906283288666606e-7
0.318810182145274
0.2868883937240213
0.25134235370226343
0.17830435495336233
0.12148382417961075
0.06324509238154134
0.03077164091865005
0.009291653254696294
0.0025628915323783847
0.0003310931978523381
3.429197016764569e-5
0.1763154151737391
0.16120333404921033
0.13755774427065262
0.09776257213527693
0.06324509238154134
0.03192603659867991
0.013959726571602786
0.0037691948231645326
0.0007595821808073354
7.624261553851395e-5
0.09225465729801176
0.08285045862327765
0.07121116521083039
0.04838928358914846
0.03077164091865005
0.013959726571602786
0.00567019403547982
0.0011007657421487243
0.00016504685262415565
0.03231784735857831
0.029745930579916847
0.024514098451945385
0.016421612184898148
0.009291653254696294
0.0037691948231645326
0.0011007657421487243
0.0001281424773280091
0.010347058482729538
0.009290614591022985
0.007774603600974729
0.0047857023331870354
0.0025628915323783847
0.0007595821808073354
0.00016504685262415565
0.00167989161887365
0.0015916499367692267
0.0012476958083492147
0.0007747409229000654
0.0003310931978523381
7.624261553851395e-5
0.0002480494082308997
0.00021574653872900266
0.00016992269101649736
8.90803051024156e-5
3.429197016764569e-5
1.3722669781322838e-5
7.326993477316935e-6
1.7787495855120735e-6
-2.7906283288666606e-7
-3.1583785435101615e-6
-3.949365523447306e-6
-2.910156993090011e-6
-2.287519819090663e-6
-2.014826211761854e-6
-1.43435626698267e-7
0.570612401743619
0.5214778351279008
0.45318752397846135
0.3329501483550693
0.228127195396911
0.1262277693107294
0.06349191030053188
0.0220648345637127
0.00667199589074082
0.0011077693770032615
0.00014083044692809194
4.912894548163889e-6
-1.604916418057512e-6
-6.420630867437192e-7
0.5214778351279008
0.47030423040606273
0.4145471273316753
0.29906942713384244
0.20857314762400966
0.11332079709552573
0.05800716793454139
0.019698709938767822
0.006099349451796866
0.0009641803302382437
0.0001327999007253097
2.8143565123486535e-6
-2.387371369290385e-6
0.45318752397846135
0.4145471273316753
0.35850790516920583
0.26154306129964205
0.17830435495336233
0.09776257213527693
0.04838928358914846
0.016421612184898148
0.0047857023331870354
0.0007747409229000654
8.90803051024156e-5
-2.7906283288666606e-7
0.3329501483550693
0.29906942713384244
0.26154306129964205
0.18619165337300586
0.1272713275499328
0.06692933243230847
0.032956731712042275
0.010298858165748707
0.0029203989670652914
0.00039411777697234994
4.4409618489101406e-5
0.228127195396911
0.20857314762400966
0.17830435495336233
0.1272713275499328
0.08353566125325707
0.043140249309391226
0.019603965275053502
0.005731429712070647
0.0013028410673204414
0.00015126710494614996
0.1262277693107294
0.11332079709552573
0.09776257213527693
0.06692933243230847
0.043140249309391226
0.0202977112884072
0.008642237044913868
0.0019189401645395606
0.00033347262966896006
0.06349191030053188
0.05800716793454139
0.04838928358914846
0.032956731712042275
0.019603965275053502
0.008642237044913868
0.0029948554799701663
0.0005046273496963523
0.0220648345637127
0.019698709938767822
0.016421612184898148
0.010298858165748707
0.005731429712070647
0.0019189401645395606
0.0005046273496963523
0.00667199589074082
0.006099349451796866
0.0047857023331870354
0.0029203989670652914
0.0013028410673204414
0.00033347262966896006
0.0011077693770032615
0.0009641803302382437
0.0007747409229000654
0.00039411777697234994
0.00015126710494614996
0.00014083044692809194
0.0001327999007253097
8.90803051024156e-5
4.4409618489101406e-5
4.912894548163889e-6
2.8143565123486535e-6
-2.7906283288666606e-7
-1.604916418057512e-6
-2.387371369290385e-6
-6.420630867437192e-7
0.40303600728960537
0.3631112552385166
0.318810182145274
0.228127195396911
0.15721791455301576
0.08293710903386046
0.041013392207355046
0.01294925629789542
0.0037619303951833
0.0005441910958519267
6.922122379264343e-5
4.815075277159547e-6
1.1782526261940704e-6
0.3631112552385166
0.3319164956434551
0.2868883937240213
0.20857314762400966
0.14057970141965057
0.07575847287305178
0.03648769283864257
0.011795655885356672
0.003235246005745733
0.00048538191454717975
4.882859729832871e-5
3.219670958504117e-6
0.318810182145274
0.2868883937240213
0.25134235370226343
0.17830435495336233
0.12148382417961075
0.06324509238154134
0.03077164091865005
0.009291653254696294
0.0025628915323783847
0.0003310931978523381
3.429197016764569e-5
0.228127195396911
0.20857314762400966
0.17830435495336233
0.1272713275499328
0.08353566125325707
0.043140249309391226
0.019603965275053502
0.005731429712070647
0.0013028410673204414
0.00015126710494614996
0.15721791455301576
0.14057970141965057
0.12148382417961075
0.08353566125325707
0.054379506814773604
0.025887097597042955
0.011361025444879073
0.002651842919716622
0.0005240799476017336
0.08293710903386046
0.07575847287305178
0.06324509238154134
0.043140249309391226
0.025887097597042955
0.011588996741010578
0.0040908318055437425
0.0007556407507333873
0.041013392207355046
0.03648769283864257
0.03077164091865005
0.019603965275053502
0.011361025444879073
0.0040908318055437425
0.0012592667721384667
0.01294925629789542
0.011795655885356672
0.009291653254696294
0.005731429712070647
0.002651842919716622
0.0007556407507333873
0.0037619303951833
0.003235246005745733
0.0025628915323783847
0.0013028410673204414
0.0005240799476017336
0.0005441910958519267
0.00048538191454717975
0.0003310931978523381
0.00015126710494614996
6.922122379264343e-5
4.882859729832871e-5
3.429197016764569e-5
4.815075277159547e-6
3.219670958504117e-6
1.1782526261940704e-6
0.22492172528970786
0.20564194847928952
0.1763154151737391
0.1262277693107294
0.08293710903386046
0.04287790715221159
0.019331620836710944
0.005517618237018665
0.0012796582953998388
0.00016519235691391188
1.4293846396751508e-5
1.3070363186402004e-6
0.20564194847928952
0.1853709160997786
0.16120333404921033
0.11332079709552573
0.07575847287305178
0.03808426932250289
0.01756044905097372
0.004785614306067029
0.0011254444022790373
0.00011142016918608235
9.377014442868234e-6
0.1763154151737391
0.16120333404921033
0.13755774427065262
0.09776257213527693
0.06324509238154134
0.03192603659867991
0.013959726571602786
0.0037691948231645326
0.0007595821808073354
7.624261553851395e-5
0.1262277693107294
0.11332079709552573
0.09776257213527693
0.06692933243230847
0.043140249309391226
0.0202977112884072
0.008642237044913868
0.0019189401645395606
0.00033347262966896006
0.08293710903386046
0.07575847287305178
0.06324509238154134
0.043140249309391226
0.025887097597042955
0.011588996741010578
0.0040908318055437425
0.0007556407507333873
0.04287790715221159
0.03808426932250289
0.03192603659867991
0.0202977112884072
0.011588996741010578
0.0040528746064452705
0.001187516339915166
0.019331620836710944
0.01756044905097372
0.013959726571602786
0.008642237044913868
0.0040908318055437425
0.001187516339915166
0.005517618237018665
0.004785614306067029
0.0037691948231645326
0.0019189401645395606
0.0007556407507333873
0.0012796582953998388
0.0011254444022790373
0.0007595821808073354
0.00033347262966896006
0.00016519235691391188
0.00011142016918608235
7.624261553851395e-5
1.4293846396751508e-5
9.377014442868234e-6
1.3070363186402004e-6
0.11856814100027294
0.10689348401667621
0.09225465729801176
0.06349191030053188
0.041013392207355046
0.019331620836710944
0.008201598328695447
0.001793214690762014
0.00035193815264710225
2.8962623925836667e-5
9.86419987332011e-6
0.10689348401667621
0.09786864925938203
0.08285045862327765
0.05800716793454139
0.03648769283864257
0.01756044905097372
0.007083499224972009
0.0015993902146128644
0.00024202376589205302
1.8556887135340476e-5
0.09225465729801176
0.08285045862327765
0.07121116521083039
0.04838928358914846
0.03077164091865005
0.013959726571602786
0.00567019403547982
0.0011007657421487243
0.00016504685262415565
0.06349191030053188
0.05800716793454139
0.04838928358914846
0.032956731712042275
0.019603965275053502
0.008642237044913868
0.0029948554799701663
0.0005046273496963523
0.041013392207355046
0.03648769283864257
0.03077164091865005
0.019603965275053502
0.011361025444879073
0.0040908318055437425
0.0012592667721384667
0.019331620836710944
0.01756044905097372
0.013959726571602786
0.008642237044913868
0.0040908318055437425
0.001187516339915166
0.008201598328695447
0.007083499224972009
0.00567019403547982
0.0029948554799701663
0.0012592667721384667
0.001793214690762014
0.0015993902146128644
0.0011007657421487243
0.0005046273496963523
0.00035193815264710225
0.00024202376589205302
0.00016504685262415565
2.8962623925836667e-5
1.8556887135340476e-5
9.86419987332011e-6
0.04189041758452666
0.03873789746277051
0.03231784735857831
0.0220648345637127
0.01294925629789542
0.005517618237018665
0.001793214690762014
0.0003053195048960289
4.013100775444986e-5
8.567242422752775e-6
0.03873789746277051
0.03502799735041184
0.029745930579916847
0.019698709938767822
0.011795655885356672
0.004785614306067029
0.0015993902146128644
0.0001975487126428837
2.497960485654901e-5
0.03231784735857831
0.029745930579916847
0.024514098451945385
0.016421612184898148
0.009291653254696294
0.0037691948231645326
0.0011007657421487243
0.0001281424773280091
0.0220648345637127
0.019698709938767822
0.016421612184898148
0.010298858165748707
0.005731429712070647
0.0019189401645395606
0.0005046273496963523
0.01294925629789542
0.011795655885356672
0.009291653254696294
0.005731429712070647
0.002651842919716622
0.0007556407507333873
0.005517618237018665
0.004785614306067029
0.0037691948231645326
0.0019189401645395606
0.0007556407507333873
0.001793214690762014
0.0015993902146128644
0.0011007657421487243
0.0005046273496963523
0.0003053195048960289
0.0001975487126428837
0.0001281424773280091
4.013100775444986e-5
2.497960485654901e-5
8.567242422752775e-6
0.013399964259482184
0.012180916570218255
0.010347058482729538
0.00667199589074082
0.0037619303951833
0.0012796582953998388
0.00035193815264710225
4.013100775444986e-5
2.1797608111683135e-5
0.012180916570218255
0.011348725922251916
0.009290614591022985
0.006099349451796866
0.003235246005745733
0.0011254444022790373
0.00024202376589205302
2.497960485654901e-5
0.010347058482729538
0.009290614591022985
0.007774603600974729
0.0047857023331870354
0.0025628915323783847
0.0007595821808073354
0.00016504685262415565
0.00667199589074082
0.006099349451796866
0.0047857023331870354
0.0029203989670652914
0.0013028410673204414
0.00033347262966896006
0.0037619303951833
0.003235246005745733
0.0025628915323783847
0.0013028410673204414
0.0005240799476017336
0.0012796582953998388
0.0011254444022790373
0.0007595821808073354
0.00033347262966896006
0.00035193815264710225
0.00024202376589205302
0.00016504685262415565
4.013100775444986e-5
2.497960485654901e-5
2.1797608111683135e-5
0.0021083262838169957
0.0020556621344500993
0.00167989161887365
0.0011077693770032615
0.0005441910958519267
0.00016519235691391188
2.8962623925836667e-5
8.567242422752775e-6
0.0020556621344500993
0.0018880604984807127
0.0015916499367692267
0.0009641803302382437
0.00048538191454717975
0.00011142016918608235
1.8556887135340476e-5
0.00167989161887365
0.0015916499367692267
0.0012476958083492147
0.0007747409229000654
0.0003310931978523381
7.624261553851395e-5
0.0011077693770032615
0.0009641803302382437
0.0007747409229000654
0.00039411777697234994
0.00015126710494614996
0.0005441910958519267
0.00048538191454717975
0.0003310931978523381
0.00015126710494614996
0.00016519235691391188
0.00011142016918608235
7.624261553851395e-5
2.8962623925836667e-5
1.8556887135340476e-5
8.567242422752775e-6
0.00029964024966163137
0.00029232656733651363
0.0002480494082308997
0.00014083044692809194
6.922122379264343e-5
1.4293846396751508e-5
9.86419987332011e-6
0.00029232656733651363
0.00029925814409596915
0.00021574653872900266
0.0001327999007253097
4.882859729832871e-5
9.377014442868234e-6
0.0002480494082308997
0.00021574653872900266
0.00016992269101649736
8.90803051024156e-5
3.429197016764569e-5
0.00014083044692809194
0.0001327999007253097
8.90803051024156e-5
4.4409618489101406e-5
6.922122379264343e-5
4.882859729832871e-5
3.429197016764569e-5
1.4293846396751508e-5
9.377014442868234e-6
9.86419987332011e-6
3.6486737996863527e-5
2.946180773376324e-5
1.3722669781322838e-5
4.912894548163889e-6
4.815075277159547e-6
1.3070363186402004e-6
2.946180773376324e-5
1.8568079866195064e-5
7.326993477316935e-6
2.8143565123486535e-6
3.219670958504117e-6
1.3722669781322838e-5
7.326993477316935e-6
1.7787495855120735e-6
-2.7906283288666606e-7
4.912894548163889e-6
2.8143565123486535e-6
-2.7906283288666606e-7
4.815075277159547e-6
3.219670958504117e-6
1.3070363186402004e-6
2.344153981765088e-6
-3.144120988650745e-6
-3.1583785435101615e-6
-1.604916418057512e-6
1.1782526261940704e-6
-3.144120988650745e-6
-6.30868815350947e-6
-3.949365523447306e-6
-2.387371369290385e-6
-3.1583785435101615e-6
-3.949365523447306e-6
-2.910156993090011e-6
-1.604916418057512e-6
-2.387371369290385e-6
1.1782526261940704e-6
-4.755343093048283e-6
-4.234813111554657e-6
-2.287519819090663e-6
-6.420630867437192e-7
-4.234813111554657e-6
-2.763167119890741e-6
-2.014826211761854e-6
-2.287519819090663e-6
-2.014826211761854e-6
-6.420630867437192e-7
-2.987759372551141e-8
-2.9408606118796817e-9
-1.43435626698267e-7
-2.9408606118796817e-9
1.9146849346281943e-7
-1.43435626698267e-7
-5.899671763801072e-9
3.9486834952145066e-8
3.9486834952145066e-8
-5.59866917506896e-10
