1.0
0.8089723233011213
0.6179446465396432
0.32189050895297444
0.1476237170841827
0.031011841380142298
0.004790683333124479
-1.1289235051026389e-5
4.91183444007611e-5
-2.3862939689537384e-6
3.244562178384223e-12
0.8089723233011213
0.6872208942782528
0.508219622235993
0.27268847360068244
0.12037532625602744
0.02675827188493726
0.003690749687704778
3.994968470438015e-5
3.805684689729616e-6
-3.684790319897626e-6
0.6179446465396432
0.508219622235993
0.3895457194722639
0.19735536981933
0.08767139514087997
0.01747190534388281
0.0027313408341314567
-6.31647746644665e-6
-3.3086319208174352e-6
0.32189050895297444
0.27268847360068244
0.19735536981933
0.099584644347006
0.038243364759871355
0.00666497138356546
0.0005372683947103293
9.165630093263723e-6
0.1476237170841827
0.12037532625602744
0.08767139514087997
0.038243364759871355
0.013315657830686707
0.0010174984704039273
0.00012300543473921618
0.031011841380142298
0.02675827188493726
0.01747190534388281
0.00666497138356546
0.0010174984704039273
8.616120605555523e-5
0.004790683333124479
0.003690749687704778
0.0027313408341314567
0.0005372683947103293
0.00012300543473921618
-1.1289235051026389e-5
3.994968470438015e-5
-6.31647746644665e-6
9.165630093263723e-6
4.91183444007611e-5
3.805684689729616e-6
-3.3086319208174352e-6
-2.3862939689537384e-6
-3.684790319897626e-6
3.244562178384223e-12
0.8089723233011213
0.6872208942782528
0.508219622235993
0.27268847360068244
0.12037532625602744
0.02675827188493726
0.003690749687704778
3.994968470438015e-5
3.805684689729616e-6
-3.684790319897626e-6
0.6872208942782528
0.5647252952463967
0.4321164567727049
0.22431611559658773
0.10194807066741171
0.021645945027742104
0.003160029644751998
3.817086325595128e-5
-4.2456394994209244e-6
0.508219622235993
0.4321164567727049
0.3179834300437393
0.16732275189467713
0.07019753381034693
0.014715360970684275
0.0018667545632010856
-4.475547776301039e-7
0.27268847360068244
0.22431611559658773
0.16732275189467713
0.07999970726098812
0.0320627635019557
0.004820005920936225
0.0004596414300326861
0.12037532625602744
0.10194807066741171
0.07019753381034693
0.0320627635019557
0.009610668456331732
0.0008376260743019919
0.02675827188493726
0.021645945027742104
0.014715360970684275
0.004820005920936225
0.0008376260743019919
0.003690749687704778
0.003160029644751998
0.0018667545632010856
0.0004596414300326861
3.994968470438015e-5
3.817086325595128e-5
-4.475547776301039e-7
3.805684689729616e-6
-4.2456394994209244e-6
-3.684790319897626e-6
0.6179446465396432
0.508219622235993
0.3895457194722639
0.19735536981933
0.08767139514087997
0.01747190534388281
0.0027313408341314567
-6.31647746644665e-6
-3.3086319208174352e-6
0.508219622235993
0.4321164567727049
0.3179834300437393
0.16732275189467713
0.07019753381034693
0.014715360970684275
0.0018667545632010856
-4.475547776301039e-7
0.3895457194722639
0.3179834300437393
0.24055486930331768
0.1182598148421246
0.05047752816498979
0.008858646908071597
0.0012180765873352993
0.19735536981933
0.16732275189467713
0.1182598148421246
0.05682887231531899
0.019748479988423592
0.0028293784986348066
0.08767139514087997
0.07019753381034693
0.05047752816498979
0.019748479988423592
0.006021383704009249
0.01747190534388281
0.014715360970684275
0.008858646908071597
0.0028293784986348066
0.0027313408341314567
0.0018667545632010856
0.0012180765873352993
-6.31647746644665e-6
-4.475547776301039e-7
-3.3086319208174352e-6
0.32189050895297444
0.27268847360068244
0.19735536981933
0.099584644347006
0.038243364759871355
0.00666497138356546
0.0005372683947103293
9.165630093263723e-6
0.27268847360068244
0.22431611559658773
0.16732275189467713
0.07999970726098812
0.0320627635019557
0.004820005920936225
0.0004596414300326861
0.19735536981933
0.16732275189467713
0.1182598148421246
0.05682887231531899
0.019748479988423592
0.0028293784986348066
0.099584644347006
0.07999970726098812
0.05682887231531899
0.02234038949648222
0.006556958616268023
0.038243364759871355
0.0320627635019557
0.019748479988423592
0.006556958616268023
0.00666497138356546
0.004820005920936225
0.0028293784986348066
0.0005372683947103293
0.0004596414300326861
9.165630093263723e-6
0.1476237170841827
0.12037532625602744
0.08767139514087997
0.038243364759871355
0.013315657830686707
0.0010174984704039273
0.00012300543473921618
0.12037532625602744
0.10194807066741171
0.07019753381034693
0.0320627635019557
0.009610668456331732
0.0008376260743019919
0.08767139514087997
0.07019753381034693
0.05047752816498979
0.019748479988423592
0.006021383704009249
0.038243364759871355
0.0320627635019557
0.019748479988423592
0.006556958616268023
0.013315657830686707
0.009610668456331732
0.006021383704009249
0.0010174984704039273
0.0008376260743019919
0.00012300543473921618
0.031011841380142298
0.02675827188493726
0.01747190534388281
0.00666497138356546
0.0010174984704039273
8.616120605555523e-5
0.02675827188493726
0.021645945027742104
0.014715360970684275
0.004820005920936225
0.0008376260743019919
0.01747190534388281
0.014715360970684275
0.008858646908071597
0.0028293784986348066
0.00666497138356546
0.004820005920936225
0.0028293784986348066
0.0010174984704039273
0.0008376260743019919
8.616120605555523e-5
0.004790683333124479
0.003690749687704778
0.0027313408341314567
0.0005372683947103293
0.00012300543473921618
0.003690749687704778
0.003160029644751998
0.0018667545632010856
0.0004596414300326861
0.0027313408341314567
0.0018667545632010856
0.0012180765873352993
0.0005372683947103293
0.0004596414300326861
0.00012300543473921618
-1.1289235051026389e-5
3.994968470438015e-5
-6.31647746644665e-6
9.165630093263723e-6
3.994968470438015e-5
3.817086325595128e-5
-4.475547776301039e-7
-6.31647746644665e-6
-4.475547776301039e-7
9.165630093263723e-6
4.91183444007611e-5
3.805684689729616e-6
-3.3086319208174352e-6
3.805684689729616e-6
-4.2456394994209244e-6
-3.3086319208174352e-6
-2.3862939689537384e-6
-3.684790319897626e-6
-3.684790319897626e-6
3.244562178384223e-12
