1.0
0.7269419557385115
0.45388390927039707
0.14310597425772376
0.02322314423703778
0.000524674592035247
1.2495287133511576e-5
-5.801447236078743e-10
0.7269419557385115
0.565813164895159
0.3397508216687096
0.11059055630701534
0.019066967708514914
0.0006237933930923268
-1.6550401640114768e-5
0.45388390927039707
0.3397508216687096
0.20349275915431783
0.05683879711546708
0.006850179485590159
6.183593253452754e-5
0.14310597425772376
0.11059055630701534
0.05683879711546708
0.009772783329615564
0.00032745428080689296
0.02322314423703778
0.019066967708514914
0.006850179485590159
0.00032745428080689296
0.000524674592035247
0.0006237933930923268
6.183593253452754e-5
1.2495287133511576e-5
-1.6550401640114768e-5
-5.801447236078743e-10
0.7269419557385115
0.565813164895159
0.3397508216687096
0.11059055630701534
0.019066967708514914
0.0006237933930923268
-1.6550401640114768e-5
0.565813164895159
0.4239097183997359
0.2631328041274559
0.0832202830929286
0.015607808654796506
0.0005520150047555034
0.3397508216687096
0.2631328041274559
0.15180353812180425
0.04280024359811541
0.005569175189514622
0.11059055630701534
0.0832202830929286
0.04280024359811541
0.007982057001208022
0.019066967708514914
0.015607808654796506
0.005569175189514622
0.0006237933930923268
0.0005520150047555034
-1.6550401640114768e-5
0.45388390927039707
0.3397508216687096
0.20349275915431783
0.05683879711546708
0.006850179485590159
6.183593253452754e-5
0.3397508216687096
0.2631328041274559
0.15180353812180425
0.04280024359811541
0.005569175189514622
0.20349275915431783
0.15180353812180425
0.08311947461306787
0.018988592114912346
0.05683879711546708
0.04280024359811541
0.018988592114912346
0.006850179485590159
0.005569175189514622
6.183593253452754e-5
0.14310597425772376
0.11059055630701534
0.05683879711546708
0.009772783329615564
0.00032745428080689296
0.11059055630701534
0.0832202830929286
0.04280024359811541
0.007982057001208022
0.05683879711546708
0.04280024359811541
0.018988592114912346
0.009772783329615564
0.007982057001208022
0.00032745428080689296
0.02322314423703778
0.019066967708514914
0.006850179485590159
0.00032745428080689296
0.019066967708514914
0.015607808654796506
0.005569175189514622
0.006850179485590159
0.005569175189514622
0.00032745428080689296
0.000524674592035247
0.0006237933930923268
6.183593253452754e-5
0.0006237933930923268
0.0005520150047555034
6.183593253452754e-5
1.2495287133511576e-5
-1.6550401640114768e-5
-1.6550401640114768e-5
-5.801447236078743e-10
