1.0
0.6905756932066819
0.3811513860418531
0.07165783116477334
0.005478479572087546
-3.49920371621202e-5
-5.372161626785367e-10
0.6905756932066819
0.5201069359382929
0.2675665921369247
0.059472801619331966
0.004676644768160813
-0.00010035709340815553
0.3811513860418531
0.2675665921369247
0.13785575470304023
0.017419681409392526
0.0007734877162536081
0.07165783116477334
0.059472801619331966
0.017419681409392526
0.0014375125223171639
0.005478479572087546
0.004676644768160813
0.0007734877162536081
-3.49920371621202e-5
-0.00010035709340815553
-5.372161626785367e-10
0.6905756932066819
0.5201069359382929
0.2675665921369247
0.059472801619331966
0.004676644768160813
-0.00010035709340815553
0.5201069359382929
0.3783718198644139
0.20131568247731096
0.04237613238581323
0.004274129530854512
0.2675665921369247
0.20131568247731096
0.09310543030958601
0.015108310391314873
0.059472801619331966
0.04237613238581323
0.015108310391314873
0.004676644768160813
0.004274129530854512
-0.00010035709340815553
0.3811513860418531
0.2675665921369247
0.13785575470304023
0.017419681409392526
0.0007734877162536081
0.2675665921369247
0.20131568247731096
0.09310543030958601
0.015108310391314873
0.13785575470304023
0.09310543030958601
0.04149833062759274
0.017419681409392526
0.015108310391314873
0.0007734877162536081
0.07165783116477334
0.059472801619331966
0.017419681409392526
0.0014375125223171639
0.059472801619331966
0.04237613238581323
0.015108310391314873
0.017419681409392526
0.015108310391314873
0.0014375125223171639
0.005478479572087546
0.004676644768160813
0.0007734877162536081
0.004676644768160813
0.004274129530854512
0.0007734877162536081
-3.49920371621202e-5
-0.00010035709340815553
-0.00010035709340815553
-5.372161626785367e-10
