1.0
0.9161267433574833
0.8322534864001192
0.651080626736489
0.5011353315509042
0.32688519342625705
0.20655767253981377
0.10352632795128011
0.04874453394488589
0.015495944589580276
0.0048222534601954255
0.0007451869636950524
0.00013655611714444863
1.0193910587461604e-5
-4.905537214221414e-6
-4.5956864554135515e-6
-3.325168633190518e-7
1.4941782850776738e-7
4.951913461866241e-9
-4.3683087433731795e-12
0.9161267433574833
0.8533911690350798
0.766555273183208
0.6062410434285305
0.4623342320392478
0.30418828919490715
0.19066786363898938
0.09652287139400868
0.04518744640124059
0.014633703272124406
0.0045240725772527635
0.0007471545310730648
0.00012590016116562744
7.424128328990118e-6
-4.840240641291543e-6
-3.718769498578686e-6
-3.54965645620452e-7
1.4984780706417023e-7
-1.6339227295119012e-9
0.8322534864001192
0.766555273183208
0.6988207442898208
0.5465446583984801
0.4199669874037287
0.27279167401374615
0.17154711050953114
0.08550889545920173
0.04012999692943014
0.012786401512495715
0.004004637544068314
0.0006475675120853551
0.00011161828526649443
5.456421985415327e-6
-3.481029801127828e-6
-2.2816191773681623e-6
-1.0781603704345551e-7
7.629892947833455e-8
0.651080626736489
0.6062410434285305
0.5465446583984801
0.4324215257794748
0.32749476098867053
0.213141782383192
0.13154931989396526
0.06523490104972615
0.029921366425872446
0.009461425023331842
0.0028975502719686807
0.0004760352145248818
7.76076178839164e-5
2.5940056966046883e-6
-2.4970714074631436e-6
-9.589588487603487e-7
1.3973353577929123e-7
0.5011353315509042
0.4623342320392478
0.4199669874037287
0.32749476098867053
0.24953555089332274
0.15884444399693237
0.0973020188685539
0.04660634486419564
0.020894637732470245
0.006280580809460421
0.0018721272943630993
0.0003001272040247324
4.8395252206490704e-5
4.726233017160475e-6
-2.877758800528397e-7
-8.358285496033141e-8
0.32688519342625705
0.30418828919490715
0.27279167401374615
0.213141782383192
0.15884444399693237
0.10049765047528018
0.05934993650923827
0.027490526730114727
0.011571920499244817
0.003191080533996635
0.0008832102487537308
0.00012704339432901914
2.019770611476039e-5
1.2043153580374516e-6
5.581054628354277e-7
0.20655767253981377
0.19066786363898938
0.17154711050953114
0.13154931989396526
0.0973020188685539
0.05934993650923827
0.03421379383636942
0.014773645740653396
0.005743113835910975
0.0013574247549613962
0.00031963764546193656
4.749320255660769e-5
5.48877542956185e-6
1.1752824160985226e-6
0.10352632795128011
0.09652287139400868
0.08550889545920173
0.06523490104972615
0.04660634486419564
0.027490526730114727
0.014773645740653396
0.005832077163895023
0.0019681398890532653
0.00033731470589642315
7.365531047745882e-5
7.135069098874091e-6
2.289721455906262e-6
0.04874453394488589
0.04518744640124059
0.04012999692943014
0.029921366425872446
0.020894637732470245
0.011571920499244817
0.005743113835910975
0.0019681398890532653
0.0005480024569303647
8.241932049134016e-5
1.4471030851238081e-5
3.8027576059409317e-6
0.015495944589580276
0.014633703272124406
0.012786401512495715
0.009461425023331842
0.006280580809460421
0.003191080533996635
0.0013574247549613962
0.00033731470589642315
8.241932049134016e-5
1.2586829025261181e-5
3.874397003608959e-6
0.0048222534601954255
0.0045240725772527635
0.004004637544068314
0.0028975502719686807
0.0018721272943630993
0.0008832102487537308
0.00031963764546193656
7.365531047745882e-5
1.4471030851238081e-5
3.874397003608959e-6
0.0007451869636950524
0.0007471545310730648
0.0006475675120853551
0.0004760352145248818
0.0003001272040247324
0.00012704339432901914
4.749320255660769e-5
7.135069098874091e-6
3.8027576059409317e-6
0.00013655611714444863
0.00012590016116562744
0.00011161828526649443
7.76076178839164e-5
4.8395252206490704e-5
2.019770611476039e-5
5.48877542956185e-6
2.289721455906262e-6
1.0193910587461604e-5
7.424128328990118e-6
5.456421985415327e-6
2.5940056966046883e-6
4.726233017160475e-6
1.2043153580374516e-6
1.1752824160985226e-6
-4.905537214221414e-6
-4.840240641291543e-6
-3.481029801127828e-6
-2.4970714074631436e-6
-2.877758800528397e-7
5.581054628354277e-7
-4.5956864554135515e-6
-3.718769498578686e-6
-2.2816191773681623e-6
-9.589588487603487e-7
-8.358285496033141e-8
-3.325168633190518e-7
-3.54965645620452e-7
-1.0781603704345551e-7
1.3973353577929123e-7
1.4941782850776738e-7
1.4984780706417023e-7
7.629892947833455e-8
4.951913461866241e-9
-1.6339227295119012e-9
-4.3683087433731795e-12
0.9161267433574833
0.8533911690350798
0.766555273183208
0.6062410434285305
0.4623342320392478
0.30418828919490715
0.19066786363898938
0.09652287139400868
0.04518744640124059
0.014633703272124406
0.0045240725772527635
0.0007471545310730648
0.00012590016116562744
7.424128328990118e-6
-4.840240641291543e-6
-3.718769498578686e-6
-3.54965645620452e-7
1.4984780706417023e-7
-1.6339227295119012e-9
0.8533911690350798
0.7843554259124946
0.7141931338134949
0.5590392075569411
0.43040076792677173
0.2805965643083995
0.17739302900016285
0.0890753531043984
0.04221210933943481
0.013577397725804446
0.00429509734801078
0.0007030830048476972
0.000124172119283259
3.2515114027411074e-6
-4.935498187815829e-6
-3.7882703541946427e-6
-2.5875159283720463e-7
8.932522991216087e-8
0.766555273183208
0.7141931338134949
0.6430300422130059
0.5091171339881065
0.38729854145531456
0.25384880422340983
0.15822554062430894
0.0795948508527735
0.037084323128097604
0.01198927054787715
0.003716930932644025
0.0006209202060615973
9.711935339024505e-5
2.774897464757766e-8
-4.926552495905791e-6
-2.277928454782178e-6
6.954498461827475e-8
0.6062410434285305
0.5590392075569411
0.5091171339881065
0.39784741127139267
0.30485270315990287
0.19630178786788935
0.12224409782558651
0.06002290997967863
0.027792476025036247
0.008693397681613648
0.0026857343570859805
0.0004322735456152612
6.383806519530396e-5
-2.9794875062156565e-6
-3.5280648601385205e-6
-8.841761765504885e-7
0.4623342320392478
0.43040076792677173
0.38729854145531456
0.30485270315990287
0.22945227651428013
0.14763487597661393
0.08950301339454249
0.04320623304650861
0.019180731231912756
0.0057809091287412484
0.001696010934470684
0.00026488502558129893
3.699829390625118e-5
2.6197096173008983e-7
-5.736366612665526e-7
0.30418828919490715
0.2805965643083995
0.25384880422340983
0.19630178786788935
0.14763487597661393
0.09210655384270634
0.05497732039416403
0.025130189632407554
0.010631772365530187
0.0028716410143250874
0.0007764551754075819
0.00010697391860765771
1.0536219582896893e-5
-6.928465315975139e-8
0.19066786363898938
0.17739302900016285
0.15822554062430894
0.12224409782558651
0.08950301339454249
0.05497732039416403
0.031259569712635826
0.013580152130627807
0.005203789526485509
0.0011973416902404399
0.0002748208794338314
3.00565567841368e-5
3.1960742548742924e-6
0.09652287139400868
0.0890753531043984
0.0795948508527735
0.06002290997967863
0.04320623304650861
0.025130189632407554
0.013580152130627807
0.005238447910906309
0.0017468615034992698
0.00028389304475065247
4.760659758677356e-5
4.2596047296413254e-6
0.04518744640124059
0.04221210933943481
0.037084323128097604
0.027792476025036247
0.019180731231912756
0.010631772365530187
0.005203789526485509
0.0017468615034992698
0.00047120976665162434
5.3853170514643056e-5
9.61319304758308e-6
0.014633703272124406
0.013577397725804446
0.01198927054787715
0.008693397681613648
0.0057809091287412484
0.0028716410143250874
0.0011973416902404399
0.00028389304475065247
5.3853170514643056e-5
2.9347009073690366e-6
0.0045240725772527635
0.00429509734801078
0.003716930932644025
0.0026857343570859805
0.001696010934470684
0.0007764551754075819
0.0002748208794338314
4.760659758677356e-5
9.61319304758308e-6
0.0007471545310730648
0.0007030830048476972
0.0006209202060615973
0.0004322735456152612
0.00026488502558129893
0.00010697391860765771
3.00565567841368e-5
4.2596047296413254e-6
0.00012590016116562744
0.000124172119283259
9.711935339024505e-5
6.383806519530396e-5
3.699829390625118e-5
1.0536219582896893e-5
3.1960742548742924e-6
7.424128328990118e-6
3.2515114027411074e-6
2.774897464757766e-8
-2.9794875062156565e-6
2.6197096173008983e-7
-6.928465315975139e-8
-4.840240641291543e-6
-4.935498187815829e-6
-4.926552495905791e-6
-3.5280648601385205e-6
-5.736366612665526e-7
-3.718769498578686e-6
-3.7882703541946427e-6
-2.277928454782178e-6
-8.841761765504885e-7
-3.54965645620452e-7
-2.5875159283720463e-7
6.954498461827475e-8
1.4984780706417023e-7
8.932522991216087e-8
-1.6339227295119012e-9
0.8322534864001192
0.766555273183208
0.6988207442898208
0.5465446583984801
0.4199669874037287
0.27279167401374615
0.17154711050953114
0.08550889545920173
0.04012999692943014
0.012786401512495715
0.004004637544068314
0.0006475675120853551
0.00011161828526649443
5.456421985415327e-6
-3.481029801127828e-6
-2.2816191773681623e-6
-1.0781603704345551e-7
7.629892947833455e-8
0.766555273183208
0.7141931338134949
0.6430300422130059
0.5091171339881065
0.38729854145531456
0.25384880422340983
0.15822554062430894
0.0795948508527735
0.037084323128097604
0.01198927054787715
0.003716930932644025
0.0006209202060615973
9.711935339024505e-5
2.774897464757766e-8
-4.926552495905791e-6
-2.277928454782178e-6
6.954498461827475e-8
0.6988207442898208
0.6430300422130059
0.5848217540664347
0.4576895451527569
0.3513005992849268
0.22719950127202612
0.14208690292743023
0.0702894924213751
0.03275117404569037
0.010383726103321965
0.003231974865082334
0.0005219320697780342
7.639098770764056e-5
-3.4894136096062e-6
-4.776713737177956e-6
-5.962951438165124e-7
0.5465446583984801
0.5091171339881065
0.4576895451527569
0.36060568877902965
0.27277454939608603
0.17685837423692954
0.10845486687458604
0.05326601728914906
0.02416550373762215
0.007518840857725386
0.002267851909533289
0.0003601488218904282
4.6549685411187155e-5
-4.007683332083984e-6
-1.8692115886103172e-6
0.4199669874037287
0.38729854145531456
0.3513005992849268
0.27277454939608603
0.20652131294761492
0.13087917326113202
0.07963541810149423
0.0377157126720063
0.016630048556126098
0.004866067029915232
0.0013984739982179034
0.00021163397167121346
2.5576776283685818e-5
9.430904523316471e-7
0.27279167401374615
0.25384880422340983
0.22719950127202612
0.17685837423692954
0.13087917326113202
0.08187395451490023
0.04796331695277106
0.021872728527739985
0.0090110008969777
0.002363094423350966
0.0006115909837241784
7.506746746464751e-5
8.500047162385332e-6
0.17154711050953114
0.15822554062430894
0.14208690292743023
0.10845486687458604
0.07963541810149423
0.04796331695277106
0.027171202704213967
0.011503461706960904
0.004319732860360002
0.0009501984660577762
0.00018923384336845477
1.86947148338836e-5
0.08550889545920173
0.0795948508527735
0.0702894924213751
0.05326601728914906
0.0377157126720063
0.021872728527739985
0.011503461706960904
0.004358993897126058
0.0013965824114744703
0.00019979016482290303
3.168376146549466e-5
0.04012999692943014
0.037084323128097604
0.03275117404569037
0.02416550373762215
0.016630048556126098
0.0090110008969777
0.004319732860360002
0.0013965824114744703
0.00033448937355194647
3.14115339306448e-5
0.012786401512495715
0.01198927054787715
0.010383726103321965
0.007518840857725386
0.004866067029915232
0.002363094423350966
0.0009501984660577762
0.00019979016482290303
3.14115339306448e-5
0.004004637544068314
0.003716930932644025
0.003231974865082334
0.002267851909533289
0.0013984739982179034
0.0006115909837241784
0.00018923384336845477
3.168376146549466e-5
0.0006475675120853551
0.0006209202060615973
0.0005219320697780342
0.0003601488218904282
0.00021163397167121346
7.506746746464751e-5
1.86947148338836e-5
0.00011161828526649443
9.711935339024505e-5
7.639098770764056e-5
4.6549685411187155e-5
2.5576776283685818e-5
8.500047162385332e-6
5.456421985415327e-6
2.774897464757766e-8
-3.4894136096062e-6
-4.007683332083984e-6
9.430904523316471e-7
-3.481029801127828e-6
-4.926552495905791e-6
-4.776713737177956e-6
-1.8692115886103172e-6
-2.2816191773681623e-6
-2.277928454782178e-6
-5.962951438165124e-7
-1.0781603704345551e-7
6.954498461827475e-8
7.629892947833455e-8
0.651080626736489
0.6062410434285305
0.5465446583984801
0.4324215257794748
0.32749476098867053
0.213141782383192
0.13154931989396526
0.06523490104972615
0.029921366425872446
0.009461425023331842
0.0028975502719686807
0.0004760352145248818
7.76076178839164e-5
2.5940056966046883e-6
-2.4970714074631436e-6
-9.589588487603487e-7
1.3973353577929123e-7
0.6062410434285305
0.5590392075569411
0.5091171339881065
0.39784741127139267
0.30485270315990287
0.19630178786788935
0.12224409782558651
0.06002290997967863
0.027792476025036247
0.008693397681613648
0.0026857343570859805
0.0004322735456152612
6.383806519530396e-5
-2.9794875062156565e-6
-3.5280648601385205e-6
-8.841761765504885e-7
0.5465446583984801
0.5091171339881065
0.4576895451527569
0.36060568877902965
0.27277454939608603
0.17685837423692954
0.10845486687458604
0.05326601728914906
0.02416550373762215
0.007518840857725386
0.002267851909533289
0.0003601488218904282
4.6549685411187155e-5
-4.007683332083984e-6
-1.8692115886103172e-6
0.4324215257794748
0.39784741127139267
0.36060568877902965
0.2801840212285312
0.21264548492052499
0.13523412019839384
0.082828473148524
0.039541999341705894
0.017680356423090068
0.0052477218178540765
0.0015384903609715974
0.0002311819936349991
2.5002443263956382e-5
-2.611498398493406e-6
0.32749476098867053
0.30485270315990287
0.27277454939608603
0.21264548492052499
0.15839740800854
0.10003767505582614
0.05949975222858727
0.027781830985620107
0.011818550785769624
0.0032883186580777513
0.0008932512074047666
0.00011937019785525715
1.1678402407164142e-5
0.213141782383192
0.19630178786788935
0.17685837423692954
0.13523412019839384
0.10003767505582614
0.06102662829268848
0.03534978973121031
0.01549010839627869
0.0061592272151393046
0.0014788243360464657
0.00033447015291718777
3.2248383401402274e-5
0.13154931989396526
0.12224409782558651
0.10845486687458604
0.082828473148524
0.05949975222858727
0.03534978973121031
0.019381125758028195
0.007876042241380608
0.0027908211058219365
0.0005221143857553581
8.304646406309297e-5
0.06523490104972615
0.06002290997967863
0.05326601728914906
0.039541999341705894
0.027781830985620107
0.01549010839627869
0.007876042241380608
0.002770883747395148
0.000784939340919244
8.197078770845202e-5
0.029921366425872446
0.027792476025036247
0.02416550373762215
0.017680356423090068
0.011818550785769624
0.0061592272151393046
0.0027908211058219365
0.000784939340919244
0.00015514788012964357
0.009461425023331842
0.008693397681613648
0.007518840857725386
0.0052477218178540765
0.0032883186580777513
0.0014788243360464657
0.0005221143857553581
8.197078770845202e-5
0.0028975502719686807
0.0026857343570859805
0.002267851909533289
0.0015384903609715974
0.0008932512074047666
0.00033447015291718777
8.304646406309297e-5
0.0004760352145248818
0.0004322735456152612
0.0003601488218904282
0.0002311819936349991
0.00011937019785525715
3.2248383401402274e-5
7.76076178839164e-5
6.383806519530396e-5
4.6549685411187155e-5
2.5002443263956382e-5
1.1678402407164142e-5
2.5940056966046883e-6
-2.9794875062156565e-6
-4.007683332083984e-6
-2.611498398493406e-6
-2.4970714074631436e-6
-3.5280648601385205e-6
-1.8692115886103172e-6
-9.589588487603487e-7
-8.841761765504885e-7
1.3973353577929123e-7
0.5011353315509042
0.4623342320392478
0.4199669874037287
0.32749476098867053
0.24953555089332274
0.15884444399693237
0.0973020188685539
0.04660634486419564
0.020894637732470245
0.006280580809460421
0.0018721272943630993
0.0003001272040247324
4.8395252206490704e-5
4.726233017160475e-6
-2.877758800528397e-7
-8.358285496033141e-8
0.4623342320392478
0.43040076792677173
0.38729854145531456
0.30485270315990287
0.22945227651428013
0.14763487597661393
0.08950301339454249
0.04320623304650861
0.019180731231912756
0.0057809091287412484
0.001696010934470684
0.00026488502558129893
3.699829390625118e-5
2.6197096173008983e-7
-5.736366612665526e-7
0.4199669874037287
0.38729854145531456
0.3513005992849268
0.27277454939608603
0.20652131294761492
0.13087917326113202
0.07963541810149423
0.0377157126720063
0.016630048556126098
0.004866067029915232
0.0013984739982179034
0.00021163397167121346
2.5576776283685818e-5
9.430904523316471e-7
0.32749476098867053
0.30485270315990287
0.27277454939608603
0.21264548492052499
0.15839740800854
0.10003767505582614
0.05949975222858727
0.027781830985620107
0.011818550785769624
0.0032883186580777513
0.0008932512074047666
0.00011937019785525715
1.1678402407164142e-5
0.24953555089332274
0.22945227651428013
0.20652131294761492
0.15839740800854
0.11752555004351493
0.07227540016149585
0.04220854770094536
0.018820357591169883
0.007616682075967545
0.0019332045269799647
0.0004532175292474228
4.829473253352036e-5
0.15884444399693237
0.14763487597661393
0.13087917326113202
0.10003767505582614
0.07227540016149585
0.04329734061302681
0.02410548645188921
0.010033944306953946
0.00369389986751928
0.0007442941965200059
0.00013667458747381505
0.0973020188685539
0.08950301339454249
0.07963541810149423
0.05949975222858727
0.04220854770094536
0.02410548645188921
0.012613501752192348
0.0047528150400771825
0.001455849896200009
0.00021372416740759643
0.04660634486419564
0.04320623304650861
0.0377157126720063
0.027781830985620107
0.018820357591169883
0.010033944306953946
0.0047528150400771825
0.001423040950455672
0.00033467077989406276
0.020894637732470245
0.019180731231912756
0.016630048556126098
0.011818550785769624
0.007616682075967545
0.00369389986751928
0.001455849896200009
0.00033467077989406276
0.006280580809460421
0.0057809091287412484
0.004866067029915232
0.0032883186580777513
0.0019332045269799647
0.0007442941965200059
0.00021372416740759643
0.0018721272943630993
0.001696010934470684
0.0013984739982179034
0.0008932512074047666
0.0004532175292474228
0.00013667458747381505
0.0003001272040247324
0.00026488502558129893
0.00021163397167121346
0.00011937019785525715
4.829473253352036e-5
4.8395252206490704e-5
3.699829390625118e-5
2.5576776283685818e-5
1.1678402407164142e-5
4.726233017160475e-6
2.6197096173008983e-7
9.430904523316471e-7
-2.877758800528397e-7
-5.736366612665526e-7
-8.358285496033141e-8
0.32688519342625705
0.30418828919490715
0.27279167401374615
0.213141782383192
0.15884444399693237
0.10049765047528018
0.05934993650923827
0.027490526730114727
0.011571920499244817
0.003191080533996635
0.0008832102487537308
0.00012704339432901914
2.019770611476039e-5
1.2043153580374516e-6
5.581054628354277e-7
0.30418828919490715
0.2805965643083995
0.25384880422340983
0.19630178786788935
0.14763487597661393
0.09210655384270634
0.05497732039416403
0.025130189632407554
0.010631772365530187
0.0028716410143250874
0.0007764551754075819
0.00010697391860765771
1.0536219582896893e-5
-6.928465315975139e-8
0.27279167401374615
0.25384880422340983
0.22719950127202612
0.17685837423692954
0.13087917326113202
0.08187395451490023
0.04796331695277106
0.021872728527739985
0.0090110008969777
0.002363094423350966
0.0006115909837241784
7.506746746464751e-5
8.500047162385332e-6
0.213141782383192
0.19630178786788935
0.17685837423692954
0.13523412019839384
0.10003767505582614
0.06102662829268848
0.03534978973121031
0.01549010839627869
0.0061592272151393046
0.0014788243360464657
0.00033447015291718777
3.2248383401402274e-5
0.15884444399693237
0.14763487597661393
0.13087917326113202
0.10003767505582614
0.07227540016149585
0.04329734061302681
0.02410548645188921
0.010033944306953946
0.00369389986751928
0.0007442941965200059
0.00013667458747381505
0.10049765047528018
0.09210655384270634
0.08187395451490023
0.06102662829268848
0.04329734061302681
0.024678065162697407
0.012958004093027843
0.004848018543541904
0.0014902561452278533
0.00020941033822516507
0.05934993650923827
0.05497732039416403
0.04796331695277106
0.03534978973121031
0.02410548645188921
0.012958004093027843
0.00624713216296986
0.001918368848963243
0.0004645913619475889
0.027490526730114727
0.025130189632407554
0.021872728527739985
0.01549010839627869
0.010033944306953946
0.004848018543541904
0.001918368848963243
0.0004304935562556231
0.011571920499244817
0.010631772365530187
0.0090110008969777
0.0061592272151393046
0.00369389986751928
0.0014902561452278533
0.0004645913619475889
0.003191080533996635
0.0028716410143250874
0.002363094423350966
0.0014788243360464657
0.0007442941965200059
0.00020941033822516507
0.0008832102487537308
0.0007764551754075819
0.0006115909837241784
0.00033447015291718777
0.00013667458747381505
0.00012704339432901914
0.00010697391860765771
7.506746746464751e-5
3.2248383401402274e-5
2.019770611476039e-5
1.0536219582896893e-5
8.500047162385332e-6
1.2043153580374516e-6
-6.928465315975139e-8
5.581054628354277e-7
0.20655767253981377
0.19066786363898938
0.17154711050953114
0.13154931989396526
0.0973020188685539
0.05934993650923827
0.03421379383636942
0.014773645740653396
0.005743113835910975
0.0013574247549613962
0.00031963764546193656
4.749320255660769e-5
5.48877542956185e-6
1.1752824160985226e-6
0.19066786363898938
0.17739302900016285
0.15822554062430894
0.12224409782558651
0.08950301339454249
0.05497732039416403
0.031259569712635826
0.013580152130627807
0.005203789526485509
0.0011973416902404399
0.0002748208794338314
3.00565567841368e-5
3.1960742548742924e-6
0.17154711050953114
0.15822554062430894
0.14208690292743023
0.10845486687458604
0.07963541810149423
0.04796331695277106
0.027171202704213967
0.011503461706960904
0.004319732860360002
0.0009501984660577762
0.00018923384336845477
1.86947148338836e-5
0.13154931989396526
0.12224409782558651
0.10845486687458604
0.082828473148524
0.05949975222858727
0.03534978973121031
0.019381125758028195
0.007876042241380608
0.0027908211058219365
0.0005221143857553581
8.304646406309297e-5
0.0973020188685539
0.08950301339454249
0.07963541810149423
0.05949975222858727
0.04220854770094536
0.02410548645188921
0.012613501752192348
0.0047528150400771825
0.001455849896200009
0.00021372416740759643
0.05934993650923827
0.05497732039416403
0.04796331695277106
0.03534978973121031
0.02410548645188921
0.012958004093027843
0.00624713216296986
0.001918368848963243
0.0004645913619475889
0.03421379383636942
0.031259569712635826
0.027171202704213967
0.019381125758028195
0.012613501752192348
0.00624713216296986
0.002527892889784202
0.0006116874274774825
0.014773645740653396
0.013580152130627807
0.011503461706960904
0.007876042241380608
0.0047528150400771825
0.001918368848963243
0.0006116874274774825
0.005743113835910975
0.005203789526485509
0.004319732860360002
0.0027908211058219365
0.001455849896200009
0.0004645913619475889
0.0013574247549613962
0.0011973416902404399
0.0009501984660577762
0.0005221143857553581
0.00021372416740759643
0.00031963764546193656
0.0002748208794338314
0.00018923384336845477
8.304646406309297e-5
4.749320255660769e-5
3.00565567841368e-5
1.86947148338836e-5
5.48877542956185e-6
3.1960742548742924e-6
1.1752824160985226e-6
0.10352632795128011
0.09652287139400868
0.08550889545920173
0.06523490104972615
0.04660634486419564
0.027490526730114727
0.014773645740653396
0.005832077163895023
0.0019681398890532653
0.00033731470589642315
7.365531047745882e-5
7.135069098874091e-6
2.289721455906262e-6
0.09652287139400868
0.0890753531043984
0.0795948508527735
0.06002290997967863
0.04320623304650861
0.025130189632407554
0.013580152130627807
0.005238447910906309
0.0017468615034992698
0.00028389304475065247
4.760659758677356e-5
4.2596047296413254e-6
0.08550889545920173
0.0795948508527735
0.0702894924213751
0.05326601728914906
0.0377157126720063
0.021872728527739985
0.011503461706960904
0.004358993897126058
0.0013965824114744703
0.00019979016482290303
3.168376146549466e-5
0.06523490104972615
0.06002290997967863
0.05326601728914906
0.039541999341705894
0.027781830985620107
0.01549010839627869
0.007876042241380608
0.002770883747395148
0.000784939340919244
8.197078770845202e-5
0.04660634486419564
0.04320623304650861
0.0377157126720063
0.027781830985620107
0.018820357591169883
0.010033944306953946
0.0047528150400771825
0.001423040950455672
0.00033467077989406276
0.027490526730114727
0.025130189632407554
0.021872728527739985
0.01549010839627869
0.010033944306953946
0.004848018543541904
0.001918368848963243
0.0004304935562556231
0.014773645740653396
0.013580152130627807
0.011503461706960904
0.007876042241380608
0.0047528150400771825
0.001918368848963243
0.0006116874274774825
0.005832077163895023
0.005238447910906309
0.004358993897126058
0.002770883747395148
0.001423040950455672
0.0004304935562556231
0.0019681398890532653
0.0017468615034992698
0.0013965824114744703
0.000784939340919244
0.00033467077989406276
0.00033731470589642315
0.00028389304475065247
0.00019979016482290303
8.197078770845202e-5
7.365531047745882e-5
4.760659758677356e-5
3.168376146549466e-5
7.135069098874091e-6
4.2596047296413254e-6
2.289721455906262e-6
0.04874453394488589
0.04518744640124059
0.04012999692943014
0.029921366425872446
0.020894637732470245
0.011571920499244817
0.005743113835910975
0.0019681398890532653
0.0005480024569303647
8.241932049134016e-5
1.4471030851238081e-5
3.8027576059409317e-6
0.04518744640124059
0.04221210933943481
0.037084323128097604
0.027792476025036247
0.019180731231912756
0.010631772365530187
0.005203789526485509
0.0017468615034992698
0.00047120976665162434
5.3853170514643056e-5
9.61319304758308e-6
0.04012999692943014
0.037084323128097604
0.03275117404569037
0.02416550373762215
0.016630048556126098
0.0090110008969777
0.004319732860360002
0.0013965824114744703
0.00033448937355194647
3.14115339306448e-5
0.029921366425872446
0.027792476025036247
0.02416550373762215
0.017680356423090068
0.011818550785769624
0.0061592272151393046
0.0027908211058219365
0.000784939340919244
0.00015514788012964357
0.020894637732470245
0.019180731231912756
0.016630048556126098
0.011818550785769624
0.007616682075967545
0.00369389986751928
0.001455849896200009
0.00033467077989406276
0.011571920499244817
0.010631772365530187
0.0090110008969777
0.0061592272151393046
0.00369389986751928
0.0014902561452278533
0.0004645913619475889
0.005743113835910975
0.005203789526485509
0.004319732860360002
0.0027908211058219365
0.001455849896200009
0.0004645913619475889
0.0019681398890532653
0.0017468615034992698
0.0013965824114744703
0.000784939340919244
0.00033467077989406276
0.0005480024569303647
0.00047120976665162434
0.00033448937355194647
0.00015514788012964357
8.241932049134016e-5
5.3853170514643056e-5
3.14115339306448e-5
1.4471030851238081e-5
9.61319304758308e-6
3.8027576059409317e-6
0.015495944589580276
0.014633703272124406
0.012786401512495715
0.009461425023331842
0.006280580809460421
0.003191080533996635
0.0013574247549613962
0.00033731470589642315
8.241932049134016e-5
1.2586829025261181e-5
3.874397003608959e-6
0.014633703272124406
0.013577397725804446
0.01198927054787715
0.008693397681613648
0.0057809091287412484
0.0028716410143250874
0.0011973416902404399
0.00028389304475065247
5.3853170514643056e-5
2.9347009073690366e-6
0.012786401512495715
0.01198927054787715
0.010383726103321965
0.007518840857725386
0.004866067029915232
0.002363094423350966
0.0009501984660577762
0.00019979016482290303
3.14115339306448e-5
0.009461425023331842
0.008693397681613648
0.007518840857725386
0.0052477218178540765
0.0032883186580777513
0.0014788243360464657
0.0005221143857553581
8.197078770845202e-5
0.006280580809460421
0.0057809091287412484
0.004866067029915232
0.0032883186580777513
0.0019332045269799647
0.0007442941965200059
0.00021372416740759643
0.003191080533996635
0.0028716410143250874
0.002363094423350966
0.0014788243360464657
0.0007442941965200059
0.00020941033822516507
0.0013574247549613962
0.0011973416902404399
0.0009501984660577762
0.0005221143857553581
0.00021372416740759643
0.00033731470589642315
0.00028389304475065247
0.00019979016482290303
8.197078770845202e-5
8.241932049134016e-5
5.3853170514643056e-5
3.14115339306448e-5
1.2586829025261181e-5
2.9347009073690366e-6
3.874397003608959e-6
0.0048222534601954255
0.0045240725772527635
0.004004637544068314
0.0028975502719686807
0.0018721272943630993
0.0008832102487537308
0.00031963764546193656
7.365531047745882e-5
1.4471030851238081e-5
3.874397003608959e-6
0.0045240725772527635
0.00429509734801078
0.003716930932644025
0.0026857343570859805
0.001696010934470684
0.0007764551754075819
0.0002748208794338314
4.760659758677356e-5
9.61319304758308e-6
0.004004637544068314
0.003716930932644025
0.003231974865082334
0.002267851909533289
0.0013984739982179034
0.0006115909837241784
0.00018923384336845477
3.168376146549466e-5
0.0028975502719686807
0.0026857343570859805
0.002267851909533289
0.0015384903609715974
0.0008932512074047666
0.00033447015291718777
8.304646406309297e-5
0.0018721272943630993
0.001696010934470684
0.0013984739982179034
0.0008932512074047666
0.0004532175292474228
0.00013667458747381505
0.0008832102487537308
0.0007764551754075819
0.0006115909837241784
0.00033447015291718777
0.00013667458747381505
0.00031963764546193656
0.0002748208794338314
0.00018923384336845477
8.304646406309297e-5
7.365531047745882e-5
4.760659758677356e-5
3.168376146549466e-5
1.4471030851238081e-5
9.61319304758308e-6
3.874397003608959e-6
0.0007451869636950524
0.0007471545310730648
0.0006475675120853551
0.0004760352145248818
0.0003001272040247324
0.00012704339432901914
4.749320255660769e-5
7.135069098874091e-6
3.8027576059409317e-6
0.0007471545310730648
0.0007030830048476972
0.0006209202060615973
0.0004322735456152612
0.00026488502558129893
0.00010697391860765771
3.00565567841368e-5
4.2596047296413254e-6
0.0006475675120853551
0.0006209202060615973
0.0005219320697780342
0.0003601488218904282
0.00021163397167121346
7.506746746464751e-5
1.86947148338836e-5
0.0004760352145248818
0.0004322735456152612
0.0003601488218904282
0.0002311819936349991
0.00011937019785525715
3.2248383401402274e-5
0.0003001272040247324
0.00026488502558129893
0.00021163397167121346
0.00011937019785525715
4.829473253352036e-5
0.00012704339432901914
0.00010697391860765771
7.506746746464751e-5
3.2248383401402274e-5
4.749320255660769e-5
3.00565567841368e-5
1.86947148338836e-5
7.135069098874091e-6
4.2596047296413254e-6
3.8027576059409317e-6
0.00013655611714444863
0.00012590016116562744
0.00011161828526649443
7.76076178839164e-5
4.8395252206490704e-5
2.019770611476039e-5
5.48877542956185e-6
2.289721455906262e-6
0.00012590016116562744
0.000124172119283259
9.711935339024505e-5
6.383806519530396e-5
3.699829390625118e-5
1.0536219582896893e-5
3.1960742548742924e-6
0.00011161828526649443
9.711935339024505e-5
7.639098770764056e-5
4.6549685411187155e-5
2.5576776283685818e-5
8.500047162385332e-6
7.76076178839164e-5
6.383806519530396e-5
4.6549685411187155e-5
2.5002443263956382e-5
1.1678402407164142e-5
4.8395252206490704e-5
3.699829390625118e-5
2.5576776283685818e-5
1.1678402407164142e-5
2.019770611476039e-5
1.0536219582896893e-5
8.500047162385332e-6
5.48877542956185e-6
3.1960742548742924e-6
2.289721455906262e-6
1.0193910587461604e-5
7.424128328990118e-6
5.456421985415327e-6
2.5940056966046883e-6
4.726233017160475e-6
1.2043153580374516e-6
1.1752824160985226e-6
7.424128328990118e-6
3.2515114027411074e-6
2.774897464757766e-8
-2.9794875062156565e-6
2.6197096173008983e-7
-6.928465315975139e-8
5.456421985415327e-6
2.774897464757766e-8
-3.4894136096062e-6
-4.007683332083984e-6
9.430904523316471e-7
2.5940056966046883e-6
-2.9794875062156565e-6
-4.007683332083984e-6
-2.611498398493406e-6
4.726233017160475e-6
2.6197096173008983e-7
9.430904523316471e-7
1.2043153580374516e-6
-6.928465315975139e-8
1.1752824160985226e-6
-4.905537214221414e-6
-4.840240641291543e-6
-3.481029801127828e-6
-2.4970714074631436e-6
-2.877758800528397e-7
5.581054628354277e-7
-4.840240641291543e-6
-4.935498187815829e-6
-4.926552495905791e-6
-3.5280648601385205e-6
-5.736366612665526e-7
-3.481029801127828e-6
-4.926552495905791e-6
-4.776713737177956e-6
-1.8692115886103172e-6
-2.4970714074631436e-6
-3.5280648601385205e-6
-1.8692115886103172e-6
-2.877758800528397e-7
-5.736366612665526e-7
5.581054628354277e-7
-4.5956864554135515e-6
-3.718769498578686e-6
-2.2816191773681623e-6
-9.589588487603487e-7
-8.358285496033141e-8
-3.718769498578686e-6
-3.7882703541946427e-6
-2.277928454782178e-6
-8.841761765504885e-7
-2.2816191773681623e-6
-2.277928454782178e-6
-5.962951438165124e-7
-9.589588487603487e-7
-8.841761765504885e-7
-8.358285496033141e-8
-3.325168633190518e-7
-3.54965645620452e-7
-1.0781603704345551e-7
1.3973353577929123e-7
-3.54965645620452e-7
-2.5875159283720463e-7
6.954498461827475e-8
-1.0781603704345551e-7
6.954498461827475e-8
1.3973353577929123e-7
1.4941782850776738e-7
1.4984780706417023e-7
7.629892947833455e-8
1.4984780706417023e-7
8.932522991216087e-8
7.629892947833455e-8
4.951913461866241e-9
-1.6339227295119012e-9
-1.6339227295119012e-9
-4.3683087433731795e-12
