1.0
0.9221885512186323
0.8443771021381601
0.6731565412411376
0.5294832101516168
0.35814185799706394
0.23621222743431478
0.1271140231170958
0.06518967075239607
0.024036950803152664
0.008487547101241558
0.0018147824193921456
0.000372769317524175
3.671851064959294e-5
5.324864756176115e-6
-5.938589321972042e-6
-3.234070639719595e-6
2.148792777546576e-7
1.4482580940397823e-7
-1.3745084665503157e-9
3.0661240237864935e-13
0.9221885512186323
0.8642597542176795
0.7823215383127491
0.6307303193841348
0.49118332932765113
0.33545565819055084
0.2191055936436993
0.11925276689038448
0.06058384311840447
0.0227869274967607
0.007948012376805562
0.0017837346144041145
0.0003589639582672231
3.7872693212811026e-5
1.3031558574817842e-6
-6.078030247339224e-6
-2.596143830925201e-6
1.7625651297012835e-7
1.9607755906583858e-7
8.2200325595635e-9
0.8443771021381601
0.7823215383127491
0.7187501970369276
0.5729266418290284
0.4501886307693993
0.3034305328239392
0.19938843921197535
0.10673118489284705
0.05457874895983206
0.020103399770391592
0.00713219788017275
0.0015545923995825548
0.00032196308169259153
2.7365411198302608e-5
1.2483649442506117e-6
-4.210738138033882e-6
-1.1749538124779239e-6
2.510438272444364e-7
1.0136983810239533e-7
0.6731565412411376
0.6307303193841348
0.5729266418290284
0.46242140725766623
0.3581075722406643
0.24257153755988534
0.1564028000715237
0.08376598000254994
0.04180803610623541
0.015429428735562155
0.005307886212920584
0.0011927014910324018
0.00023432797514809565
2.053161939165761e-5
-7.377705174667607e-7
-2.4003449600021012e-6
-1.678310302477759e-7
1.262368301138098e-7
0.5294832101516168
0.49118332932765113
0.4501886307693993
0.3581075722406643
0.2798043531326791
0.18547405139909473
0.11950148122030808
0.06192043034979049
0.030626451265649647
0.010732116949288165
0.0036698671641660985
0.0007752088845774435
0.00015605443879872577
1.2931733663448446e-5
1.5433779113140787e-6
-6.941074005264188e-8
-1.2052844698989144e-7
0.35814185799706394
0.33545565819055084
0.3034305328239392
0.24257153755988534
0.18547405139909473
0.12301076230907226
0.07657528404499284
0.038997627359494955
0.01823469876365641
0.00610849556054832
0.001910371125469862
0.0003967118333043967
7.157904910553434e-5
6.957968051505384e-6
1.0776781756189767e-6
1.7786377376336317e-7
0.23621222743431478
0.2191055936436993
0.19938843921197535
0.1564028000715237
0.11950148122030808
0.07657528404499284
0.047217458119806946
0.022603192270545778
0.010156533378609474
0.0029815850284105262
0.000872189455109108
0.00015074716713656353
3.0043853249751564e-5
3.3824968128667647e-6
9.162723157266296e-7
0.1271140231170958
0.11925276689038448
0.10673118489284705
0.08376598000254994
0.06192043034979049
0.038997627359494955
0.022603192270545778
0.010303261534966988
0.0040996738755142235
0.0010373609736317895
0.00023467598706469894
3.9362620793756855e-5
5.646585109805486e-6
1.1382465511911772e-6
0.06518967075239607
0.06058384311840447
0.05457874895983206
0.04180803610623541
0.030626451265649647
0.01823469876365641
0.010156533378609474
0.0040996738755142235
0.0015106839341320552
0.00028430402022126074
6.700394319186674e-5
9.621758339555813e-6
2.8143667631154327e-6
0.024036950803152664
0.0227869274967607
0.020103399770391592
0.015429428735562155
0.010732116949288165
0.00610849556054832
0.0029815850284105262
0.0010373609736317895
0.00028430402022126074
5.317254796044608e-5
1.0991186522683858e-5
2.4390213100990036e-6
0.008487547101241558
0.007948012376805562
0.00713219788017275
0.005307886212920584
0.0036698671641660985
0.001910371125469862
0.000872189455109108
0.00023467598706469894
6.700394319186674e-5
1.0991186522683858e-5
5.326744775311084e-6
0.0018147824193921456
0.0017837346144041145
0.0015545923995825548
0.0011927014910324018
0.0007752088845774435
0.0003967118333043967
0.00015074716713656353
3.9362620793756855e-5
9.621758339555813e-6
2.4390213100990036e-6
0.000372769317524175
0.0003589639582672231
0.00032196308169259153
0.00023432797514809565
0.00015605443879872577
7.157904910553434e-5
3.0043853249751564e-5
5.646585109805486e-6
2.8143667631154327e-6
3.671851064959294e-5
3.7872693212811026e-5
2.7365411198302608e-5
2.053161939165761e-5
1.2931733663448446e-5
6.957968051505384e-6
3.3824968128667647e-6
1.1382465511911772e-6
5.324864756176115e-6
1.3031558574817842e-6
1.2483649442506117e-6
-7.377705174667607e-7
1.5433779113140787e-6
1.0776781756189767e-6
9.162723157266296e-7
-5.938589321972042e-6
-6.078030247339224e-6
-4.210738138033882e-6
-2.4003449600021012e-6
-6.941074005264188e-8
1.7786377376336317e-7
-3.234070639719595e-6
-2.596143830925201e-6
-1.1749538124779239e-6
-1.678310302477759e-7
-1.2052844698989144e-7
2.148792777546576e-7
1.7625651297012835e-7
2.510438272444364e-7
1.262368301138098e-7
1.4482580940397823e-7
1.9607755906583858e-7
1.0136983810239533e-7
-1.3745084665503157e-9
8.2200325595635e-9
3.0661240237864935e-13
0.9221885512186323
0.8642597542176795
0.7823215383127491
0.6307303193841348
0.49118332932765113
0.33545565819055084
0.2191055936436993
0.11925276689038448
0.06058384311840447
0.0227869274967607
0.007948012376805562
0.0017837346144041145
0.0003589639582672231
3.7872693212811026e-5
1.3031558574817842e-6
-6.078030247339224e-6
-2.596143830925201e-6
1.7625651297012835e-7
1.9607755906583858e-7
8.2200325595635e-9
0.8642597542176795
0.7996177886775891
0.7333722270592994
0.5852612744271444
0.46023894714593316
0.3113530663466757
0.20525486023121411
0.11068355523433031
0.05694518126680388
0.021240667990820652
0.00756990813984675
0.0016881497463905818
0.0003568868718171839
3.432753750710027e-5
-1.6672074692303745e-6
-6.221781171871058e-6
-2.3449602931621224e-6
2.0213562902654102e-7
1.5462605625334408e-7
0.7823215383127491
0.7333722270592994
0.6652610779281832
0.537078144493454
0.41739983614477316
0.2842743665461688
0.18477342413607337
0.10006088667216817
0.05058380939311384
0.01898534057877842
0.00662416676402143
0.0015008204489832756
0.0002965350057758602
2.3637825255263632e-5
-3.2799536684407434e-6
-4.6020841698239615e-6
-8.241479640892915e-7
2.5558634642021146e-7
0.6307303193841348
0.5852612744271444
0.537078144493454
0.42815962428777304
0.33561436608239886
0.224757851504046
0.1464593755543036
0.07752094356573003
0.03918085953071697
0.014262670605840815
0.004995788578005778
0.0010967286956959938
0.00021918218800182914
1.3697452912048141e-5
-4.038479160403937e-6
-2.210405800458768e-6
-3.4116451392439244e-7
0.49118332932765113
0.46023894714593316
0.41739983614477316
0.33561436608239886
0.25861215331621557
0.17370410291592392
0.11037537998653678
0.05794130654187806
0.028185614279460532
0.01004162734820249
0.0033370391844286884
0.0007231436101183788
0.00013143836419976892
7.858576820230627e-6
-4.681235848140543e-7
-4.514567765236703e-7
0.33545565819055084
0.3113530663466757
0.2842743665461688
0.224757851504046
0.17370410291592392
0.11343593974347564
0.07160041026176277
0.035864755993557394
0.016992375798381868
0.005552196665142683
0.0017570417639429094
0.00034317248151295677
6.035753882817123e-5
3.080289462956935e-6
-2.4986729214206947e-7
0.2191055936436993
0.20525486023121411
0.18477342413607337
0.1464593755543036
0.11037537998653678
0.07160041026176277
0.04328365314119902
0.021056611427020124
0.009215818152644701
0.0027450517376713633
0.0007485360676186242
0.00012959290510422927
1.831132729371477e-5
1.2598496625069079e-6
0.11925276689038448
0.11068355523433031
0.10006088667216817
0.07752094356573003
0.05794130654187806
0.035864755993557394
0.021056611427020124
0.009336988764531285
0.0037742821814494443
0.0008946345988642025
0.0002000506666298002
2.4108272708586202e-5
2.9336150525384607e-6
0.06058384311840447
0.05694518126680388
0.05058380939311384
0.03918085953071697
0.028185614279460532
0.016992375798381868
0.009215818152644701
0.0037742821814494443
0.001295062881594109
0.00024293855829998087
4.244756324871631e-5
5.327078286979605e-6
0.0227869274967607
0.021240667990820652
0.01898534057877842
0.014262670605840815
0.01004162734820249
0.005552196665142683
0.0027450517376713633
0.0008946345988642025
0.00024293855829998087
2.7710952550603574e-5
6.094947665598389e-6
0.007948012376805562
0.00756990813984675
0.00662416676402143
0.004995788578005778
0.0033370391844286884
0.0017570417639429094
0.0007485360676186242
0.0002000506666298002
4.244756324871631e-5
6.094947665598389e-6
0.0017837346144041145
0.0016881497463905818
0.0015008204489832756
0.0010967286956959938
0.0007231436101183788
0.00034317248151295677
0.00012959290510422927
2.4108272708586202e-5
5.327078286979605e-6
0.0003589639582672231
0.0003568868718171839
0.0002965350057758602
0.00021918218800182914
0.00013143836419976892
6.035753882817123e-5
1.831132729371477e-5
2.9336150525384607e-6
3.7872693212811026e-5
3.432753750710027e-5
2.3637825255263632e-5
1.3697452912048141e-5
7.858576820230627e-6
3.080289462956935e-6
1.2598496625069079e-6
1.3031558574817842e-6
-1.6672074692303745e-6
-3.2799536684407434e-6
-4.038479160403937e-6
-4.681235848140543e-7
-2.4986729214206947e-7
-6.078030247339224e-6
-6.221781171871058e-6
-4.6020841698239615e-6
-2.210405800458768e-6
-4.514567765236703e-7
-2.596143830925201e-6
-2.3449602931621224e-6
-8.241479640892915e-7
-3.4116451392439244e-7
1.7625651297012835e-7
2.0213562902654102e-7
2.5558634642021146e-7
1.9607755906583858e-7
1.5462605625334408e-7
8.2200325595635e-9
0.8443771021381601
0.7823215383127491
0.7187501970369276
0.5729266418290284
0.4501886307693993
0.3034305328239392
0.19938843921197535
0.10673118489284705
0.05457874895983206
0.020103399770391592
0.00713219788017275
0.0015545923995825548
0.00032196308169259153
2.7365411198302608e-5
1.2483649442506117e-6
-4.210738138033882e-6
-1.1749538124779239e-6
2.510438272444364e-7
1.0136983810239533e-7
0.7823215383127491
0.7333722270592994
0.6652610779281832
0.537078144493454
0.41739983614477316
0.2842743665461688
0.18477342413607337
0.10006088667216817
0.05058380939311384
0.01898534057877842
0.00662416676402143
0.0015008204489832756
0.0002965350057758602
2.3637825255263632e-5
-3.2799536684407434e-6
-4.6020841698239615e-6
-8.241479640892915e-7
2.5558634642021146e-7
0.7187501970369276
0.6652610779281832
0.610053680987127
0.48660439178608894
0.38218621767640965
0.25664919316744866
0.16796740523029674
0.08931923672583124
0.045439243427547946
0.01663327089419949
0.005888234067588958
0.0012792762838612986
0.0002537287209813489
1.2220075641973708e-5
-4.256937733505228e-6
-3.123738360819195e-6
-2.8609269638946705e-7
0.5729266418290284
0.537078144493454
0.48660439178608894
0.39142192553459654
0.30284548264688566
0.2046112754829863
0.1312209778340365
0.0697965736841621
0.03451977705477495
0.012604221158199827
0.004280934654322236
0.0009492482761599847
0.0001720912736394756
7.104704183576376e-6
-3.6468500864551923e-6
-1.717536732388927e-6
0.4501886307693993
0.41739983614477316
0.38218621767640965
0.30284548264688566
0.2354551025352637
0.15552331592927082
0.09976254851049741
0.05120690967548413
0.025071802683139865
0.008608349600692466
0.002887087970510427
0.0005855633148753915
0.00010745576465036212
4.555726935397969e-6
-3.5804285093489664e-7
0.3034305328239392
0.2842743665461688
0.25664919316744866
0.2046112754829863
0.15552331592927082
0.10226428825183953
0.06325375863492909
0.03188223087486477
0.014664315178156922
0.004781214802355917
0.001427201804611679
0.0002777097295693805
4.12236522873043e-5
2.238579916857859e-6
0.19938843921197535
0.18477342413607337
0.16796740523029674
0.1312209778340365
0.09976254851049741
0.06325375863492909
0.03853189311705137
0.01816535289127903
0.008020569563792213
0.0022441889213201693
0.0006122237928591961
8.722962180089428e-5
1.2768769669271883e-5
0.10673118489284705
0.10006088667216817
0.08931923672583124
0.0697965736841621
0.05120690967548413
0.03188223087486477
0.01816535289127903
0.008073814152466385
0.0031129022892942455
0.000732458712641022
0.00013556498140007678
1.6429518142033814e-5
0.05457874895983206
0.05058380939311384
0.045439243427547946
0.03451977705477495
0.025071802683139865
0.014664315178156922
0.008020569563792213
0.0031129022892942455
0.0010815289301822214
0.00016943775767465504
3.0050668563486475e-5
0.020103399770391592
0.01898534057877842
0.01663327089419949
0.012604221158199827
0.008608349600692466
0.004781214802355917
0.0022441889213201693
0.000732458712641022
0.00016943775767465504
1.8149357874223188e-5
0.00713219788017275
0.00662416676402143
0.005888234067588958
0.004280934654322236
0.002887087970510427
0.001427201804611679
0.0006122237928591961
0.00013556498140007678
3.0050668563486475e-5
0.0015545923995825548
0.0015008204489832756
0.0012792762838612986
0.0009492482761599847
0.0005855633148753915
0.0002777097295693805
8.722962180089428e-5
1.6429518142033814e-5
0.00032196308169259153
0.0002965350057758602
0.0002537287209813489
0.0001720912736394756
0.00010745576465036212
4.12236522873043e-5
1.2768769669271883e-5
2.7365411198302608e-5
2.3637825255263632e-5
1.2220075641973708e-5
7.104704183576376e-6
4.555726935397969e-6
2.238579916857859e-6
1.2483649442506117e-6
-3.2799536684407434e-6
-4.256937733505228e-6
-3.6468500864551923e-6
-3.5804285093489664e-7
-4.210738138033882e-6
-4.6020841698239615e-6
-3.123738360819195e-6
-1.717536732388927e-6
-1.1749538124779239e-6
-8.241479640892915e-7
-2.8609269638946705e-7
2.510438272444364e-7
2.5558634642021146e-7
1.0136983810239533e-7
0.6731565412411376
0.6307303193841348
0.5729266418290284
0.46242140725766623
0.3581075722406643
0.24257153755988534
0.1564028000715237
0.08376598000254994
0.04180803610623541
0.015429428735562155
0.005307886212920584
0.0011927014910324018
0.00023432797514809565
2.053161939165761e-5
-7.377705174667607e-7
-2.4003449600021012e-6
-1.678310302477759e-7
1.262368301138098e-7
0.6307303193841348
0.5852612744271444
0.537078144493454
0.42815962428777304
0.33561436608239886
0.224757851504046
0.1464593755543036
0.07752094356573003
0.03918085953071697
0.014262670605840815
0.004995788578005778
0.0010967286956959938
0.00021918218800182914
1.3697452912048141e-5
-4.038479160403937e-6
-2.210405800458768e-6
-3.4116451392439244e-7
0.5729266418290284
0.537078144493454
0.48660439178608894
0.39142192553459654
0.30284548264688566
0.2046112754829863
0.1312209778340365
0.0697965736841621
0.03451977705477495
0.012604221158199827
0.004280934654322236
0.0009492482761599847
0.0001720912736394756
7.104704183576376e-6
-3.6468500864551923e-6
-1.717536732388927e-6
0.46242140725766623
0.42815962428777304
0.39142192553459654
0.3105592372508072
0.24165945540281128
0.16022224030368912
0.10314795805369242
0.053389117758202466
0.026335609918672422
0.009198375771883122
0.0031086847042404177
0.0006489956962772461
0.0001183498680368519
4.107492621567563e-6
-2.8593098540857607e-6
0.3581075722406643
0.33561436608239886
0.30284548264688566
0.24165945540281128
0.1846342801755932
0.12229329976680299
0.07653433920440127
0.03925787504055966
0.018484414543361683
0.00626471731970873
0.0019497525695523624
0.00039460390675122146
6.083996680142875e-5
2.1255852550827128e-6
0.24257153755988534
0.224757851504046
0.2046112754829863
0.16022224030368912
0.12229329976680299
0.0784525326972012
0.04847370299262543
0.023503325141173613
0.010723311605411404
0.0032313208344018777
0.0009322476200723831
0.00015047945822150687
2.0326322497306148e-5
0.1564028000715237
0.1464593755543036
0.1312209778340365
0.10314795805369242
0.07653433920440127
0.04847370299262543
0.028483055698106646
0.013274753410958988
0.005484596970405891
0.001476285313872643
0.00033097205080412725
3.9674359864249836e-5
0.08376598000254994
0.07752094356573003
0.0697965736841621
0.053389117758202466
0.03925787504055966
0.023503325141173613
0.013274753410958988
0.005514102480143984
0.0020582950182175207
0.0003947887973395218
5.918944283136202e-5
0.04180803610623541
0.03918085953071697
0.03451977705477495
0.026335609918672422
0.018484414543361683
0.010723311605411404
0.005484596970405891
0.0020582950182175207
0.000610891568694848
7.628407126311852e-5
0.015429428735562155
0.014262670605840815
0.012604221158199827
0.009198375771883122
0.00626471731970873
0.0032313208344018777
0.001476285313872643
0.0003947887973395218
7.628407126311852e-5
0.005307886212920584
0.004995788578005778
0.004280934654322236
0.0031086847042404177
0.0019497525695523624
0.0009322476200723831
0.00033097205080412725
5.918944283136202e-5
0.0011927014910324018
0.0010967286956959938
0.0009492482761599847
0.0006489956962772461
0.00039460390675122146
0.00015047945822150687
3.9674359864249836e-5
0.00023432797514809565
0.00021918218800182914
0.0001720912736394756
0.0001183498680368519
6.083996680142875e-5
2.0326322497306148e-5
2.053161939165761e-5
1.3697452912048141e-5
7.104704183576376e-6
4.107492621567563e-6
2.1255852550827128e-6
-7.377705174667607e-7
-4.038479160403937e-6
-3.6468500864551923e-6
-2.8593098540857607e-6
-2.4003449600021012e-6
-2.210405800458768e-6
-1.717536732388927e-6
-1.678310302477759e-7
-3.4116451392439244e-7
1.262368301138098e-7
0.5294832101516168
0.49118332932765113
0.4501886307693993
0.3581075722406643
0.2798043531326791
0.18547405139909473
0.11950148122030808
0.06192043034979049
0.030626451265649647
0.010732116949288165
0.0036698671641660985
0.0007752088845774435
0.00015605443879872577
1.2931733663448446e-5
1.5433779113140787e-6
-6.941074005264188e-8
-1.2052844698989144e-7
0.49118332932765113
0.46023894714593316
0.41739983614477316
0.33561436608239886
0.25861215331621557
0.17370410291592392
0.11037537998653678
0.05794130654187806
0.028185614279460532
0.01004162734820249
0.0033370391844286884
0.0007231436101183788
0.00013143836419976892
7.858576820230627e-6
-4.681235848140543e-7
-4.514567765236703e-7
0.4501886307693993
0.41739983614477316
0.38218621767640965
0.30284548264688566
0.2354551025352637
0.15552331592927082
0.09976254851049741
0.05120690967548413
0.025071802683139865
0.008608349600692466
0.002887087970510427
0.0005855633148753915
0.00010745576465036212
4.555726935397969e-6
-3.5804285093489664e-7
0.3581075722406643
0.33561436608239886
0.30284548264688566
0.24165945540281128
0.1846342801755932
0.12229329976680299
0.07653433920440127
0.03925787504055966
0.018484414543361683
0.00626471731970873
0.0019497525695523624
0.00039460390675122146
6.083996680142875e-5
2.1255852550827128e-6
0.2798043531326791
0.25861215331621557
0.2354551025352637
0.1846342801755932
0.14145464405952013
0.09116359095989972
0.056810244044808805
0.02783421419184299
0.012925401753603759
0.003986428304007435
0.001203345746374392
0.00019690269387386206
2.822121404330876e-5
0.18547405139909473
0.17370410291592392
0.15552331592927082
0.12229329976680299
0.09116359095989972
0.058121900687340924
0.03454457344853762
0.016407157544339922
0.006958257346885672
0.0019776374281287802
0.0004679962212990919
6.568296536988836e-5
0.11950148122030808
0.11037537998653678
0.09976254851049741
0.07653433920440127
0.056810244044808805
0.03454457344853762
0.02003564993490374
0.008639411775812234
0.003456197205702476
0.0007543872525788464
0.00015034270855448283
0.06192043034979049
0.05794130654187806
0.05120690967548413
0.03925787504055966
0.02783421419184299
0.016407157544339922
0.008639411775812234
0.00341005269647276
0.0010731303324056501
0.00017277893877579636
0.030626451265649647
0.028185614279460532
0.025071802683139865
0.018484414543361683
0.012925401753603759
0.006958257346885672
0.003456197205702476
0.0010731303324056501
0.00028859455661669445
0.010732116949288165
0.01004162734820249
0.008608349600692466
0.00626471731970873
0.003986428304007435
0.0019776374281287802
0.0007543872525788464
0.00017277893877579636
0.0036698671641660985
0.0033370391844286884
0.002887087970510427
0.0019497525695523624
0.001203345746374392
0.0004679962212990919
0.00015034270855448283
0.0007752088845774435
0.0007231436101183788
0.0005855633148753915
0.00039460390675122146
0.00019690269387386206
6.568296536988836e-5
0.00015605443879872577
0.00013143836419976892
0.00010745576465036212
6.083996680142875e-5
2.822121404330876e-5
1.2931733663448446e-5
7.858576820230627e-6
4.555726935397969e-6
2.1255852550827128e-6
1.5433779113140787e-6
-4.681235848140543e-7
-3.5804285093489664e-7
-6.941074005264188e-8
-4.514567765236703e-7
-1.2052844698989144e-7
0.35814185799706394
0.33545565819055084
0.3034305328239392
0.24257153755988534
0.18547405139909473
0.12301076230907226
0.07657528404499284
0.038997627359494955
0.01823469876365641
0.00610849556054832
0.001910371125469862
0.0003967118333043967
7.157904910553434e-5
6.957968051505384e-6
1.0776781756189767e-6
1.7786377376336317e-7
0.33545565819055084
0.3113530663466757
0.2842743665461688
0.224757851504046
0.17370410291592392
0.11343593974347564
0.07160041026176277
0.035864755993557394
0.016992375798381868
0.005552196665142683
0.0017570417639429094
0.00034317248151295677
6.035753882817123e-5
3.080289462956935e-6
-2.4986729214206947e-7
0.3034305328239392
0.2842743665461688
0.25664919316744866
0.2046112754829863
0.15552331592927082
0.10226428825183953
0.06325375863492909
0.03188223087486477
0.014664315178156922
0.004781214802355917
0.001427201804611679
0.0002777097295693805
4.12236522873043e-5
2.238579916857859e-6
0.24257153755988534
0.224757851504046
0.2046112754829863
0.16022224030368912
0.12229329976680299
0.0784525326972012
0.04847370299262543
0.023503325141173613
0.010723311605411404
0.0032313208344018777
0.0009322476200723831
0.00015047945822150687
2.0326322497306148e-5
0.18547405139909473
0.17370410291592392
0.15552331592927082
0.12229329976680299
0.09116359095989972
0.058121900687340924
0.03454457344853762
0.016407157544339922
0.006958257346885672
0.0019776374281287802
0.0004679962212990919
6.568296536988836e-5
0.12301076230907226
0.11343593974347564
0.10226428825183953
0.0784525326972012
0.058121900687340924
0.0353526596146672
0.020484853263656424
0.008874692929697588
0.0035325983262016244
0.000773428031016433
0.00014610307396061982
0.07657528404499284
0.07160041026176277
0.06325375863492909
0.04847370299262543
0.03454457344853762
0.020484853263656424
0.010919066770407958
0.004396372306987102
0.0014219905968061283
0.00024437509930711675
0.038997627359494955
0.035864755993557394
0.03188223087486477
0.023503325141173613
0.016407157544339922
0.008874692929697588
0.004396372306987102
0.0013578763433121437
0.00035231858143867787
0.01823469876365641
0.016992375798381868
0.014664315178156922
0.010723311605411404
0.006958257346885672
0.0035325983262016244
0.0014219905968061283
0.00035231858143867787
0.00610849556054832
0.005552196665142683
0.004781214802355917
0.0032313208344018777
0.0019776374281287802
0.000773428031016433
0.00024437509930711675
0.001910371125469862
0.0017570417639429094
0.001427201804611679
0.0009322476200723831
0.0004679962212990919
0.00014610307396061982
0.0003967118333043967
0.00034317248151295677
0.0002777097295693805
0.00015047945822150687
6.568296536988836e-5
7.157904910553434e-5
6.035753882817123e-5
4.12236522873043e-5
2.0326322497306148e-5
6.957968051505384e-6
3.080289462956935e-6
2.238579916857859e-6
1.0776781756189767e-6
-2.4986729214206947e-7
1.7786377376336317e-7
0.23621222743431478
0.2191055936436993
0.19938843921197535
0.1564028000715237
0.11950148122030808
0.07657528404499284
0.047217458119806946
0.022603192270545778
0.010156533378609474
0.0029815850284105262
0.000872189455109108
0.00015074716713656353
3.0043853249751564e-5
3.3824968128667647e-6
9.162723157266296e-7
0.2191055936436993
0.20525486023121411
0.18477342413607337
0.1464593755543036
0.11037537998653678
0.07160041026176277
0.04328365314119902
0.021056611427020124
0.009215818152644701
0.0027450517376713633
0.0007485360676186242
0.00012959290510422927
1.831132729371477e-5
1.2598496625069079e-6
0.19938843921197535
0.18477342413607337
0.16796740523029674
0.1312209778340365
0.09976254851049741
0.06325375863492909
0.03853189311705137
0.01816535289127903
0.008020569563792213
0.0022441889213201693
0.0006122237928591961
8.722962180089428e-5
1.2768769669271883e-5
0.1564028000715237
0.1464593755543036
0.1312209778340365
0.10314795805369242
0.07653433920440127
0.04847370299262543
0.028483055698106646
0.013274753410958988
0.005484596970405891
0.001476285313872643
0.00033097205080412725
3.9674359864249836e-5
0.11950148122030808
0.11037537998653678
0.09976254851049741
0.07653433920440127
0.056810244044808805
0.03454457344853762
0.02003564993490374
0.008639411775812234
0.003456197205702476
0.0007543872525788464
0.00015034270855448283
0.07657528404499284
0.07160041026176277
0.06325375863492909
0.04847370299262543
0.03454457344853762
0.020484853263656424
0.010919066770407958
0.004396372306987102
0.0014219905968061283
0.00024437509930711675
0.047217458119806946
0.04328365314119902
0.03853189311705137
0.028483055698106646
0.02003564993490374
0.010919066770407958
0.005538389658735213
0.0017670644497478328
0.0004964341018515537
0.022603192270545778
0.021056611427020124
0.01816535289127903
0.013274753410958988
0.008639411775812234
0.004396372306987102
0.0017670644497478328
0.00044366815360619063
0.010156533378609474
0.009215818152644701
0.008020569563792213
0.005484596970405891
0.003456197205702476
0.0014219905968061283
0.0004964341018515537
0.0029815850284105262
0.0027450517376713633
0.0022441889213201693
0.001476285313872643
0.0007543872525788464
0.00024437509930711675
0.000872189455109108
0.0007485360676186242
0.0006122237928591961
0.00033097205080412725
0.00015034270855448283
0.00015074716713656353
0.00012959290510422927
8.722962180089428e-5
3.9674359864249836e-5
3.0043853249751564e-5
1.831132729371477e-5
1.2768769669271883e-5
3.3824968128667647e-6
1.2598496625069079e-6
9.162723157266296e-7
0.1271140231170958
0.11925276689038448
0.10673118489284705
0.08376598000254994
0.06192043034979049
0.038997627359494955
0.022603192270545778
0.010303261534966988
0.0040996738755142235
0.0010373609736317895
0.00023467598706469894
3.9362620793756855e-5
5.646585109805486e-6
1.1382465511911772e-6
0.11925276689038448
0.11068355523433031
0.10006088667216817
0.07752094356573003
0.05794130654187806
0.035864755993557394
0.021056611427020124
0.009336988764531285
0.0037742821814494443
0.0008946345988642025
0.0002000506666298002
2.4108272708586202e-5
2.9336150525384607e-6
0.10673118489284705
0.10006088667216817
0.08931923672583124
0.0697965736841621
0.05120690967548413
0.03188223087486477
0.01816535289127903
0.008073814152466385
0.0031129022892942455
0.000732458712641022
0.00013556498140007678
1.6429518142033814e-5
0.08376598000254994
0.07752094356573003
0.0697965736841621
0.053389117758202466
0.03925787504055966
0.023503325141173613
0.013274753410958988
0.005514102480143984
0.0020582950182175207
0.0003947887973395218
5.918944283136202e-5
0.06192043034979049
0.05794130654187806
0.05120690967548413
0.03925787504055966
0.02783421419184299
0.016407157544339922
0.008639411775812234
0.00341005269647276
0.0010731303324056501
0.00017277893877579636
0.038997627359494955
0.035864755993557394
0.03188223087486477
0.023503325141173613
0.016407157544339922
0.008874692929697588
0.004396372306987102
0.0013578763433121437
0.00035231858143867787
0.022603192270545778
0.021056611427020124
0.01816535289127903
0.013274753410958988
0.008639411775812234
0.004396372306987102
0.0017670644497478328
0.00044366815360619063
0.010303261534966988
0.009336988764531285
0.008073814152466385
0.005514102480143984
0.00341005269647276
0.0013578763433121437
0.00044366815360619063
0.0040996738755142235
0.0037742821814494443
0.0031129022892942455
0.0020582950182175207
0.0010731303324056501
0.00035231858143867787
0.0010373609736317895
0.0008946345988642025
0.000732458712641022
0.0003947887973395218
0.00017277893877579636
0.00023467598706469894
0.0002000506666298002
0.00013556498140007678
5.918944283136202e-5
3.9362620793756855e-5
2.4108272708586202e-5
1.6429518142033814e-5
5.646585109805486e-6
2.9336150525384607e-6
1.1382465511911772e-6
0.06518967075239607
0.06058384311840447
0.05457874895983206
0.04180803610623541
0.030626451265649647
0.01823469876365641
0.010156533378609474
0.0040996738755142235
0.0015106839341320552
0.00028430402022126074
6.700394319186674e-5
9.621758339555813e-6
2.8143667631154327e-6
0.06058384311840447
0.05694518126680388
0.05058380939311384
0.03918085953071697
0.028185614279460532
0.016992375798381868
0.009215818152644701
0.0037742821814494443
0.001295062881594109
0.00024293855829998087
4.244756324871631e-5
5.327078286979605e-6
0.05457874895983206
0.05058380939311384
0.045439243427547946
0.03451977705477495
0.025071802683139865
0.014664315178156922
0.008020569563792213
0.0031129022892942455
0.0010815289301822214
0.00016943775767465504
3.0050668563486475e-5
0.04180803610623541
0.03918085953071697
0.03451977705477495
0.026335609918672422
0.018484414543361683
0.010723311605411404
0.005484596970405891
0.0020582950182175207
0.000610891568694848
7.628407126311852e-5
0.030626451265649647
0.028185614279460532
0.025071802683139865
0.018484414543361683
0.012925401753603759
0.006958257346885672
0.003456197205702476
0.0010731303324056501
0.00028859455661669445
0.01823469876365641
0.016992375798381868
0.014664315178156922
0.010723311605411404
0.006958257346885672
0.0035325983262016244
0.0014219905968061283
0.00035231858143867787
0.010156533378609474
0.009215818152644701
0.008020569563792213
0.005484596970405891
0.003456197205702476
0.0014219905968061283
0.0004964341018515537
0.0040996738755142235
0.0037742821814494443
0.0031129022892942455
0.0020582950182175207
0.0010731303324056501
0.00035231858143867787
0.0015106839341320552
0.001295062881594109
0.0010815289301822214
0.000610891568694848
0.00028859455661669445
0.00028430402022126074
0.00024293855829998087
0.00016943775767465504
7.628407126311852e-5
6.700394319186674e-5
4.244756324871631e-5
3.0050668563486475e-5
9.621758339555813e-6
5.327078286979605e-6
2.8143667631154327e-6
0.024036950803152664
0.0227869274967607
0.020103399770391592
0.015429428735562155
0.010732116949288165
0.00610849556054832
0.0029815850284105262
0.0010373609736317895
0.00028430402022126074
5.317254796044608e-5
1.0991186522683858e-5
2.4390213100990036e-6
0.0227869274967607
0.021240667990820652
0.01898534057877842
0.014262670605840815
0.01004162734820249
0.005552196665142683
0.0027450517376713633
0.0008946345988642025
0.00024293855829998087
2.7710952550603574e-5
6.094947665598389e-6
0.020103399770391592
0.01898534057877842
0.01663327089419949
0.012604221158199827
0.008608349600692466
0.004781214802355917
0.0022441889213201693
0.000732458712641022
0.00016943775767465504
1.8149357874223188e-5
0.015429428735562155
0.014262670605840815
0.012604221158199827
0.009198375771883122
0.00626471731970873
0.0032313208344018777
0.001476285313872643
0.0003947887973395218
7.628407126311852e-5
0.010732116949288165
0.01004162734820249
0.008608349600692466
0.00626471731970873
0.003986428304007435
0.0019776374281287802
0.0007543872525788464
0.00017277893877579636
0.00610849556054832
0.005552196665142683
0.004781214802355917
0.0032313208344018777
0.0019776374281287802
0.000773428031016433
0.00024437509930711675
0.0029815850284105262
0.0027450517376713633
0.0022441889213201693
0.001476285313872643
0.0007543872525788464
0.00024437509930711675
0.0010373609736317895
0.0008946345988642025
0.000732458712641022
0.0003947887973395218
0.00017277893877579636
0.00028430402022126074
0.00024293855829998087
0.00016943775767465504
7.628407126311852e-5
5.317254796044608e-5
2.7710952550603574e-5
1.8149357874223188e-5
1.0991186522683858e-5
6.094947665598389e-6
2.4390213100990036e-6
0.008487547101241558
0.007948012376805562
0.00713219788017275
0.005307886212920584
0.0036698671641660985
0.001910371125469862
0.000872189455109108
0.00023467598706469894
6.700394319186674e-5
1.0991186522683858e-5
5.326744775311084e-6
0.007948012376805562
0.00756990813984675
0.00662416676402143
0.004995788578005778
0.0033370391844286884
0.0017570417639429094
0.0007485360676186242
0.0002000506666298002
4.244756324871631e-5
6.094947665598389e-6
0.00713219788017275
0.00662416676402143
0.005888234067588958
0.004280934654322236
0.002887087970510427
0.001427201804611679
0.0006122237928591961
0.00013556498140007678
3.0050668563486475e-5
0.005307886212920584
0.004995788578005778
0.004280934654322236
0.0031086847042404177
0.0019497525695523624
0.0009322476200723831
0.00033097205080412725
5.918944283136202e-5
0.0036698671641660985
0.0033370391844286884
0.002887087970510427
0.0019497525695523624
0.001203345746374392
0.0004679962212990919
0.00015034270855448283
0.001910371125469862
0.0017570417639429094
0.001427201804611679
0.0009322476200723831
0.0004679962212990919
0.00014610307396061982
0.000872189455109108
0.0007485360676186242
0.0006122237928591961
0.00033097205080412725
0.00015034270855448283
0.00023467598706469894
0.0002000506666298002
0.00013556498140007678
5.918944283136202e-5
6.700394319186674e-5
4.244756324871631e-5
3.0050668563486475e-5
1.0991186522683858e-5
6.094947665598389e-6
5.326744775311084e-6
0.0018147824193921456
0.0017837346144041145
0.0015545923995825548
0.0011927014910324018
0.0007752088845774435
0.0003967118333043967
0.00015074716713656353
3.9362620793756855e-5
9.621758339555813e-6
2.4390213100990036e-6
0.0017837346144041145
0.0016881497463905818
0.0015008204489832756
0.0010967286956959938
0.0007231436101183788
0.00034317248151295677
0.00012959290510422927
2.4108272708586202e-5
5.327078286979605e-6
0.0015545923995825548
0.0015008204489832756
0.0012792762838612986
0.0009492482761599847
0.0005855633148753915
0.0002777097295693805
8.722962180089428e-5
1.6429518142033814e-5
0.0011927014910324018
0.0010967286956959938
0.0009492482761599847
0.0006489956962772461
0.00039460390675122146
0.00015047945822150687
3.9674359864249836e-5
0.0007752088845774435
0.0007231436101183788
0.0005855633148753915
0.00039460390675122146
0.00019690269387386206
6.568296536988836e-5
0.0003967118333043967
0.00034317248151295677
0.0002777097295693805
0.00015047945822150687
6.568296536988836e-5
0.00015074716713656353
0.00012959290510422927
8.722962180089428e-5
3.9674359864249836e-5
3.9362620793756855e-5
2.4108272708586202e-5
1.6429518142033814e-5
9.621758339555813e-6
5.327078286979605e-6
2.4390213100990036e-6
0.000372769317524175
0.0003589639582672231
0.00032196308169259153
0.00023432797514809565
0.00015605443879872577
7.157904910553434e-5
3.0043853249751564e-5
5.646585109805486e-6
2.8143667631154327e-6
0.0003589639582672231
0.0003568868718171839
0.0002965350057758602
0.00021918218800182914
0.00013143836419976892
6.035753882817123e-5
1.831132729371477e-5
2.9336150525384607e-6
0.00032196308169259153
0.0002965350057758602
0.0002537287209813489
0.0001720912736394756
0.00010745576465036212
4.12236522873043e-5
1.2768769669271883e-5
0.00023432797514809565
0.00021918218800182914
0.0001720912736394756
0.0001183498680368519
6.083996680142875e-5
2.0326322497306148e-5
0.00015605443879872577
0.00013143836419976892
0.00010745576465036212
6.083996680142875e-5
2.822121404330876e-5
7.157904910553434e-5
6.035753882817123e-5
4.12236522873043e-5
2.0326322497306148e-5
3.0043853249751564e-5
1.831132729371477e-5
1.2768769669271883e-5
5.646585109805486e-6
2.9336150525384607e-6
2.8143667631154327e-6
3.671851064959294e-5
3.7872693212811026e-5
2.7365411198302608e-5
2.053161939165761e-5
1.2931733663448446e-5
6.957968051505384e-6
3.3824968128667647e-6
1.1382465511911772e-6
3.7872693212811026e-5
3.432753750710027e-5
2.3637825255263632e-5
1.3697452912048141e-5
7.858576820230627e-6
3.080289462956935e-6
1.2598496625069079e-6
2.7365411198302608e-5
2.3637825255263632e-5
1.2220075641973708e-5
7.104704183576376e-6
4.555726935397969e-6
2.238579916857859e-6
2.053161939165761e-5
1.3697452912048141e-5
7.104704183576376e-6
4.107492621567563e-6
2.1255852550827128e-6
1.2931733663448446e-5
7.858576820230627e-6
4.555726935397969e-6
2.1255852550827128e-6
6.957968051505384e-6
3.080289462956935e-6
2.238579916857859e-6
3.3824968128667647e-6
1.2598496625069079e-6
1.1382465511911772e-6
5.324864756176115e-6
1.3031558574817842e-6
1.2483649442506117e-6
-7.377705174667607e-7
1.5433779113140787e-6
1.0776781756189767e-6
9.162723157266296e-7
1.3031558574817842e-6
-1.6672074692303745e-6
-3.2799536684407434e-6
-4.038479160403937e-6
-4.681235848140543e-7
-2.4986729214206947e-7
1.2483649442506117e-6
-3.2799536684407434e-6
-4.256937733505228e-6
-3.6468500864551923e-6
-3.5804285093489664e-7
-7.377705174667607e-7
-4.038479160403937e-6
-3.6468500864551923e-6
-2.8593098540857607e-6
1.5433779113140787e-6
-4.681235848140543e-7
-3.5804285093489664e-7
1.0776781756189767e-6
-2.4986729214206947e-7
9.162723157266296e-7
-5.938589321972042e-6
-6.078030247339224e-6
-4.210738138033882e-6
-2.4003449600021012e-6
-6.941074005264188e-8
1.7786377376336317e-7
-6.078030247339224e-6
-6.221781171871058e-6
-4.6020841698239615e-6
-2.210405800458768e-6
-4.514567765236703e-7
-4.210738138033882e-6
-4.6020841698239615e-6
-3.123738360819195e-6
-1.717536732388927e-6
-2.4003449600021012e-6
-2.210405800458768e-6
-1.717536732388927e-6
-6.941074005264188e-8
-4.514567765236703e-7
1.7786377376336317e-7
-3.234070639719595e-6
-2.596143830925201e-6
-1.1749538124779239e-6
-1.678310302477759e-7
-1.2052844698989144e-7
-2.596143830925201e-6
-2.3449602931621224e-6
-8.241479640892915e-7
-3.4116451392439244e-7
-1.1749538124779239e-6
-8.241479640892915e-7
-2.8609269638946705e-7
-1.678310302477759e-7
-3.4116451392439244e-7
-1.2052844698989144e-7
2.148792777546576e-7
1.7625651297012835e-7
2.510438272444364e-7
1.262368301138098e-7
1.7625651297012835e-7
2.0213562902654102e-7
2.5558634642021146e-7
2.510438272444364e-7
2.5558634642021146e-7
1.262368301138098e-7
1.4482580940397823e-7
1.9607755906583858e-7
1.0136983810239533e-7
1.9607755906583858e-7
1.5462605625334408e-7
1.0136983810239533e-7
-1.3745084665503157e-9
8.2200325595635e-9
8.2200325595635e-9
3.0661240237864935e-13
