1.0
0.8285283199296875
0.657056638676666
0.3727169795971597
0.1932224858391428
0.054744432807164144
0.01224032757911708
0.00042488083357985893
8.814655319462691e-5
3.7038841569469463e-6
9.89409080066543e-7
-7.529149793318038e-11
0.8285283199296875
0.7128889835053084
0.553168166753217
0.319763822774768
0.1628415828561138
0.047245412603037974
0.010477500636453894
0.0004844772402692054
4.606065462405696e-5
-2.84622603685055e-6
-4.48845538900833e-7
0.657056638676666
0.553168166753217
0.4398620131860826
0.24586726817017937
0.12412754946333752
0.03417671051845386
0.0075552018357600455
0.0003015609707824532
8.892011441720732e-6
-4.245212872807199e-6
0.3727169795971597
0.319763822774768
0.24586726817017937
0.13648237348619877
0.06399335291298336
0.015749807521198297
0.0029510123105221395
6.830448640411265e-5
8.085591995410236e-6
0.1932224858391428
0.1628415828561138
0.12412754946333752
0.06399335291298336
0.027567995440700523
0.0052360714245894505
0.0005004840257442472
3.481730250484484e-5
0.054744432807164144
0.047245412603037974
0.03417671051845386
0.015749807521198297
0.0052360714245894505
0.0004682430108320398
6.781260942567673e-5
0.01224032757911708
0.010477500636453894
0.0075552018357600455
0.0029510123105221395
0.0005004840257442472
6.781260942567673e-5
0.00042488083357985893
0.0004844772402692054
0.0003015609707824532
6.830448640411265e-5
3.481730250484484e-5
8.814655319462691e-5
4.606065462405696e-5
8.892011441720732e-6
8.085591995410236e-6
3.7038841569469463e-6
-2.84622603685055e-6
-4.245212872807199e-6
9.89409080066543e-7
-4.48845538900833e-7
-7.529149793318038e-11
0.8285283199296875
0.7128889835053084
0.553168166753217
0.319763822774768
0.1628415828561138
0.047245412603037974
0.010477500636453894
0.0004844772402692054
4.606065462405696e-5
-2.84622603685055e-6
-4.48845538900833e-7
0.7128889835053084
0.5969505520950246
0.47581467383882603
0.26921398798208085
0.13921917321200308
0.0397006428949146
0.008942138149572116
0.0003964748083922695
5.3460316039485495e-6
5.5007250772202505e-6
0.553168166753217
0.47581467383882603
0.3691750908392182
0.2105935894010403
0.10428651971796993
0.028850577771214726
0.006201393620964492
0.00028055969062736996
1.7549109564390234e-6
0.319763822774768
0.26921398798208085
0.2105935894010403
0.11374079582158536
0.0541135608573653
0.012881779417715766
0.002171533098546126
5.020923166271418e-5
0.1628415828561138
0.13921917321200308
0.10428651971796993
0.0541135608573653
0.022785681063345956
0.003995633030029498
0.00034415302062881217
0.047245412603037974
0.0397006428949146
0.028850577771214726
0.012881779417715766
0.003995633030029498
0.00028737479042375213
0.010477500636453894
0.008942138149572116
0.006201393620964492
0.002171533098546126
0.00034415302062881217
0.0004844772402692054
0.0003964748083922695
0.00028055969062736996
5.020923166271418e-5
4.606065462405696e-5
5.3460316039485495e-6
1.7549109564390234e-6
-2.84622603685055e-6
5.5007250772202505e-6
-4.48845538900833e-7
0.657056638676666
0.553168166753217
0.4398620131860826
0.24586726817017937
0.12412754946333752
0.03417671051845386
0.0075552018357600455
0.0003015609707824532
8.892011441720732e-6
-4.245212872807199e-6
0.553168166753217
0.47581467383882603
0.3691750908392182
0.2105935894010403
0.10428651971796993
0.028850577771214726
0.006201393620964492
0.00028055969062736996
1.7549109564390234e-6
0.4398620131860826
0.3691750908392182
0.2898009671506087
0.15979222087487324
0.07813700634646463
0.020351905772217793
0.004082352944706461
0.00015820411246409978
0.24586726817017937
0.2105935894010403
0.15979222087487324
0.08556533728118744
0.03871500017465022
0.008452176285964766
0.0013238797961244353
0.12412754946333752
0.10428651971796993
0.07813700634646463
0.03871500017465022
0.015097716713446549
0.0024382955002175072
0.03417671051845386
0.028850577771214726
0.020351905772217793
0.008452176285964766
0.0024382955002175072
0.0075552018357600455
0.006201393620964492
0.004082352944706461
0.0013238797961244353
0.0003015609707824532
0.00028055969062736996
0.00015820411246409978
8.892011441720732e-6
1.7549109564390234e-6
-4.245212872807199e-6
0.3727169795971597
0.319763822774768
0.24586726817017937
0.13648237348619877
0.06399335291298336
0.015749807521198297
0.0029510123105221395
6.830448640411265e-5
8.085591995410236e-6
0.319763822774768
0.26921398798208085
0.2105935894010403
0.11374079582158536
0.0541135608573653
0.012881779417715766
0.002171533098546126
5.020923166271418e-5
0.24586726817017937
0.2105935894010403
0.15979222087487324
0.08556533728118744
0.03871500017465022
0.008452176285964766
0.0013238797961244353
0.13648237348619877
0.11374079582158536
0.08556533728118744
0.04237610460763805
0.016828195513088534
0.0027614547642651325
0.06399335291298336
0.0541135608573653
0.03871500017465022
0.016828195513088534
0.005395638933555096
0.015749807521198297
0.012881779417715766
0.008452176285964766
0.0027614547642651325
0.0029510123105221395
0.002171533098546126
0.0013238797961244353
6.830448640411265e-5
5.020923166271418e-5
8.085591995410236e-6
0.1932224858391428
0.1628415828561138
0.12412754946333752
0.06399335291298336
0.027567995440700523
0.0052360714245894505
0.0005004840257442472
3.481730250484484e-5
0.1628415828561138
0.13921917321200308
0.10428651971796993
0.0541135608573653
0.022785681063345956
0.003995633030029498
0.00034415302062881217
0.12412754946333752
0.10428651971796993
0.07813700634646463
0.03871500017465022
0.015097716713446549
0.0024382955002175072
0.06399335291298336
0.0541135608573653
0.03871500017465022
0.016828195513088534
0.005395638933555096
0.027567995440700523
0.022785681063345956
0.015097716713446549
0.005395638933555096
0.0052360714245894505
0.003995633030029498
0.0024382955002175072
0.0005004840257442472
0.00034415302062881217
3.481730250484484e-5
0.054744432807164144
0.047245412603037974
0.03417671051845386
0.015749807521198297
0.0052360714245894505
0.0004682430108320398
6.781260942567673e-5
0.047245412603037974
0.0397006428949146
0.028850577771214726
0.012881779417715766
0.003995633030029498
0.00028737479042375213
0.03417671051845386
0.028850577771214726
0.020351905772217793
0.008452176285964766
0.0024382955002175072
0.015749807521198297
0.012881779417715766
0.008452176285964766
0.0027614547642651325
0.0052360714245894505
0.003995633030029498
0.0024382955002175072
0.0004682430108320398
0.00028737479042375213
6.781260942567673e-5
0.01224032757911708
0.010477500636453894
0.0075552018357600455
0.0029510123105221395
0.0005004840257442472
6.781260942567673e-5
0.010477500636453894
0.008942138149572116
0.006201393620964492
0.002171533098546126
0.00034415302062881217
0.0075552018357600455
0.006201393620964492
0.004082352944706461
0.0013238797961244353
0.0029510123105221395
0.002171533098546126
0.0013238797961244353
0.0005004840257442472
0.00034415302062881217
6.781260942567673e-5
0.00042488083357985893
0.0004844772402692054
0.0003015609707824532
6.830448640411265e-5
3.481730250484484e-5
0.0004844772402692054
0.0003964748083922695
0.00028055969062736996
5.020923166271418e-5
0.0003015609707824532
0.00028055969062736996
0.00015820411246409978
6.830448640411265e-5
5.020923166271418e-5
3.481730250484484e-5
8.814655319462691e-5
4.606065462405696e-5
8.892011441720732e-6
8.085591995410236e-6
4.606065462405696e-5
5.3460316039485495e-6
1.7549109564390234e-6
8.892011441720732e-6
1.7549109564390234e-6
8.085591995410236e-6
3.7038841569469463e-6
-2.84622603685055e-6
-4.245212872807199e-6
-2.84622603685055e-6
5.5007250772202505e-6
-4.245212872807199e-6
9.89409080066543e-7
-4.48845538900833e-7
-4.48845538900833e-7
-7.529149793318038e-11
