1.0
0.758881327002482
0.5177626537970401
0.20804181806611252
0.05816664404689914
0.003786610542149422
0.00017100789487679564
-2.0521769012904804e-5
-4.0826847121025466e-11
0.758881327002482
0.615958900478161
0.40099196664771486
0.16863985505241483
0.04414032814726602
0.003774057391637569
5.204052708606419e-5
-7.483476532681777e-6
0.5177626537970401
0.40099196664771486
0.2708323872258238
0.10075079175268613
0.0260496891003671
0.0014278395337207395
2.745509927283115e-6
0.20804181806611252
0.16863985505241483
0.10075079175268613
0.03442893072695839
0.004365328417439178
0.00013401176622273642
0.05816664404689914
0.04414032814726602
0.0260496891003671
0.004365328417439178
0.00037020755985022234
0.003786610542149422
0.003774057391637569
0.0014278395337207395
0.00013401176622273642
0.00017100789487679564
5.204052708606419e-5
2.745509927283115e-6
-2.0521769012904804e-5
-7.483476532681777e-6
-4.0826847121025466e-11
0.758881327002482
0.615958900478161
0.40099196664771486
0.16863985505241483
0.04414032814726602
0.003774057391637569
5.204052708606419e-5
-7.483476532681777e-6
0.615958900478161
0.482301917894897
0.32536651738253286
0.13173491801683046
0.03620467157020129
0.0031887843787617733
4.270071276026331e-5
0.40099196664771486
0.32536651738253286
0.20674389517461442
0.08172320690006518
0.018404913383447817
0.0012930244138949507
0.16863985505241483
0.13173491801683046
0.08172320690006518
0.02578439074040651
0.0038118153191293437
0.04414032814726602
0.03620467157020129
0.018404913383447817
0.0038118153191293437
0.003774057391637569
0.0031887843787617733
0.0012930244138949507
5.204052708606419e-5
4.270071276026331e-5
-7.483476532681777e-6
0.5177626537970401
0.40099196664771486
0.2708323872258238
0.10075079175268613
0.0260496891003671
0.0014278395337207395
2.745509927283115e-6
0.40099196664771486
0.32536651738253286
0.20674389517461442
0.08172320690006518
0.018404913383447817
0.0012930244138949507
0.2708323872258238
0.20674389517461442
0.1349699993444939
0.04493799598376419
0.009856500250088173
0.10075079175268613
0.08172320690006518
0.04493799598376419
0.01267161647382012
0.0260496891003671
0.018404913383447817
0.009856500250088173
0.0014278395337207395
0.0012930244138949507
2.745509927283115e-6
0.20804181806611252
0.16863985505241483
0.10075079175268613
0.03442893072695839
0.004365328417439178
0.00013401176622273642
0.16863985505241483
0.13173491801683046
0.08172320690006518
0.02578439074040651
0.0038118153191293437
0.10075079175268613
0.08172320690006518
0.04493799598376419
0.01267161647382012
0.03442893072695839
0.02578439074040651
0.01267161647382012
0.004365328417439178
0.0038118153191293437
0.00013401176622273642
0.05816664404689914
0.04414032814726602
0.0260496891003671
0.004365328417439178
0.00037020755985022234
0.04414032814726602
0.03620467157020129
0.018404913383447817
0.0038118153191293437
0.0260496891003671
0.018404913383447817
0.009856500250088173
0.004365328417439178
0.0038118153191293437
0.00037020755985022234
0.003786610542149422
0.003774057391637569
0.0014278395337207395
0.00013401176622273642
0.003774057391637569
0.0031887843787617733
0.0012930244138949507
0.0014278395337207395
0.0012930244138949507
0.00013401176622273642
0.00017100789487679564
5.204052708606419e-5
2.745509927283115e-6
5.204052708606419e-5
4.270071276026331e-5
2.745509927283115e-6
-2.0521769012904804e-5
-7.483476532681777e-6
-7.483476532681777e-6
-4.0826847121025466e-11
