1.0
0.5880475680913149
0.17609513297252782
0.008945565726426121
3.4577482394316926e-10
0.5880475680913149
0.3658965076433032
0.09569729820556556
0.0039590202811271005
0.17609513297252782
0.09569729820556556
0.014524476980960575
0.008945565726426121
0.0039590202811271005
3.4577482394316926e-10
0.5880475680913149
0.3658965076433032
0.09569729820556556
0.0039590202811271005
0.3658965076433032
0.20997404587589172
0.0471855848475071
0.09569729820556556
0.0471855848475071
0.0039590202811271005
0.17609513297252782
0.09569729820556556
0.014524476980960575
0.09569729820556556
0.0471855848475071
0.014524476980960575
0.008945565726426121
0.0039590202811271005
0.0039590202811271005
3.4577482394316926e-10
