1.0
0.859752953800155
0.7195059074409849
0.46439622206269493
0.2823888330367526
0.12032239156371498
0.042368831274695574
0.007725188789075201
0.0010105399270949936
2.4124261989849443e-5
-1.4488901704638002e-5
-6.90942533621589e-6
1.1813113958094784e-6
3.933680162126315e-11
0.859752953800155
0.7622640257759974
0.625749645558079
0.41096581992037423
0.2459354785763129
0.10654475875827168
0.03729218872020931
0.007063197285932263
0.0009049486246903869
4.958075724683182e-5
2.9049184011362004e-6
-7.048277755635816e-7
-9.771876409602418e-8
0.7195059074409849
0.625749645558079
0.5258935758332949
0.33715188749575487
0.20249821435061102
0.08478012882853676
0.029457537248780554
0.005421816599569802
0.0007240250154618144
2.2967089871784547e-5
5.019675076433336e-7
-1.91814393829351e-6
0.46439622206269493
0.41096581992037423
0.33715188749575487
0.21800455234207025
0.1256139387237768
0.0510550144625547
0.016460982362902415
0.002827622856606179
0.0003369144211427128
9.582534147345333e-6
-5.97202092176819e-7
0.2823888330367526
0.2459354785763129
0.20249821435061102
0.1256139387237768
0.07069322942928127
0.026090493052133436
0.007279309777779873
0.0009794793133817898
7.27305055950594e-5
6.466921746034351e-6
0.12032239156371498
0.10654475875827168
0.08478012882853676
0.0510550144625547
0.026090493052133436
0.008308597000733536
0.0017444941895646984
0.00011499839318611492
2.1607456617030443e-5
0.042368831274695574
0.03729218872020931
0.029457537248780554
0.016460982362902415
0.007279309777779873
0.0017444941895646984
0.00019528937697967926
2.9439967118740788e-5
0.007725188789075201
0.007063197285932263
0.005421816599569802
0.002827622856606179
0.0009794793133817898
0.00011499839318611492
2.9439967118740788e-5
0.0010105399270949936
0.0009049486246903869
0.0007240250154618144
0.0003369144211427128
7.27305055950594e-5
2.1607456617030443e-5
2.4124261989849443e-5
4.958075724683182e-5
2.2967089871784547e-5
9.582534147345333e-6
6.466921746034351e-6
-1.4488901704638002e-5
2.9049184011362004e-6
5.019675076433336e-7
-5.97202092176819e-7
-6.90942533621589e-6
-7.048277755635816e-7
-1.91814393829351e-6
1.1813113958094784e-6
-9.771876409602418e-8
3.933680162126315e-11
0.859752953800155
0.7622640257759974
0.625749645558079
0.41096581992037423
0.2459354785763129
0.10654475875827168
0.03729218872020931
0.007063197285932263
0.0009049486246903869
4.958075724683182e-5
2.9049184011362004e-6
-7.048277755635816e-7
-9.771876409602418e-8
0.7622640257759974
0.6604746277463863
0.5547258452500713
0.3578592745177558
0.21721658115641648
0.09263506751724004
0.03302360621317625
0.006192352391209744
0.0008244688233181763
5.612099662276705e-5
6.344101844292595e-6
1.8271975364193101e-6
0.625749645558079
0.5547258452500713
0.4563391163379117
0.2983457807384337
0.17609666454592302
0.07467600843019974
0.025587568258563665
0.004779927784683299
0.0006156616322920711
2.6523633700945854e-5
1.1747116452536342e-6
0.41096581992037423
0.3578592745177558
0.2983457807384337
0.18864691263638644
0.11038100429285368
0.04402321831669324
0.014143763065349662
0.002355248521541959
0.00024835423801381466
4.8956155599522035e-6
0.2459354785763129
0.21721658115641648
0.17609666454592302
0.11038100429285368
0.060843622666132614
0.02251493046628874
0.0061527572355006685
0.0007224901128524929
4.255256157853867e-5
0.10654475875827168
0.09263506751724004
0.07467600843019974
0.04402321831669324
0.02251493046628874
0.006945407602882111
0.0012488695716793632
6.591306863469635e-5
0.03729218872020931
0.03302360621317625
0.025587568258563665
0.014143763065349662
0.0061527572355006685
0.0012488695716793632
0.00010514410727804794
0.007063197285932263
0.006192352391209744
0.004779927784683299
0.002355248521541959
0.0007224901128524929
6.591306863469635e-5
0.0009049486246903869
0.0008244688233181763
0.0006156616322920711
0.00024835423801381466
4.255256157853867e-5
4.958075724683182e-5
5.612099662276705e-5
2.6523633700945854e-5
4.8956155599522035e-6
2.9049184011362004e-6
6.344101844292595e-6
1.1747116452536342e-6
-7.048277755635816e-7
1.8271975364193101e-6
-9.771876409602418e-8
0.7195059074409849
0.625749645558079
0.5258935758332949
0.33715188749575487
0.20249821435061102
0.08478012882853676
0.029457537248780554
0.005421816599569802
0.0007240250154618144
2.2967089871784547e-5
5.019675076433336e-7
-1.91814393829351e-6
0.625749645558079
0.5547258452500713
0.4563391163379117
0.2983457807384337
0.17609666454592302
0.07467600843019974
0.025587568258563665
0.004779927784683299
0.0006156616322920711
2.6523633700945854e-5
1.1747116452536342e-6
0.5258935758332949
0.4563391163379117
0.380645746246149
0.2429039063468503
0.1439915599896146
0.05886199271756618
0.019697841736403765
0.003517536881468094
0.0004543652741493529
1.4495115212717928e-6
0.33715188749575487
0.2983457807384337
0.2429039063468503
0.1543865047874709
0.08768121071036974
0.034426861101019744
0.010562875139840637
0.0016181085100843151
0.0001658333393117856
0.20249821435061102
0.17609666454592302
0.1439915599896146
0.08768121071036974
0.04763195657617385
0.01690343645551941
0.004257027149551118
0.00045237646986966525
0.08478012882853676
0.07467600843019974
0.05886199271756618
0.034426861101019744
0.01690343645551941
0.00480986507177212
0.0008454870705270569
0.029457537248780554
0.025587568258563665
0.019697841736403765
0.010562875139840637
0.004257027149551118
0.0008454870705270569
0.005421816599569802
0.004779927784683299
0.003517536881468094
0.0016181085100843151
0.00045237646986966525
0.0007240250154618144
0.0006156616322920711
0.0004543652741493529
0.0001658333393117856
2.2967089871784547e-5
2.6523633700945854e-5
1.4495115212717928e-6
5.019675076433336e-7
1.1747116452536342e-6
-1.91814393829351e-6
0.46439622206269493
0.41096581992037423
0.33715188749575487
0.21800455234207025
0.1256139387237768
0.0510550144625547
0.016460982362902415
0.002827622856606179
0.0003369144211427128
9.582534147345333e-6
-5.97202092176819e-7
0.41096581992037423
0.3578592745177558
0.2983457807384337
0.18864691263638644
0.11038100429285368
0.04402321831669324
0.014143763065349662
0.002355248521541959
0.00024835423801381466
4.8956155599522035e-6
0.33715188749575487
0.2983457807384337
0.2429039063468503
0.1543865047874709
0.08768121071036974
0.034426861101019744
0.010562875139840637
0.0016181085100843151
0.0001658333393117856
0.21800455234207025
0.18864691263638644
0.1543865047874709
0.09444460973741467
0.05194673898524328
0.018804968833922468
0.00494479608696435
0.0005991743519558891
0.1256139387237768
0.11038100429285368
0.08768121071036974
0.05194673898524328
0.026521725938881757
0.008110490406614485
0.0016659362972430947
0.0510550144625547
0.04402321831669324
0.034426861101019744
0.018804968833922468
0.008110490406614485
0.0018622334856057564
0.016460982362902415
0.014143763065349662
0.010562875139840637
0.00494479608696435
0.0016659362972430947
0.002827622856606179
0.002355248521541959
0.0016181085100843151
0.0005991743519558891
0.0003369144211427128
0.00024835423801381466
0.0001658333393117856
9.582534147345333e-6
4.8956155599522035e-6
-5.97202092176819e-7
0.2823888330367526
0.2459354785763129
0.20249821435061102
0.1256139387237768
0.07069322942928127
0.026090493052133436
0.007279309777779873
0.0009794793133817898
7.27305055950594e-5
6.466921746034351e-6
0.2459354785763129
0.21721658115641648
0.17609666454592302
0.11038100429285368
0.060843622666132614
0.02251493046628874
0.0061527572355006685
0.0007224901128524929
4.255256157853867e-5
0.20249821435061102
0.17609666454592302
0.1439915599896146
0.08768121071036974
0.04763195657617385
0.01690343645551941
0.004257027149551118
0.00045237646986966525
0.1256139387237768
0.11038100429285368
0.08768121071036974
0.05194673898524328
0.026521725938881757
0.008110490406614485
0.0016659362972430947
0.07069322942928127
0.060843622666132614
0.04763195657617385
0.026521725938881757
0.01174378887585801
0.0028786349550699564
0.026090493052133436
0.02251493046628874
0.01690343645551941
0.008110490406614485
0.0028786349550699564
0.007279309777779873
0.0061527572355006685
0.004257027149551118
0.0016659362972430947
0.0009794793133817898
0.0007224901128524929
0.00045237646986966525
7.27305055950594e-5
4.255256157853867e-5
6.466921746034351e-6
0.12032239156371498
0.10654475875827168
0.08478012882853676
0.0510550144625547
0.026090493052133436
0.008308597000733536
0.0017444941895646984
0.00011499839318611492
2.1607456617030443e-5
0.10654475875827168
0.09263506751724004
0.07467600843019974
0.04402321831669324
0.02251493046628874
0.006945407602882111
0.0012488695716793632
6.591306863469635e-5
0.08478012882853676
0.07467600843019974
0.05886199271756618
0.034426861101019744
0.01690343645551941
0.00480986507177212
0.0008454870705270569
0.0510550144625547
0.04402321831669324
0.034426861101019744
0.018804968833922468
0.008110490406614485
0.0018622334856057564
0.026090493052133436
0.02251493046628874
0.01690343645551941
0.008110490406614485
0.0028786349550699564
0.008308597000733536
0.006945407602882111
0.00480986507177212
0.0018622334856057564
0.0017444941895646984
0.0012488695716793632
0.0008454870705270569
0.00011499839318611492
6.591306863469635e-5
2.1607456617030443e-5
0.042368831274695574
0.03729218872020931
0.029457537248780554
0.016460982362902415
0.007279309777779873
0.0017444941895646984
0.00019528937697967926
2.9439967118740788e-5
0.03729218872020931
0.03302360621317625
0.025587568258563665
0.014143763065349662
0.0061527572355006685
0.0012488695716793632
0.00010514410727804794
0.029457537248780554
0.025587568258563665
0.019697841736403765
0.010562875139840637
0.004257027149551118
0.0008454870705270569
0.016460982362902415
0.014143763065349662
0.010562875139840637
0.00494479608696435
0.0016659362972430947
0.007279309777779873
0.0061527572355006685
0.004257027149551118
0.0016659362972430947
0.0017444941895646984
0.0012488695716793632
0.0008454870705270569
0.00019528937697967926
0.00010514410727804794
2.9439967118740788e-5
0.007725188789075201
0.007063197285932263
0.005421816599569802
0.002827622856606179
0.0009794793133817898
0.00011499839318611492
2.9439967118740788e-5
0.007063197285932263
0.006192352391209744
0.004779927784683299
0.002355248521541959
0.0007224901128524929
6.591306863469635e-5
0.005421816599569802
0.004779927784683299
0.003517536881468094
0.0016181085100843151
0.00045237646986966525
0.002827622856606179
0.002355248521541959
0.0016181085100843151
0.0005991743519558891
0.0009794793133817898
0.0007224901128524929
0.00045237646986966525
0.00011499839318611492
6.591306863469635e-5
2.9439967118740788e-5
0.0010105399270949936
0.0009049486246903869
0.0007240250154618144
0.0003369144211427128
7.27305055950594e-5
2.1607456617030443e-5
0.0009049486246903869
0.0008244688233181763
0.0006156616322920711
0.00024835423801381466
4.255256157853867e-5
0.0007240250154618144
0.0006156616322920711
0.0004543652741493529
0.0001658333393117856
0.0003369144211427128
0.00024835423801381466
0.0001658333393117856
7.27305055950594e-5
4.255256157853867e-5
2.1607456617030443e-5
2.4124261989849443e-5
4.958075724683182e-5
2.2967089871784547e-5
9.582534147345333e-6
6.466921746034351e-6
4.958075724683182e-5
5.612099662276705e-5
2.6523633700945854e-5
4.8956155599522035e-6
2.2967089871784547e-5
2.6523633700945854e-5
1.4495115212717928e-6
9.582534147345333e-6
4.8956155599522035e-6
6.466921746034351e-6
-1.4488901704638002e-5
2.9049184011362004e-6
5.019675076433336e-7
-5.97202092176819e-7
2.9049184011362004e-6
6.344101844292595e-6
1.1747116452536342e-6
5.019675076433336e-7
1.1747116452536342e-6
-5.97202092176819e-7
-6.90942533621589e-6
-7.048277755635816e-7
-1.91814393829351e-6
-7.048277755635816e-7
1.8271975364193101e-6
-1.91814393829351e-6
1.1813113958094784e-6
-9.771876409602418e-8
-9.771876409602418e-8
3.933680162126315e-11
