1.0
0.9093966089661746
0.8187932177774092
0.6268284728106048
0.4708702596887206
0.29428475898868156
0.17701630740195193
0.08132868402744954
0.034534529399175756
0.009255957492384555
0.0024443986174049015
0.00026425487981348477
4.8347778412509556e-5
-8.370380100001713e-6
-5.743360621994555e-6
-2.029683046928998e-6
1.4567167257750144e-7
1.2143850196301576e-8
7.771521923325758e-11
0.9093966089661746
0.8431548469607818
0.7489421551330588
0.5809825310418556
0.43119809258539826
0.272704643460446
0.16207604134717313
0.07570327744567791
0.03176332148063859
0.00880849122786877
0.0022801297486335775
0.0002811698112445829
4.198175561307909e-5
-5.75456590018728e-6
-5.5103978681425295e-6
-1.068480676536842e-6
-4.81366222760621e-8
1.512606903452024e-8
0.8187932177774092
0.7489421551330588
0.6770006943154234
0.517816875620043
0.38817103492933175
0.24124313152272664
0.1443507362552324
0.06588369722961662
0.02792951507021391
0.007522713416501847
0.0020161761614743696
0.00023357441980051164
3.565518963147251e-5
-5.4500725426166386e-6
-3.1843865078723336e-6
-9.314063797350622e-7
-2.8585085567334662e-8
0.6268284728106048
0.5809825310418556
0.517816875620043
0.40164089102796074
0.2953179204021956
0.18427325197186573
0.10734988586134468
0.04891354442193994
0.019997026531404838
0.005419048160181406
0.0013799736894337094
0.00017069302004702345
2.1669477789078547e-5
-3.131425247969835e-6
-1.9775328991100073e-6
-2.761010256826791e-7
0.4708702596887206
0.43119809258539826
0.38817103492933175
0.2953179204021956
0.21903885923330213
0.1324940083818995
0.07676610010535129
0.03318829469571238
0.013308815037213833
0.0033220368984548613
0.0008473907215493839
9.712455264699896e-5
1.618365635904497e-5
6.973963402756395e-7
-5.512878438036447e-7
0.29428475898868156
0.272704643460446
0.24124313152272664
0.18427325197186573
0.1324940083818995
0.07972381836734042
0.04376280303886185
0.01821536407764253
0.006594783411456313
0.0015042364059545373
0.00032683420195102575
3.585379294827263e-5
2.8292866659294336e-6
6.050701634084071e-7
0.17701630740195193
0.16207604134717313
0.1443507362552324
0.10734988586134468
0.07676610010535129
0.04376280303886185
0.023452321261807414
0.00872775427257388
0.0028884101236397943
0.0004970955824498016
0.00010765865204114084
1.0193883940520012e-5
2.001158731246106e-6
0.08132868402744954
0.07570327744567791
0.06588369722961662
0.04891354442193994
0.03318829469571238
0.01821536407764253
0.00872775427257388
0.00290238816501629
0.0007373233313781942
9.618531285249363e-5
1.4358277741813152e-5
4.318530673324087e-6
0.034534529399175756
0.03176332148063859
0.02792951507021391
0.019997026531404838
0.013308815037213833
0.006594783411456313
0.0028884101236397943
0.0007373233313781942
0.00018261389427247818
1.9988033812527155e-5
6.7449780950525114e-6
0.009255957492384555
0.00880849122786877
0.007522713416501847
0.005419048160181406
0.0033220368984548613
0.0015042364059545373
0.0004970955824498016
9.618531285249363e-5
1.9988033812527155e-5
7.716322067541561e-6
0.0024443986174049015
0.0022801297486335775
0.0020161761614743696
0.0013799736894337094
0.0008473907215493839
0.00032683420195102575
0.00010765865204114084
1.4358277741813152e-5
6.7449780950525114e-6
0.00026425487981348477
0.0002811698112445829
0.00023357441980051164
0.00017069302004702345
9.712455264699896e-5
3.585379294827263e-5
1.0193883940520012e-5
4.318530673324087e-6
4.8347778412509556e-5
4.198175561307909e-5
3.565518963147251e-5
2.1669477789078547e-5
1.618365635904497e-5
2.8292866659294336e-6
2.001158731246106e-6
-8.370380100001713e-6
-5.75456590018728e-6
-5.4500725426166386e-6
-3.131425247969835e-6
6.973963402756395e-7
6.050701634084071e-7
-5.743360621994555e-6
-5.5103978681425295e-6
-3.1843865078723336e-6
-1.9775328991100073e-6
-5.512878438036447e-7
-2.029683046928998e-6
-1.068480676536842e-6
-9.314063797350622e-7
-2.761010256826791e-7
1.4567167257750144e-7
-4.81366222760621e-8
-2.8585085567334662e-8
1.2143850196301576e-8
1.512606903452024e-8
7.771521923325758e-11
0.9093966089661746
0.8431548469607818
0.7489421551330588
0.5809825310418556
0.43119809258539826
0.272704643460446
0.16207604134717313
0.07570327744567791
0.03176332148063859
0.00880849122786877
0.0022801297486335775
0.0002811698112445829
4.198175561307909e-5
-5.75456590018728e-6
-5.5103978681425295e-6
-1.068480676536842e-6
-4.81366222760621e-8
1.512606903452024e-8
0.8431548469607818
0.770078284822435
0.6946453480849698
0.5324289761749189
0.39971127821152164
0.2498996946374365
0.15030189218525658
0.06942109660958438
0.02971369128108246
0.008149559037913803
0.002193281668153289
0.00027658197544887844
4.0172882453636945e-5
-5.0662728734448366e-6
-6.206949599543883e-6
-1.43951933216519e-6
5.998848721973131e-9
0.7489421551330588
0.6946453480849698
0.6184330792649535
0.4802676438696415
0.35519556341208247
0.2236031720844088
0.1319324037027896
0.06120275401987349
0.025542278166776938
0.007091877993368409
0.00183976141982703
0.00023088476765885892
2.6713337293881105e-5
-6.10659971988064e-6
-3.5911006793586103e-6
-6.308600004415355e-7
0.5809825310418556
0.5324289761749189
0.4802676438696415
0.36700553717881085
0.2738086754047006
0.16843396741326863
0.0994504175978142
0.04462006383506804
0.01857471295154767
0.004923264414426191
0.001290402913013795
0.00015343577924513524
1.4340841924326044e-5
-3.6990467423572395e-6
-2.9941347063960203e-6
0.43119809258539826
0.39971127821152164
0.35519556341208247
0.2738086754047006
0.1995247205415524
0.12271655494463601
0.06977791174659813
0.030711628429962997
0.011990877548098215
0.0030548556808570153
0.0007339510971737742
8.4941235759041e-5
9.06515637074363e-6
-6.621692631678728e-7
0.272704643460446
0.2498996946374365
0.2236031720844088
0.16843396741326863
0.12271655494463601
0.07236834656209752
0.040433860672885076
0.016441565451009475
0.006049553233522812
0.001308781428021328
0.0002889190498559504
2.3456237929988307e-5
7.792943539629013e-7
0.16207604134717313
0.15030189218525658
0.1319324037027896
0.0994504175978142
0.06977791174659813
0.040433860672885076
0.021035815260007494
0.008002274466846598
0.002504263240184594
0.0004348837273356269
7.142139676618223e-5
6.587405590014267e-6
0.07570327744567791
0.06942109660958438
0.06120275401987349
0.04462006383506804
0.030711628429962997
0.016441565451009475
0.008002274466846598
0.00253627384665575
0.0006542878451146238
6.435079628530392e-5
1.0920160624388504e-5
0.03176332148063859
0.02971369128108246
0.025542278166776938
0.01857471295154767
0.011990877548098215
0.006049553233522812
0.002504263240184594
0.0006542878451146238
0.00011838800448970283
1.1764056206781975e-5
0.00880849122786877
0.008149559037913803
0.007091877993368409
0.004923264414426191
0.0030548556808570153
0.001308781428021328
0.0004348837273356269
6.435079628530392e-5
1.1764056206781975e-5
0.0022801297486335775
0.002193281668153289
0.00183976141982703
0.001290402913013795
0.0007339510971737742
0.0002889190498559504
7.142139676618223e-5
1.0920160624388504e-5
0.0002811698112445829
0.00027658197544887844
0.00023088476765885892
0.00015343577924513524
8.4941235759041e-5
2.3456237929988307e-5
6.587405590014267e-6
4.198175561307909e-5
4.0172882453636945e-5
2.6713337293881105e-5
1.4340841924326044e-5
9.06515637074363e-6
7.792943539629013e-7
-5.75456590018728e-6
-5.0662728734448366e-6
-6.10659971988064e-6
-3.6990467423572395e-6
-6.621692631678728e-7
-5.5103978681425295e-6
-6.206949599543883e-6
-3.5911006793586103e-6
-2.9941347063960203e-6
-1.068480676536842e-6
-1.43951933216519e-6
-6.308600004415355e-7
-4.81366222760621e-8
5.998848721973131e-9
1.512606903452024e-8
0.8187932177774092
0.7489421551330588
0.6770006943154234
0.517816875620043
0.38817103492933175
0.24124313152272664
0.1443507362552324
0.06588369722961662
0.02792951507021391
0.007522713416501847
0.0020161761614743696
0.00023357441980051164
3.565518963147251e-5
-5.4500725426166386e-6
-3.1843865078723336e-6
-9.314063797350622e-7
-2.8585085567334662e-8
0.7489421551330588
0.6946453480849698
0.6184330792649535
0.4802676438696415
0.35519556341208247
0.2236031720844088
0.1319324037027896
0.06120275401987349
0.025542278166776938
0.007091877993368409
0.00183976141982703
0.00023088476765885892
2.6713337293881105e-5
-6.10659971988064e-6
-3.5911006793586103e-6
-6.308600004415355e-7
0.6770006943154234
0.6184330792649535
0.5575986087315711
0.42656255197241877
0.3193160994283049
0.19726064112244474
0.11727353021872475
0.05297994072391806
0.022305658108460236
0.005967118810280329
0.001589711411383021
0.0001785027026055276
1.6709487417338836e-5
-6.9720621066344405e-6
-2.161680533451184e-6
0.517816875620043
0.4802676438696415
0.42656255197241877
0.3292857378335204
0.24157704138417765
0.15001936985308076
0.08661503187225753
0.03900286086291221
0.015688060235503586
0.004171598576324587
0.0010338805568190412
0.00011958083438491307
6.55717682416471e-6
-4.048404787221973e-6
0.38817103492933175
0.35519556341208247
0.3193160994283049
0.24157704138417765
0.1778609261232223
0.10685698622081742
0.061423160943074546
0.026097425622299587
0.010245991713907958
0.0024384192283902124
0.00059943155388893
5.903263145696872e-5
4.871182877431635e-6
0.24124313152272664
0.2236031720844088
0.19726064112244474
0.15001936985308076
0.10685698622081742
0.06341885945137375
0.03438568762254225
0.01401921719366371
0.004876067430415169
0.0010364222795063143
0.00019385299054404246
1.6041963413297474e-5
0.1443507362552324
0.1319324037027896
0.11727353021872475
0.08661503187225753
0.061423160943074546
0.03438568762254225
0.018035208818090818
0.006476597914211759
0.002050731235274448
0.0002981407673850209
4.883399334746966e-5
0.06588369722961662
0.06120275401987349
0.05297994072391806
0.03900286086291221
0.026097425622299587
0.01401921719366371
0.006476597914211759
0.0020295432829941858
0.00045259600896609717
4.048576962313496e-5
0.02792951507021391
0.025542278166776938
0.022305658108460236
0.015688060235503586
0.010245991713907958
0.004876067430415169
0.002050731235274448
0.00045259600896609717
7.946182929022117e-5
0.007522713416501847
0.007091877993368409
0.005967118810280329
0.004171598576324587
0.0024384192283902124
0.0010364222795063143
0.0002981407673850209
4.048576962313496e-5
0.0020161761614743696
0.00183976141982703
0.001589711411383021
0.0010338805568190412
0.00059943155388893
0.00019385299054404246
4.883399334746966e-5
0.00023357441980051164
0.00023088476765885892
0.0001785027026055276
0.00011958083438491307
5.903263145696872e-5
1.6041963413297474e-5
3.565518963147251e-5
2.6713337293881105e-5
1.6709487417338836e-5
6.55717682416471e-6
4.871182877431635e-6
-5.4500725426166386e-6
-6.10659971988064e-6
-6.9720621066344405e-6
-4.048404787221973e-6
-3.1843865078723336e-6
-3.5911006793586103e-6
-2.161680533451184e-6
-9.314063797350622e-7
-6.308600004415355e-7
-2.8585085567334662e-8
0.6268284728106048
0.5809825310418556
0.517816875620043
0.40164089102796074
0.2953179204021956
0.18427325197186573
0.10734988586134468
0.04891354442193994
0.019997026531404838
0.005419048160181406
0.0013799736894337094
0.00017069302004702345
2.1669477789078547e-5
-3.131425247969835e-6
-1.9775328991100073e-6
-2.761010256826791e-7
0.5809825310418556
0.5324289761749189
0.4802676438696415
0.36700553717881085
0.2738086754047006
0.16843396741326863
0.0994504175978142
0.04462006383506804
0.01857471295154767
0.004923264414426191
0.001290402913013795
0.00015343577924513524
1.4340841924326044e-5
-3.6990467423572395e-6
-2.9941347063960203e-6
0.517816875620043
0.4802676438696415
0.42656255197241877
0.3292857378335204
0.24157704138417765
0.15001936985308076
0.08661503187225753
0.03900286086291221
0.015688060235503586
0.004171598576324587
0.0010338805568190412
0.00011958083438491307
6.55717682416471e-6
-4.048404787221973e-6
0.40164089102796074
0.36700553717881085
0.3292857378335204
0.24968094913184055
0.18411621868753983
0.1113274369517547
0.06436280697553533
0.02775771134328988
0.011056832733577212
0.0027181017238819783
0.0006722904626478364
6.91403247909067e-5
1.672485558965351e-6
0.2953179204021956
0.2738086754047006
0.24157704138417765
0.18411621868753983
0.13226272168429534
0.0794809243504255
0.043959895477904465
0.018517304767991197
0.006751820460709448
0.0015566801145225366
0.0003203234169669037
2.8388305452861196e-5
0.18427325197186573
0.16843396741326863
0.15001936985308076
0.1113274369517547
0.0794809243504255
0.04538937862798326
0.024420268316593507
0.009281521852047699
0.003133447459376733
0.0005412988588742908
9.315866172543874e-5
0.10734988586134468
0.0994504175978142
0.08661503187225753
0.06436280697553533
0.043959895477904465
0.024420268316593507
0.011990630356190064
0.00417078108538019
0.0011092674269219073
0.00013316934205161632
0.04891354442193994
0.04462006383506804
0.03900286086291221
0.02775771134328988
0.018517304767991197
0.009281521852047699
0.00417078108538019
0.0010957830310226854
0.0002145794625146487
0.019997026531404838
0.01857471295154767
0.015688060235503586
0.011056832733577212
0.006751820460709448
0.003133447459376733
0.0011092674269219073
0.0002145794625146487
0.005419048160181406
0.004923264414426191
0.004171598576324587
0.0027181017238819783
0.0015566801145225366
0.0005412988588742908
0.00013316934205161632
0.0013799736894337094
0.001290402913013795
0.0010338805568190412
0.0006722904626478364
0.0003203234169669037
9.315866172543874e-5
0.00017069302004702345
0.00015343577924513524
0.00011958083438491307
6.91403247909067e-5
2.8388305452861196e-5
2.1669477789078547e-5
1.4340841924326044e-5
6.55717682416471e-6
1.672485558965351e-6
-3.131425247969835e-6
-3.6990467423572395e-6
-4.048404787221973e-6
-1.9775328991100073e-6
-2.9941347063960203e-6
-2.761010256826791e-7
0.4708702596887206
0.43119809258539826
0.38817103492933175
0.2953179204021956
0.21903885923330213
0.1324940083818995
0.07676610010535129
0.03318829469571238
0.013308815037213833
0.0033220368984548613
0.0008473907215493839
9.712455264699896e-5
1.618365635904497e-5
6.973963402756395e-7
-5.512878438036447e-7
0.43119809258539826
0.39971127821152164
0.35519556341208247
0.2738086754047006
0.1995247205415524
0.12271655494463601
0.06977791174659813
0.030711628429962997
0.011990877548098215
0.0030548556808570153
0.0007339510971737742
8.4941235759041e-5
9.06515637074363e-6
-6.621692631678728e-7
0.38817103492933175
0.35519556341208247
0.3193160994283049
0.24157704138417765
0.1778609261232223
0.10685698622081742
0.061423160943074546
0.026097425622299587
0.010245991713907958
0.0024384192283902124
0.00059943155388893
5.903263145696872e-5
4.871182877431635e-6
0.2953179204021956
0.2738086754047006
0.24157704138417765
0.18411621868753983
0.13226272168429534
0.0794809243504255
0.043959895477904465
0.018517304767991197
0.006751820460709448
0.0015566801145225366
0.0003203234169669037
2.8388305452861196e-5
0.21903885923330213
0.1995247205415524
0.1778609261232223
0.13226272168429534
0.09505669124551314
0.0546940329574495
0.029869462206927478
0.011534272178133905
0.004056686812190546
0.0007445093612422009
0.0001415516333886303
0.1324940083818995
0.12271655494463601
0.10685698622081742
0.0794809243504255
0.0546940329574495
0.030713316906205757
0.015363714044629214
0.005528485210908239
0.0015395171665131613
0.00021862545747970677
0.07676610010535129
0.06977791174659813
0.061423160943074546
0.043959895477904465
0.029869462206927478
0.015363714044629214
0.0073157053147116305
0.002073452141095297
0.0004949498337256644
0.03318829469571238
0.030711628429962997
0.026097425622299587
0.018517304767991197
0.011534272178133905
0.005528485210908239
0.002073452141095297
0.00045931523865586874
0.013308815037213833
0.011990877548098215
0.010245991713907958
0.006751820460709448
0.004056686812190546
0.0015395171665131613
0.0004949498337256644
0.0033220368984548613
0.0030548556808570153
0.0024384192283902124
0.0015566801145225366
0.0007445093612422009
0.00021862545747970677
0.0008473907215493839
0.0007339510971737742
0.00059943155388893
0.0003203234169669037
0.0001415516333886303
9.712455264699896e-5
8.4941235759041e-5
5.903263145696872e-5
2.8388305452861196e-5
1.618365635904497e-5
9.06515637074363e-6
4.871182877431635e-6
6.973963402756395e-7
-6.621692631678728e-7
-5.512878438036447e-7
0.29428475898868156
0.272704643460446
0.24124313152272664
0.18427325197186573
0.1324940083818995
0.07972381836734042
0.04376280303886185
0.01821536407764253
0.006594783411456313
0.0015042364059545373
0.00032683420195102575
3.585379294827263e-5
2.8292866659294336e-6
6.050701634084071e-7
0.272704643460446
0.2498996946374365
0.2236031720844088
0.16843396741326863
0.12271655494463601
0.07236834656209752
0.040433860672885076
0.016441565451009475
0.006049553233522812
0.001308781428021328
0.0002889190498559504
2.3456237929988307e-5
7.792943539629013e-7
0.24124313152272664
0.2236031720844088
0.19726064112244474
0.15001936985308076
0.10685698622081742
0.06341885945137375
0.03438568762254225
0.01401921719366371
0.004876067430415169
0.0010364222795063143
0.00019385299054404246
1.6041963413297474e-5
0.18427325197186573
0.16843396741326863
0.15001936985308076
0.1113274369517547
0.0794809243504255
0.04538937862798326
0.024420268316593507
0.009281521852047699
0.003133447459376733
0.0005412988588742908
9.315866172543874e-5
0.1324940083818995
0.12271655494463601
0.10685698622081742
0.0794809243504255
0.0546940329574495
0.030713316906205757
0.015363714044629214
0.005528485210908239
0.0015395171665131613
0.00021862545747970677
0.07972381836734042
0.07236834656209752
0.06341885945137375
0.04538937862798326
0.030713316906205757
0.01581592028958255
0.007460814947409874
0.002100656046831148
0.00048133143389731526
0.04376280303886185
0.040433860672885076
0.03438568762254225
0.024420268316593507
0.015363714044629214
0.007460814947409874
0.002861646736378791
0.000657455219931855
0.01821536407764253
0.016441565451009475
0.01401921719366371
0.009281521852047699
0.005528485210908239
0.002100656046831148
0.000657455219931855
0.006594783411456313
0.006049553233522812
0.004876067430415169
0.003133447459376733
0.0015395171665131613
0.00048133143389731526
0.0015042364059545373
0.001308781428021328
0.0010364222795063143
0.0005412988588742908
0.00021862545747970677
0.00032683420195102575
0.0002889190498559504
0.00019385299054404246
9.315866172543874e-5
3.585379294827263e-5
2.3456237929988307e-5
1.6041963413297474e-5
2.8292866659294336e-6
7.792943539629013e-7
6.050701634084071e-7
0.17701630740195193
0.16207604134717313
0.1443507362552324
0.10734988586134468
0.07676610010535129
0.04376280303886185
0.023452321261807414
0.00872775427257388
0.0028884101236397943
0.0004970955824498016
0.00010765865204114084
1.0193883940520012e-5
2.001158731246106e-6
0.16207604134717313
0.15030189218525658
0.1319324037027896
0.0994504175978142
0.06977791174659813
0.040433860672885076
0.021035815260007494
0.008002274466846598
0.002504263240184594
0.0004348837273356269
7.142139676618223e-5
6.587405590014267e-6
0.1443507362552324
0.1319324037027896
0.11727353021872475
0.08661503187225753
0.061423160943074546
0.03438568762254225
0.018035208818090818
0.006476597914211759
0.002050731235274448
0.0002981407673850209
4.883399334746966e-5
0.10734988586134468
0.0994504175978142
0.08661503187225753
0.06436280697553533
0.043959895477904465
0.024420268316593507
0.011990630356190064
0.00417078108538019
0.0011092674269219073
0.00013316934205161632
0.07676610010535129
0.06977791174659813
0.061423160943074546
0.043959895477904465
0.029869462206927478
0.015363714044629214
0.0073157053147116305
0.002073452141095297
0.0004949498337256644
0.04376280303886185
0.040433860672885076
0.03438568762254225
0.024420268316593507
0.015363714044629214
0.007460814947409874
0.002861646736378791
0.000657455219931855
0.023452321261807414
0.021035815260007494
0.018035208818090818
0.011990630356190064
0.0073157053147116305
0.002861646736378791
0.0009672120574989695
0.00872775427257388
0.008002274466846598
0.006476597914211759
0.00417078108538019
0.002073452141095297
0.000657455219931855
0.0028884101236397943
0.002504263240184594
0.002050731235274448
0.0011092674269219073
0.0004949498337256644
0.0004970955824498016
0.0004348837273356269
0.0002981407673850209
0.00013316934205161632
0.00010765865204114084
7.142139676618223e-5
4.883399334746966e-5
1.0193883940520012e-5
6.587405590014267e-6
2.001158731246106e-6
0.08132868402744954
0.07570327744567791
0.06588369722961662
0.04891354442193994
0.03318829469571238
0.01821536407764253
0.00872775427257388
0.00290238816501629
0.0007373233313781942
9.618531285249363e-5
1.4358277741813152e-5
4.318530673324087e-6
0.07570327744567791
0.06942109660958438
0.06120275401987349
0.04462006383506804
0.030711628429962997
0.016441565451009475
0.008002274466846598
0.00253627384665575
0.0006542878451146238
6.435079628530392e-5
1.0920160624388504e-5
0.06588369722961662
0.06120275401987349
0.05297994072391806
0.03900286086291221
0.026097425622299587
0.01401921719366371
0.006476597914211759
0.0020295432829941858
0.00045259600896609717
4.048576962313496e-5
0.04891354442193994
0.04462006383506804
0.03900286086291221
0.02775771134328988
0.018517304767991197
0.009281521852047699
0.00417078108538019
0.0010957830310226854
0.0002145794625146487
0.03318829469571238
0.030711628429962997
0.026097425622299587
0.018517304767991197
0.011534272178133905
0.005528485210908239
0.002073452141095297
0.00045931523865586874
0.01821536407764253
0.016441565451009475
0.01401921719366371
0.009281521852047699
0.005528485210908239
0.002100656046831148
0.000657455219931855
0.00872775427257388
0.008002274466846598
0.006476597914211759
0.00417078108538019
0.002073452141095297
0.000657455219931855
0.00290238816501629
0.00253627384665575
0.0020295432829941858
0.0010957830310226854
0.00045931523865586874
0.0007373233313781942
0.0006542878451146238
0.00045259600896609717
0.0002145794625146487
9.618531285249363e-5
6.435079628530392e-5
4.048576962313496e-5
1.4358277741813152e-5
1.0920160624388504e-5
4.318530673324087e-6
0.034534529399175756
0.03176332148063859
0.02792951507021391
0.019997026531404838
0.013308815037213833
0.006594783411456313
0.0028884101236397943
0.0007373233313781942
0.00018261389427247818
1.9988033812527155e-5
6.7449780950525114e-6
0.03176332148063859
0.02971369128108246
0.025542278166776938
0.01857471295154767
0.011990877548098215
0.006049553233522812
0.002504263240184594
0.0006542878451146238
0.00011838800448970283
1.1764056206781975e-5
0.02792951507021391
0.025542278166776938
0.022305658108460236
0.015688060235503586
0.010245991713907958
0.004876067430415169
0.002050731235274448
0.00045259600896609717
7.946182929022117e-5
0.019997026531404838
0.01857471295154767
0.015688060235503586
0.011056832733577212
0.006751820460709448
0.003133447459376733
0.0011092674269219073
0.0002145794625146487
0.013308815037213833
0.011990877548098215
0.010245991713907958
0.006751820460709448
0.004056686812190546
0.0015395171665131613
0.0004949498337256644
0.006594783411456313
0.006049553233522812
0.004876067430415169
0.003133447459376733
0.0015395171665131613
0.00048133143389731526
0.0028884101236397943
0.002504263240184594
0.002050731235274448
0.0011092674269219073
0.0004949498337256644
0.0007373233313781942
0.0006542878451146238
0.00045259600896609717
0.0002145794625146487
0.00018261389427247818
0.00011838800448970283
7.946182929022117e-5
1.9988033812527155e-5
1.1764056206781975e-5
6.7449780950525114e-6
0.009255957492384555
0.00880849122786877
0.007522713416501847
0.005419048160181406
0.0033220368984548613
0.0015042364059545373
0.0004970955824498016
9.618531285249363e-5
1.9988033812527155e-5
7.716322067541561e-6
0.00880849122786877
0.008149559037913803
0.007091877993368409
0.004923264414426191
0.0030548556808570153
0.001308781428021328
0.0004348837273356269
6.435079628530392e-5
1.1764056206781975e-5
0.007522713416501847
0.007091877993368409
0.005967118810280329
0.004171598576324587
0.0024384192283902124
0.0010364222795063143
0.0002981407673850209
4.048576962313496e-5
0.005419048160181406
0.004923264414426191
0.004171598576324587
0.0027181017238819783
0.0015566801145225366
0.0005412988588742908
0.00013316934205161632
0.0033220368984548613
0.0030548556808570153
0.0024384192283902124
0.0015566801145225366
0.0007445093612422009
0.00021862545747970677
0.0015042364059545373
0.001308781428021328
0.0010364222795063143
0.0005412988588742908
0.00021862545747970677
0.0004970955824498016
0.0004348837273356269
0.0002981407673850209
0.00013316934205161632
9.618531285249363e-5
6.435079628530392e-5
4.048576962313496e-5
1.9988033812527155e-5
1.1764056206781975e-5
7.716322067541561e-6
0.0024443986174049015
0.0022801297486335775
0.0020161761614743696
0.0013799736894337094
0.0008473907215493839
0.00032683420195102575
0.00010765865204114084
1.4358277741813152e-5
6.7449780950525114e-6
0.0022801297486335775
0.002193281668153289
0.00183976141982703
0.001290402913013795
0.0007339510971737742
0.0002889190498559504
7.142139676618223e-5
1.0920160624388504e-5
0.0020161761614743696
0.00183976141982703
0.001589711411383021
0.0010338805568190412
0.00059943155388893
0.00019385299054404246
4.883399334746966e-5
0.0013799736894337094
0.001290402913013795
0.0010338805568190412
0.0006722904626478364
0.0003203234169669037
9.315866172543874e-5
0.0008473907215493839
0.0007339510971737742
0.00059943155388893
0.0003203234169669037
0.0001415516333886303
0.00032683420195102575
0.0002889190498559504
0.00019385299054404246
9.315866172543874e-5
0.00010765865204114084
7.142139676618223e-5
4.883399334746966e-5
1.4358277741813152e-5
1.0920160624388504e-5
6.7449780950525114e-6
0.00026425487981348477
0.0002811698112445829
0.00023357441980051164
0.00017069302004702345
9.712455264699896e-5
3.585379294827263e-5
1.0193883940520012e-5
4.318530673324087e-6
0.0002811698112445829
0.00027658197544887844
0.00023088476765885892
0.00015343577924513524
8.4941235759041e-5
2.3456237929988307e-5
6.587405590014267e-6
0.00023357441980051164
0.00023088476765885892
0.0001785027026055276
0.00011958083438491307
5.903263145696872e-5
1.6041963413297474e-5
0.00017069302004702345
0.00015343577924513524
0.00011958083438491307
6.91403247909067e-5
2.8388305452861196e-5
9.712455264699896e-5
8.4941235759041e-5
5.903263145696872e-5
2.8388305452861196e-5
3.585379294827263e-5
2.3456237929988307e-5
1.6041963413297474e-5
1.0193883940520012e-5
6.587405590014267e-6
4.318530673324087e-6
4.8347778412509556e-5
4.198175561307909e-5
3.565518963147251e-5
2.1669477789078547e-5
1.618365635904497e-5
2.8292866659294336e-6
2.001158731246106e-6
4.198175561307909e-5
4.0172882453636945e-5
2.6713337293881105e-5
1.4340841924326044e-5
9.06515637074363e-6
7.792943539629013e-7
3.565518963147251e-5
2.6713337293881105e-5
1.6709487417338836e-5
6.55717682416471e-6
4.871182877431635e-6
2.1669477789078547e-5
1.4340841924326044e-5
6.55717682416471e-6
1.672485558965351e-6
1.618365635904497e-5
9.06515637074363e-6
4.871182877431635e-6
2.8292866659294336e-6
7.792943539629013e-7
2.001158731246106e-6
-8.370380100001713e-6
-5.75456590018728e-6
-5.4500725426166386e-6
-3.131425247969835e-6
6.973963402756395e-7
6.050701634084071e-7
-5.75456590018728e-6
-5.0662728734448366e-6
-6.10659971988064e-6
-3.6990467423572395e-6
-6.621692631678728e-7
-5.4500725426166386e-6
-6.10659971988064e-6
-6.9720621066344405e-6
-4.048404787221973e-6
-3.131425247969835e-6
-3.6990467423572395e-6
-4.048404787221973e-6
6.973963402756395e-7
-6.621692631678728e-7
6.050701634084071e-7
-5.743360621994555e-6
-5.5103978681425295e-6
-3.1843865078723336e-6
-1.9775328991100073e-6
-5.512878438036447e-7
-5.5103978681425295e-6
-6.206949599543883e-6
-3.5911006793586103e-6
-2.9941347063960203e-6
-3.1843865078723336e-6
-3.5911006793586103e-6
-2.161680533451184e-6
-1.9775328991100073e-6
-2.9941347063960203e-6
-5.512878438036447e-7
-2.029683046928998e-6
-1.068480676536842e-6
-9.314063797350622e-7
-2.761010256826791e-7
-1.068480676536842e-6
-1.43951933216519e-6
-6.308600004415355e-7
-9.314063797350622e-7
-6.308600004415355e-7
-2.761010256826791e-7
1.4567167257750144e-7
-4.81366222760621e-8
-2.8585085567334662e-8
-4.81366222760621e-8
5.998848721973131e-9
-2.8585085567334662e-8
1.2143850196301576e-8
1.512606903452024e-8
1.512606903452024e-8
7.771521923325758e-11
