1.0
0.9890377243924506
0.958287981454875
0.9104205982130139
0.8484859959035828
0.775771684772739
0.6956503033792877
0.6114416930245583
0.526277478318891
0.442989229241412
0.3640154751597922
0.2913381208091677
0.2264428548685762
0.17029956324266285
0.12336322033657615
0.08559166870087183
0.056489864931925336
0.035172829980523214
0.02045720710986357
0.0109802569956512
0.005360674025855147
0.0023416073557809293
0.0009011439072242782
0.00030739577572335
0.00010627903448033183
5.098552704852081e-5
3.4204589761818144e-5
2.2139184955845777e-5
1.2441296706897238e-5
5.6687151422030504e-6
2.0292649097625675e-6
4.3599686093120624e-7
6.260598060050891e-8
2.9788440739232585e-11
0.9890377243924506
0.9784545346718001
0.9482123589795121
0.9009616936219165
0.8397327630375597
0.7677880405581086
0.6884792740513389
0.6051021853885946
0.5207696400746783
0.4382945656881368
0.3601004296407349
0.2881553648385763
0.2239303383140993
0.16838375927308977
0.12195960159649921
0.08461201198150567
0.05584532729487245
0.03477984199671232
0.02024118623739564
0.010876997136848615
0.005319795994635329
0.002330994055402309
0.0009012683329752417
0.0003097973614686343
0.00010720654562846086
5.074613772864212e-5
3.289757798172202e-5
2.0936780791416718e-5
1.136390314951422e-5
5.1430593174714e-6
1.7418110399604736e-6
4.000734849543213e-7
4.1185238013661944e-8
0.958287981454875
0.9482123589795121
0.9194289194141004
0.873942153378617
0.8147224267654373
0.7449724847656771
0.6679781282132367
0.5869747307145214
0.5050150892622769
0.4248612130796022
0.348890200781899
0.2790289354099212
0.21671089610226607
0.1628598252040274
0.1178954988836528
0.08175818333127921
0.05395326970820046
0.03361396024922925
0.019588193838036873
0.010553968262612718
0.005184831983522373
0.0022873114476679416
0.0008933359379885887
0.00030994390929138424
0.00010617785699417576
4.683701058489941e-5
2.8094274482868464e-5
1.6525107759595767e-5
8.460230197000142e-6
3.501602358958858e-6
1.1103446072951356e-6
2.0259467360943663e-7
0.9104205982130139
0.9009616936219165
0.873942153378617
0.8312449274113508
0.7751979125704653
0.7089080670290867
0.6355672117557077
0.5583112996962578
0.4801026352859312
0.4036168897999396
0.33115586289967186
0.26457889113288147
0.20526034641413587
0.15407546373171635
0.11140718826888767
0.0771771603640571
0.050891392513769305
0.03170210551229936
0.018492003258847128
0.009990147936991418
0.0049324562093245325
0.0021925371185845875
0.000864249598751185
0.0003013532363005287
9.993809474674431e-5
3.940191380465156e-5
2.0407248790248744e-5
1.0616514152844196e-5
4.7130996987358025e-6
1.6742141703800145e-6
4.080951990223255e-7
0.8484859959035828
0.8397327630375597
0.8147224267654373
0.7751979125704653
0.7233164548675869
0.6615683518957048
0.5930198648725694
0.5206853809929507
0.4474029366450587
0.37573485045125116
0.3078776852581831
0.24560019833574726
0.19020065659993715
0.14249403797329152
0.10282095056085329
0.07108067308506175
0.04678060793939371
0.029097704725182978
0.01696299275140493
0.009172003620539555
0.004540941840500497
0.002028147299529771
0.0008031986239348931
0.00027871279897697635
8.810042518112762e-5
2.979701824300684e-5
1.2611704481280628e-5
5.249393617264792e-6
1.8228038926764963e-6
4.6904274633941143e-7
0.775771684772739
0.7677880405581086
0.7449724847656771
0.7089080670290867
0.6615683518957048
0.605236938857756
0.542404755560541
0.47593703502400886
0.40852843829576296
0.34259945839178546
0.28021958434354305
0.22304660725645575
0.1722893945497416
0.12869502464836513
0.09255835156425914
0.06375717070101224
0.041801756199980056
0.025901785118672072
0.015046881824707354
0.008111583470794841
0.004006698765058935
0.0017861760279713902
0.0007050976363771027
0.00024088449632064438
7.145116685873232e-5
2.02459369424535e-5
6.419090301206521e-6
1.8770451963679416e-6
4.1752299110316056e-7
0.6956503033792877
0.6884792740513389
0.6679781282132367
0.6355672117557077
0.5930198648725694
0.542404755560541
0.48598099722740373
0.42608766445692425
0.36525302108174285
0.30574060446760326
0.24947347514900556
0.19798507499191403
0.1523848233212025
0.11334727550876529
0.08112193714321494
0.055565918962361426
0.036199451923372504
0.022270039460008297
0.012834462982415456
0.006857904215679426
0.0033533739411428305
0.001477329405970497
0.0005738579747196098
0.00019039252466453846
5.223113272840449e-5
1.1914657628439663e-5
2.5640644644514097e-6
3.912226937194588e-7
0.6114416930245583
0.6051021853885946
0.5869747307145214
0.5583112996962578
0.5206853809929507
0.47593703502400886
0.42608766445692425
0.37322881214624015
0.31941872684783906
0.2667492749994909
0.2169883658489805
0.17153605805976357
0.13139655729659658
0.09717156224806685
0.06906469972141294
0.0469193703553429
0.030268449403376425
0.01840521419943384
0.010460027990613789
0.005495281582400618
0.0026319412233894637
0.0011295993810463388
0.0004236949058108147
0.00013308754737287133
3.2735649312810934e-5
5.703275632614754e-6
5.723402999611003e-7
0.526277478318891
0.5207696400746783
0.5050150892622769
0.4801026352859312
0.4474029366450587
0.40852843829576296
0.36525302108174285
0.31941872684783906
0.27283546969262357
0.22719181840962435
0.18409538911482398
0.14480943233200463
0.11023385585928204
0.08089464841848042
0.0569566279319015
0.0382503495952935
0.024330264524721243
0.01453809425025719
0.00808473941178977
0.0041320620101039296
0.0019100471909623768
0.0007823869681384485
0.00027504789711628534
7.780257518237007e-5
1.5851801946080473e-5
1.610218159907518e-6
0.442989229241412
0.4382945656881368
0.4248612130796022
0.4036168897999396
0.37573485045125116
0.34259945839178546
0.30574060446760326
0.2667492749994909
0.22719181840962435
0.18852654346837278
0.15203356916032093
0.11884300047767528
0.0897473299970792
0.0652048279143064
0.045338837958100814
0.02997767447199864
0.01869793599247294
0.010899138383347695
0.005871302604889324
0.0028785224106387805
0.0012576321020822628
0.00047637412959485086
0.00014875498651189205
3.4525181755546024e-5
4.197196859870246e-6
0.3640154751597922
0.3601004296407349
0.348890200781899
0.33115586289967186
0.3078776852581831
0.28021958434354305
0.24947347514900556
0.2169883658489805
0.18409538911482398
0.15203356916032093
0.12188833007088476
0.09453922570547048
0.07068096637899517
0.05069820521845595
0.03468472408286115
0.02246302316162959
0.013644746034952396
0.007684150838102381
0.003957079137053915
0.0018241120864989403
0.0007304912738746468
0.00024202150258941378
6.088873952892626e-5
8.492143770859155e-6
0.2913381208091677
0.2881553648385763
0.2790289354099212
0.26457889113288147
0.24560019833574726
0.22304660725645575
0.19798507499191403
0.17153605805976357
0.14480943233200463
0.11884300047767528
0.09453922570547048
0.07262688051362755
0.05362120738672449
0.037845631487619005
0.02535574545206148
0.015983377224014408
0.009368507646631974
0.005032448150184554
0.002429784437593063
0.0010231844954916008
0.0003558639294064115
9.350899416942686e-5
1.3827686770586253e-5
0.2264428548685762
0.2239303383140993
0.21671089610226607
0.20526034641413587
0.19020065659993715
0.1722893945497416
0.1523848233212025
0.13139655729659658
0.11023385585928204
0.0897473299970792
0.07068096637899517
0.05362120738672449
0.0389769634461863
0.026953713917531402
0.01758435066219132
0.010697909402313981
0.005978769989149641
0.003005238739056441
0.0013223862855384586
0.00048285553984790913
0.00013289107635959188
2.0322703504505382e-5
0.17029956324266285
0.16838375927308977
0.1628598252040274
0.15407546373171635
0.14249403797329152
0.12869502464836513
0.11334727550876529
0.09717156224806685
0.08089464841848042
0.0652048279143064
0.05069820521845595
0.037845631487619005
0.026953713917531402
0.01816562900227057
0.01145027560513734
0.0066508199590239545
0.0034810726828241566
0.0015926694855207667
0.0006060847189097291
0.00017507742138645903
2.8281916104776737e-5
0.12336322033657615
0.12195960159649921
0.1178954988836528
0.11140718826888767
0.10282095056085329
0.09255835156425914
0.08112193714321494
0.06906469972141294
0.0569566279319015
0.045338837958100814
0.03468472408286115
0.02535574545206148
0.01758435066219132
0.01145027560513734
0.006901944935488445
0.00376465569589815
0.0017995281645226365
0.0007121379167099231
0.00021377650576845971
3.6299486441181334e-5
0.08559166870087183
0.08461201198150567
0.08175818333127921
0.0771771603640571
0.07108067308506175
0.06375717070101224
0.055565918962361426
0.0469193703553429
0.0382503495952935
0.02997767447199864
0.02246302316162959
0.015983377224014408
0.010697909402313981
0.0066508199590239545
0.00376465569589815
0.0018824049914637209
0.0007839534666230405
0.0002459159200634689
4.3329085301879206e-5
0.056489864931925336
0.05584532729487245
0.05395326970820046
0.050891392513769305
0.04678060793939371
0.041801756199980056
0.036199451923372504
0.030268449403376425
0.024330264524721243
0.01869793599247294
0.013644746034952396
0.009368507646631974
0.005978769989149641
0.0034810726828241566
0.0017995281645226365
0.0007839534666230405
0.0002618041224351392
4.90953060964239e-5
0.035172829980523214
0.03477984199671232
0.03361396024922925
0.03170210551229936
0.029097704725182978
0.025901785118672072
0.022270039460008297
0.01840521419943384
0.01453809425025719
0.010899138383347695
0.007684150838102381
0.005032448150184554
0.003005238739056441
0.0015926694855207667
0.0007121379167099231
0.0002459159200634689
4.90953060964239e-5
0.02045720710986357
0.02024118623739564
0.019588193838036873
0.018492003258847128
0.01696299275140493
0.015046881824707354
0.012834462982415456
0.010460027990613789
0.00808473941178977
0.005871302604889324
0.003957079137053915
0.002429784437593063
0.0013223862855384586
0.0006060847189097291
0.00021377650576845971
4.3329085301879206e-5
0.0109802569956512
0.010876997136848615
0.010553968262612718
0.009990147936991418
0.009172003620539555
0.008111583470794841
0.006857904215679426
0.005495281582400618
0.0041320620101039296
0.0028785224106387805
0.0018241120864989403
0.0010231844954916008
0.00048285553984790913
0.00017507742138645903
3.6299486441181334e-5
0.005360674025855147
0.005319795994635329
0.005184831983522373
0.0049324562093245325
0.004540941840500497
0.004006698765058935
0.0033533739411428305
0.0026319412233894637
0.0019100471909623768
0.0012576321020822628
0.0007304912738746468
0.0003558639294064115
0.00013289107635959188
2.8281916104776737e-5
0.0023416073557809293
0.002330994055402309
0.0022873114476679416
0.0021925371185845875
0.002028147299529771
0.0017861760279713902
0.001477329405970497
0.0011295993810463388
0.0007823869681384485
0.00047637412959485086
0.00024202150258941378
9.350899416942686e-5
2.0322703504505382e-5
0.0009011439072242782
0.0009012683329752417
0.0008933359379885887
0.000864249598751185
0.0008031986239348931
0.0007050976363771027
0.0005738579747196098
0.0004236949058108147
0.00027504789711628534
0.00014875498651189205
6.088873952892626e-5
1.3827686770586253e-5
0.00030739577572335
0.0003097973614686343
0.00030994390929138424
0.0003013532363005287
0.00027871279897697635
0.00024088449632064438
0.00019039252466453846
0.00013308754737287133
7.780257518237007e-5
3.4525181755546024e-5
8.492143770859155e-6
0.00010627903448033183
0.00010720654562846086
0.00010617785699417576
9.993809474674431e-5
8.810042518112762e-5
7.145116685873232e-5
5.223113272840449e-5
3.2735649312810934e-5
1.5851801946080473e-5
4.197196859870246e-6
5.098552704852081e-5
5.074613772864212e-5
4.683701058489941e-5
3.940191380465156e-5
2.979701824300684e-5
2.02459369424535e-5
1.1914657628439663e-5
5.703275632614754e-6
1.610218159907518e-6
3.4204589761818144e-5
3.289757798172202e-5
2.8094274482868464e-5
2.0407248790248744e-5
1.2611704481280628e-5
6.419090301206521e-6
2.5640644644514097e-6
5.723402999611003e-7
2.2139184955845777e-5
2.0936780791416718e-5
1.6525107759595767e-5
1.0616514152844196e-5
5.249393617264792e-6
1.8770451963679416e-6
3.912226937194588e-7
1.2441296706897238e-5
1.136390314951422e-5
8.460230197000142e-6
4.7130996987358025e-6
1.8228038926764963e-6
4.1752299110316056e-7
5.6687151422030504e-6
5.1430593174714e-6
3.501602358958858e-6
1.6742141703800145e-6
4.6904274633941143e-7
2.0292649097625675e-6
1.7418110399604736e-6
1.1103446072951356e-6
4.080951990223255e-7
4.3599686093120624e-7
4.000734849543213e-7
2.0259467360943663e-7
6.260598060050891e-8
4.1185238013661944e-8
2.9788440739232585e-11
