1.0
0.994530872818734
0.9788458519887626
0.9538095635576093
0.9204030610589502
0.8796985351575726
0.8328327413683606
0.780981386314778
0.7253331568420586
0.6670651076879642
0.6073190871450156
0.5471796047137019
0.48765515629419043
0.42966072977638486
0.37400607766933686
0.3213840957323519
0.2723659292789574
0.22739474242215685
0.18678603018135354
0.15072570188954706
0.11927485626449817
0.09237395771937502
0.06985263821222391
0.0514400068892851
0.03677974211709769
0.025447786762816248
0.016973799711048915
0.0108665434005116
0.006644653818812492
0.0038607581682905496
0.0021206674677652854
0.0010968522885952702
0.0005351417669346858
0.0002515403548283625
0.0001221535075105434
6.877043774086404e-5
4.7164508884962894e-5
3.59711105517787e-5
2.719025768993984e-5
1.922643883838765e-5
1.2630914433167675e-5
7.57497388467903e-6
4.0975484740881e-6
1.9007244263473773e-6
7.360991712422091e-7
2.1463784105672857e-7
5.021009223413419e-8
4.935838674671493e-9
1.7822435050882053e-10
0.994530872818734
0.989187319746725
0.9736615474945335
0.9488146530026575
0.9156244099595007
0.8751588654186568
0.8285510326082535
0.7769723226526065
0.7216075321072833
0.6636297213097011
0.604176910567594
0.5443304719088197
0.4850952762131643
0.4273841781656423
0.3720034526844467
0.3196445551486495
0.2708751317847192
0.22613703782247477
0.18574250241974424
0.1498765286789148
0.11859814918014688
0.09184791161470776
0.06945494376138721
0.051149215407560455
0.036575383262560726
0.025311023823849647
0.016887662250778784
0.01081602877400763
0.006617761177230994
0.003848454797490998
0.0021164449049183368
0.0010965223529381116
0.0005361077529869259
0.0002525926947024348
0.0001226975007546898
6.881961362789183e-5
4.675823552937704e-5
3.5372611439916527e-5
2.6490500393778936e-5
1.8629975075073544e-5
1.2122348458404723e-5
7.255332708009668e-6
3.872240157139159e-6
1.8121658878862876e-6
6.775643773856785e-7
2.1161918552956894e-7
3.857030637253237e-8
9.41040957637018e-9
0.9788458519887626
0.9736615474945335
0.9586017523419121
0.9343072059137566
0.9017451260871018
0.8619734025677914
0.8161134859909199
0.7653256291434293
0.710782925908841
0.653647233333567
0.5950458175230369
0.5360496969688763
0.4776549282474006
0.4207652915561541
0.36618016113418433
0.3145828139145535
0.26653496021817963
0.22247069481550696
0.18269712949285843
0.14739330623114882
0.11661561528914173
0.09030226342090507
0.06828283681750512
0.05028862973261602
0.035967557901597134
0.024901462711074653
0.016626902799019874
0.010661022870717265
0.006533277041788947
0.0038076958893141274
0.002100361731523471
0.0010924353555351587
0.0005365469951079051
0.0002535728116838629
0.00012273382869263513
6.757507282545877e-5
4.4656738193839146e-5
3.28422472383543e-5
2.4068115643311585e-5
1.6534428138390125e-5
1.0568661057829663e-5
6.161491623299522e-6
3.2456139880315624e-6
1.4567292589444447e-6
5.449163270210404e-7
1.4287149078241713e-7
3.15131079760938e-8
0.9538095635576093
0.9488146530026575
0.9343072059137566
0.9109056303205405
0.8793576807845742
0.8407038635719968
0.7960488858821828
0.7465346609688291
0.6933164400300011
0.6375379768642365
0.580309173723304
0.5226847708456913
0.4656452250931601
0.41008086012185696
0.35677752777004756
0.30640739233991393
0.25952001579580225
0.21654000930396464
0.17776425281378894
0.1433651195287356
0.11339288058556882
0.08778359075959412
0.06636644535951222
0.04887559085697713
0.0349636008142984
0.024218881770999488
0.01618666184489109
0.010394585126172268
0.006384074653340025
0.0037319846870706034
0.002066775581003347
0.001080250428197583
0.0005331606395803348
0.0002524067571549076
0.00012086834798359005
6.44223349739738e-5
4.052208413140651e-5
2.848482447809075e-5
2.003152231175057e-5
1.3274483762675718e-5
8.136920682719341e-6
4.5786499086642855e-6
2.2782028519403827e-6
9.8206745209968e-7
3.146929164775041e-7
7.481663849391265e-8
0.9204030610589502
0.9156244099595007
0.9017451260871018
0.8793576807845742
0.8491775944171973
0.8120306487314709
0.768997994480355
0.7211988099329638
0.6697641337855667
0.6158141202530232
0.5604353211002043
0.5046600802961312
0.44944812088874797
0.39566990677703184
0.34409392199649125
0.2953751400410851
0.2500487946422476
0.2085250822777184
0.17109001991522785
0.1379056762664899
0.10901618986210172
0.08435354132512228
0.0637473160990692
0.04693483636088001
0.03357492069361898
0.023265110992173158
0.015562520675981312
0.010008854307921282
0.0061613115106818024
0.0036132056685855844
0.002009067393092586
0.0010548989649091052
0.0005226698139826274
0.00024709489075414466
0.00011634697098540932
5.922795135708302e-5
3.4839718421406176e-5
2.288509833320619e-5
1.5184539476758105e-5
9.45459034046674e-6
5.465866184646594e-6
2.8440156982737574e-6
1.3147373007500463e-6
4.800268404263491e-7
1.2769681977139355e-7
0.8796985351575726
0.8751588654186568
0.8619734025677914
0.8407038635719968
0.8120306487314709
0.7767388396787751
0.7357030421385923
0.6900134760675077
0.6407732001142813
0.5890732291916657
0.5359717473888385
0.4824734835005814
0.4295116802188718
0.3779323933963621
0.3284808541576828
0.28179183814479114
0.23838138892869037
0.1986442711817541
0.1628521255220668
0.13115677383155597
0.1035940669911854
0.08009246308241975
0.06048129167754875
0.04450197034801911
0.031821146567405145
0.022047975989620678
0.014754156043887239
0.009498525718116319
0.005857362609810289
0.003443711014325855
0.0019209480365806285
0.0010119297802730501
0.0005021818388505638
0.00023628120983718368
0.00010874838175243413
5.241510622958384e-5
2.830693842245511e-5
1.7036003941634668e-5
1.037232243617226e-5
5.924618739059706e-6
3.0845034352078536e-6
1.4413239523390981e-6
5.444807542955007e-7
1.5675028077413105e-7
0.8328327413683606
0.8285510326082535
0.8161134859909199
0.7960488858821828
0.768997994480355
0.7357030421385923
0.6969910593239601
0.6537565615318258
0.6070690423661862
0.5579870405930486
0.5075355313092538
0.45668694047426356
0.4063434061579964
0.35732128262166835
0.31033890809470077
0.2660060734463394
0.22481789485180717
0.18715020214187464
0.15326004051194522
0.12328691153250206
0.0972590308312672
0.07510046108158981
0.056640941446095674
0.04162653900718739
0.029733555288263512
0.020584686915820813
0.013768638183860432
0.008864045910128706
0.00546900238089793
0.003218881505779968
0.0017982110227468483
0.0009483406967722326
0.00047003711042955013
0.0002192295876927063
9.820905278731004e-5
4.4480625932362366e-5
2.1773955094053307e-5
1.1695930366793889e-5
6.370916080045903e-6
3.1753573330221137e-6
1.4302298161261734e-6
5.283780531742367e-7
1.489392625885739e-7
0.780981386314778
0.7769723226526065
0.7653256291434293
0.7465346609688291
0.7211988099329638
0.6900134760675077
0.6537565615318258
0.6132696235713024
0.5694390823532711
0.5232860295594505
0.47579913648631084
0.427914233962642
0.3804980504414271
0.3343335177382152
0.29010773977577603
0.24840320721765669
0.20969057992266238
0.17432598661827728
0.14254978247968741
0.11448965926719668
0.09016541859076757
0.06949749782570017
0.05231620675100459
0.03837369327010976
0.027356919900458444
0.01890403317535025
0.012622834991768618
0.008114020977272693
0.0049996844877794825
0.002939354704248001
0.0016402094099837463
0.0008634547862203943
0.0004259674216116242
0.0001961788990867151
8.514609929781604e-5
3.6076576477138e-5
1.5775005912826192e-5
7.389797982748356e-6
3.447733968991592e-6
1.4238145512460163e-6
4.845480969564671e-7
1.2966461541768314e-7
0.7253331568420586
0.7216075321072833
0.710782925908841
0.6933164400300011
0.6697641337855667
0.6407732001142813
0.6070690423661862
0.5694390823532711
0.528712697878319
0.48574148380589555
0.44147346099933465
0.3968050279086926
0.3525640573603421
0.3094965757639434
0.2682560067849307
0.22939431270742355
0.19335648264615807
0.16047676316507442
0.13097897931325087
0.10497819026679149
0.08248654796409367
0.06342097868652948
0.04761374602841688
0.03482363991686616
0.024749815889703885
0.017047144869351744
0.011344469758187812
0.007266436059833826
0.004460620691666597
0.0026118208897748393
0.0014507843793701795
0.0007593061876143393
0.00037126348183421666
0.0001680759510687553
7.037235607493317e-5
2.7713542249861624e-5
1.0684681731707649e-5
4.20725838857837e-6
1.6062272812652506e-6
4.805377328102534e-7
1.0779850205038035e-7
0.6670651076879642
0.6636297213097011
0.653647233333567
0.6375379768642365
0.6158141202530232
0.5890732291916657
0.5579870405930486
0.5232860295594505
0.48574148380589555
0.4461449528034301
0.4052890951010335
0.364027559790125
0.3231471389427457
0.28335471431809023
0.2452675013746497
0.20940558887860058
0.17618629542804737
0.14592183694249852
0.11881857444496771
0.09497953075644053
0.07440914542896143
0.05702222992317281
0.04265342417815188
0.03106962212562744
0.02198292694136892
0.015066557350130176
0.00997165349720897
0.006348297573394111
0.0038704585056198045
0.0022487809820742493
0.001237926418103844
0.0006408046463918527
0.0003086649926404773
0.00013652587994438813
5.479852767938709e-5
1.989562752910839e-5
6.6107482313278825e-6
2.0847698251822726e-6
5.87476125796579e-7
1.0714324721288493e-7
0.6073190871450156
0.604176910567594
0.5950458175230369
0.580309173723304
0.5604353211002043
0.5359717473888385
0.5075355313092538
0.47579913648631084
0.44147346099933465
0.4052890951010335
0.36797713177712704
0.3302509429610109
0.2928543705492823
0.25645359394121386
0.2216284679880473
0.18886572792140632
0.15855474448013906
0.13098485684641167
0.10634538044466404
0.08472702370576458
0.06612785972098828
0.05046073579938336
0.03756424694911129
0.027213875549537785
0.019136234308588396
0.013023625372220486
0.008550810095538897
0.005393861158983559
0.003253794405603267
0.0018672291011370683
0.0010129613893483682
0.0005150147461536293
0.00024233810775347683
0.00010364303284839415
3.944084153450607e-5
1.3007017219254444e-5
3.5933708799763123e-6
8.13206244391326e-7
1.39218465214431e-7
0.5471796047137019
0.5443304719088197
0.5360496969688763
0.5226847708456913
0.5046600802961312
0.4824734835005814
0.45668694047426356
0.427914233962642
0.3968050279086926
0.364027559790125
0.3302509429610109
0.29612769952033346
0.262277575955329
0.22932559160793403
0.19781335848647377
0.1681941871367157
0.14082897105915837
0.11598446514023177
0.0938326201666294
0.07445305780405347
0.057837357064473766
0.04389812432446841
0.03247800861814786
0.023362863151423444
0.01629419083677248
0.010984712657661478
0.007132922408954054
0.00444158598375552
0.0026385850670373532
0.0014868324206966104
0.0007890185727299018
0.00039035457441930827
0.00017721752020770032
7.207749096401283e-5
2.5397416275252344e-5
7.371988342322645e-6
1.5806574421534194e-6
1.9760940873548202e-7
0.48765515629419043
0.4850952762131643
0.4776549282474006
0.4656452250931601
0.44944812088874797
0.4295116802188718
0.4063434061579964
0.3804980504414271
0.3525640573603421
0.3231471389427457
0.2928543705492823
0.262277575955329
0.23197865157096223
0.20247552849952774
0.17427250209259287
0.14778911122850627
0.12335830119132875
0.10122403145364853
0.08154189713268371
0.0643801546438629
0.04972566484631727
0.03749052577349235
0.02752356811430371
0.019620931058280045
0.013540731464363073
0.009015847780446128
0.005769319984690349
0.0035300653430646663
0.0020532230416791157
0.0011274455086806245
0.0005795218841989383
0.00027529583168554975
0.00011840169761556476
4.4528741409984104e-5
1.3890057108997552e-5
3.261586511048325e-6
4.483108977003398e-7
0.42966072977638486
0.4273841781656423
0.4207652915561541
0.41008086012185696
0.39566990677703184
0.3779323933963621
0.35732128262166835
0.3343335177382152
0.3094965757639434
0.28335471431809023
0.25645359394121386
0.22932559160793403
0.20247552849952774
0.17636878111703652
0.15142001312273037
0.12801675866061493
0.10646357703735755
0.08698284933899546
0.0697134143294224
0.054713753720952
0.041965464486216485
0.03138251416591734
0.022819402467937042
0.01608487133641627
0.010952900173001991
0.007177876850387177
0.004506507830003388
0.00269437927331005
0.0015229406472297082
0.0008068796624317485
0.0003961785637109806
0.0001772639780452595
7.014140085165522e-5
2.326422169696502e-5
5.83734458178406e-6
8.80778002997033e-7
0.37400607766933686
0.3720034526844467
0.36618016113418433
0.35677752777004756
0.34409392199649125
0.3284808541576828
0.31033890809470077
0.29010773977577603
0.2682560067849307
0.2452675013746497
0.2216284679880473
0.19781335848647377
0.17427250209259287
0.15142001312273037
0.12962490086099107
0.10920162597395301
0.09042903441743688
0.07350688038657252
0.05855905397620964
0.04563338337913971
0.03470847663981769
0.025699287769998535
0.01846880056799206
0.012837170383214124
0.008596419505809354
0.005521088846592263
0.0033826882179358183
0.0019620842433938873
0.001067470039573434
0.0005382231775338408
0.0002475484711440403
0.0001011792750138893
3.509469841790931e-5
9.327574865766234e-6
1.4889243136332055e-6
0.3213840957323519
0.3196445551486495
0.3145828139145535
0.30640739233991393
0.2953751400410851
0.28179183814479114
0.2660060734463394
0.24840320721765669
0.22939431270742355
0.20940558887860058
0.18886572792140632
0.1681941871367157
0.14778911122850627
0.12801675866061493
0.10920162597395301
0.09162037965847977
0.07549394708183714
0.06100290081299366
0.04825427858294946
0.03728777919453124
0.028077668453087498
0.020542759943106316
0.014552938169467157
0.009942715000451725
0.006520337906870165
0.0040826150266543735
0.002423975949533146
0.0013515525769795477
0.0006984208541770811
0.00032880332445698343
0.00013737520708128332
4.881377747125064e-5
1.344374215039796e-5
2.2726797319396354e-6
0.2723659292789574
0.2708751317847192
0.26653496021817963
0.25952001579580225
0.2500487946422476
0.23838138892869037
0.22481789485180717
0.20969057992266238
0.19335648264615807
0.17618629542804737
0.15855474448013906
0.14082897105915837
0.12335830119132875
0.10646357703735755
0.09042903441743688
0.07549394708183714
0.06184953506471874
0.04963171220991512
0.03893499459558427
0.029788340732594724
0.022164878614742603
0.015985171620950207
0.011129216724880318
0.007443642830317096
0.004756010211091362
0.0028830053381187913
0.0016439539958466249
0.0008698325507824098
0.00041921471654326564
0.00017887246483241434
6.466142486882679e-5
1.8069577984186468e-5
3.1277575905350542e-6
0.22739474242215685
0.22613703782247477
0.22247069481550696
0.21654000930396464
0.2085250822777184
0.1986442711817541
0.18715020214187464
0.17432598661827728
0.16047676316507442
0.14592183694249852
0.13098485684641167
0.11598446514023177
0.10122403145364853
0.08698284933899546
0.07350688038657252
0.06100290081299366
0.04963171220991512
0.039507505341798366
0.03069194901110439
0.02320845332142041
0.01702553476414477
0.012069135235403013
0.00822659232869119
0.005360205113008062
0.003313979508128139
0.0019275077926858074
0.0010420591278176715
0.0005139819051788832
0.000224429709744324
8.281598782675891e-5
2.3483951236833607e-5
4.091347577337617e-6
0.18678603018135354
0.18574250241974424
0.18269712949285843
0.17776425281378894
0.17109001991522785
0.1628521255220668
0.15326004051194522
0.14254978247968741
0.13097897931325087
0.11881857444496771
0.10634538044466404
0.0938326201666294
0.08154189713268371
0.0697134143294224
0.05855905397620964
0.04825427858294946
0.03893499459558427
0.03069194901110439
0.023573109434213188
0.01757953433864434
0.012680871556487816
0.008804291601253936
0.005848534550975461
0.003688161140563197
0.0021872678607492728
0.0012048480575617675
0.0006066427074258545
0.0002709716696166037
0.00010240713976365426
2.9676275208604734e-5
5.262977028824693e-6
0.15072570188954706
0.1498765286789148
0.14739330623114882
0.1433651195287356
0.1379056762664899
0.13115677383155597
0.12328691153250206
0.11448965926719668
0.10497819026679149
0.09497953075644053
0.08472702370576458
0.07445305780405347
0.0643801546438629
0.054713753720952
0.04563338337913971
0.03728777919453124
0.029788340732594724
0.02320845332142041
0.01757953433864434
0.012896543385322569
0.009116001184298252
0.006172562253381839
0.003971616185744553
0.002404241923642324
0.001350536310052199
0.0006920802211845661
0.00031513215209809066
0.00012178457966510849
3.6173292086231437e-5
6.595825451314207e-6
0.11927485626449817
0.11859814918014688
0.11661561528914173
0.11339288058556882
0.10901618986210172
0.1035940669911854
0.0972590308312672
0.09016541859076757
0.08248654796409367
0.07440914542896143
0.06612785972098828
0.057837357064473766
0.04972566484631727
0.041965464486216485
0.03470847663981769
0.028077668453087498
0.022164878614742603
0.01702553476414477
0.012680871556487816
0.009116001184298252
0.006288515354344578
0.004128122001045781
0.0025533127168847324
0.0014662805444279736
0.0007670009424495861
0.0003550493911270673
0.00013962961718473317
4.2348397545699934e-5
7.937049056933937e-6
0.09237395771937502
0.09184791161470776
0.09030226342090507
0.08778359075959412
0.08435354132512228
0.08009246308241975
0.07510046108158981
0.06949749782570017
0.06342097868652948
0.05702222992317281
0.05046073579938336
0.04389812432446841
0.03749052577349235
0.03138251416591734
0.025699287769998535
0.020542759943106316
0.015985171620950207
0.012069135235403013
0.008804291601253936
0.006172562253381839
0.004128122001045781
0.0026081621004513645
0.0015331085576606063
0.0008222353278747734
0.00038950833999541447
0.00015563781929957613
4.7912749927877194e-5
9.155965464525416e-6
0.06985263821222391
0.06945494376138721
0.06828283681750512
0.06636644535951222
0.0637473160990692
0.06048129167754875
0.056640941446095674
0.05231620675100459
0.04761374602841688
0.04265342417815188
0.03756424694911129
0.03247800861814786
0.02752356811430371
0.022819402467937042
0.01846880056799206
0.014552938169467157
0.011129216724880318
0.00822659232869119
0.005848534550975461
0.003971616185744553
0.0025533127168847324
0.0015331085576606063
0.0008437597705302662
0.00041151028365212216
0.00016933479625431315
5.299125731910494e-5
1.0253416144066826e-5
0.0514400068892851
0.051149215407560455
0.05028862973261602
0.04887559085697713
0.04693483636088001
0.04450197034801911
0.04162653900718739
0.03837369327010976
0.03482363991686616
0.03106962212562744
0.027213875549537785
0.023362863151423444
0.019620931058280045
0.01608487133641627
0.012837170383214124
0.009942715000451725
0.007443642830317096
0.005360205113008062
0.003688161140563197
0.002404241923642324
0.0014662805444279736
0.0008222353278747734
0.00041151028365212216
0.00017554060971539445
5.7228093250747586e-5
1.1361229790887822e-5
0.03677974211709769
0.036575383262560726
0.035967557901597134
0.0349636008142984
0.03357492069361898
0.031821146567405145
0.029733555288263512
0.027356919900458444
0.024749815889703885
0.02198292694136892
0.019136234308588396
0.01629419083677248
0.013540731464363073
0.010952900173001991
0.008596419505809354
0.006520337906870165
0.004756010211091362
0.003313979508128139
0.0021872678607492728
0.001350536310052199
0.0007670009424495861
0.00038950833999541447
0.00016933479625431315
5.7228093250747586e-5
1.2254296409686514e-5
0.025447786762816248
0.025311023823849647
0.024901462711074653
0.024218881770999488
0.023265110992173158
0.022047975989620678
0.020584686915820813
0.01890403317535025
0.017047144869351744
0.015066557350130176
0.013023625372220486
0.010984712657661478
0.009015847780446128
0.007177876850387177
0.005521088846592263
0.0040826150266543735
0.0028830053381187913
0.0019275077926858074
0.0012048480575617675
0.0006920802211845661
0.0003550493911270673
0.00015563781929957613
5.299125731910494e-5
1.1361229790887822e-5
0.016973799711048915
0.016887662250778784
0.016626902799019874
0.01618666184489109
0.015562520675981312
0.014754156043887239
0.013768638183860432
0.012622834991768618
0.011344469758187812
0.00997165349720897
0.008550810095538897
0.007132922408954054
0.005769319984690349
0.004506507830003388
0.0033826882179358183
0.002423975949533146
0.0016439539958466249
0.0010420591278176715
0.0006066427074258545
0.00031513215209809066
0.00013962961718473317
4.7912749927877194e-5
1.0253416144066826e-5
0.0108665434005116
0.01081602877400763
0.010661022870717265
0.010394585126172268
0.010008854307921282
0.009498525718116319
0.008864045910128706
0.008114020977272693
0.007266436059833826
0.006348297573394111
0.005393861158983559
0.00444158598375552
0.0035300653430646663
0.00269437927331005
0.0019620842433938873
0.0013515525769795477
0.0008698325507824098
0.0005139819051788832
0.0002709716696166037
0.00012178457966510849
4.2348397545699934e-5
9.155965464525416e-6
0.006644653818812492
0.006617761177230994
0.006533277041788947
0.006384074653340025
0.0061613115106818024
0.005857362609810289
0.00546900238089793
0.0049996844877794825
0.004460620691666597
0.0038704585056198045
0.003253794405603267
0.0026385850670373532
0.0020532230416791157
0.0015229406472297082
0.001067470039573434
0.0006984208541770811
0.00041921471654326564
0.000224429709744324
0.00010240713976365426
3.6173292086231437e-5
7.937049056933937e-6
0.0038607581682905496
0.003848454797490998
0.0038076958893141274
0.0037319846870706034
0.0036132056685855844
0.003443711014325855
0.003218881505779968
0.002939354704248001
0.0026118208897748393
0.0022487809820742493
0.0018672291011370683
0.0014868324206966104
0.0011274455086806245
0.0008068796624317485
0.0005382231775338408
0.00032880332445698343
0.00017887246483241434
8.281598782675891e-5
2.9676275208604734e-5
6.595825451314207e-6
0.0021206674677652854
0.0021164449049183368
0.002100361731523471
0.002066775581003347
0.002009067393092586
0.0019209480365806285
0.0017982110227468483
0.0016402094099837463
0.0014507843793701795
0.001237926418103844
0.0010129613893483682
0.0007890185727299018
0.0005795218841989383
0.0003961785637109806
0.0002475484711440403
0.00013737520708128332
6.466142486882679e-5
2.3483951236833607e-5
5.262977028824693e-6
0.0010968522885952702
0.0010965223529381116
0.0010924353555351587
0.001080250428197583
0.0010548989649091052
0.0010119297802730501
0.0009483406967722326
0.0008634547862203943
0.0007593061876143393
0.0006408046463918527
0.0005150147461536293
0.00039035457441930827
0.00027529583168554975
0.0001772639780452595
0.0001011792750138893
4.881377747125064e-5
1.8069577984186468e-5
4.091347577337617e-6
0.0005351417669346858
0.0005361077529869259
0.0005365469951079051
0.0005331606395803348
0.0005226698139826274
0.0005021818388505638
0.00047003711042955013
0.0004259674216116242
0.00037126348183421666
0.0003086649926404773
0.00024233810775347683
0.00017721752020770032
0.00011840169761556476
7.014140085165522e-5
3.509469841790931e-5
1.344374215039796e-5
3.1277575905350542e-6
0.0002515403548283625
0.0002525926947024348
0.0002535728116838629
0.0002524067571549076
0.00024709489075414466
0.00023628120983718368
0.0002192295876927063
0.0001961788990867151
0.0001680759510687553
0.00013652587994438813
0.00010364303284839415
7.207749096401283e-5
4.4528741409984104e-5
2.326422169696502e-5
9.327574865766234e-6
2.2726797319396354e-6
0.0001221535075105434
0.0001226975007546898
0.00012273382869263513
0.00012086834798359005
0.00011634697098540932
0.00010874838175243413
9.820905278731004e-5
8.514609929781604e-5
7.037235607493317e-5
5.479852767938709e-5
3.944084153450607e-5
2.5397416275252344e-5
1.3890057108997552e-5
5.83734458178406e-6
1.4889243136332055e-6
6.877043774086404e-5
6.881961362789183e-5
6.757507282545877e-5
6.44223349739738e-5
5.922795135708302e-5
5.241510622958384e-5
4.4480625932362366e-5
3.6076576477138e-5
2.7713542249861624e-5
1.989562752910839e-5
1.3007017219254444e-5
7.371988342322645e-6
3.261586511048325e-6
8.80778002997033e-7
4.7164508884962894e-5
4.675823552937704e-5
4.4656738193839146e-5
4.052208413140651e-5
3.4839718421406176e-5
2.830693842245511e-5
2.1773955094053307e-5
1.5775005912826192e-5
1.0684681731707649e-5
6.6107482313278825e-6
3.5933708799763123e-6
1.5806574421534194e-6
4.483108977003398e-7
3.59711105517787e-5
3.5372611439916527e-5
3.28422472383543e-5
2.848482447809075e-5
2.288509833320619e-5
1.7036003941634668e-5
1.1695930366793889e-5
7.389797982748356e-6
4.20725838857837e-6
2.0847698251822726e-6
8.13206244391326e-7
1.9760940873548202e-7
2.719025768993984e-5
2.6490500393778936e-5
2.4068115643311585e-5
2.003152231175057e-5
1.5184539476758105e-5
1.037232243617226e-5
6.370916080045903e-6
3.447733968991592e-6
1.6062272812652506e-6
5.87476125796579e-7
1.39218465214431e-7
1.922643883838765e-5
1.8629975075073544e-5
1.6534428138390125e-5
1.3274483762675718e-5
9.45459034046674e-6
5.924618739059706e-6
3.1753573330221137e-6
1.4238145512460163e-6
4.805377328102534e-7
1.0714324721288493e-7
1.2630914433167675e-5
1.2122348458404723e-5
1.0568661057829663e-5
8.136920682719341e-6
5.465866184646594e-6
3.0845034352078536e-6
1.4302298161261734e-6
4.845480969564671e-7
1.0779850205038035e-7
7.57497388467903e-6
7.255332708009668e-6
6.161491623299522e-6
4.5786499086642855e-6
2.8440156982737574e-6
1.4413239523390981e-6
5.283780531742367e-7
1.2966461541768314e-7
4.0975484740881e-6
3.872240157139159e-6
3.2456139880315624e-6
2.2782028519403827e-6
1.3147373007500463e-6
5.444807542955007e-7
1.489392625885739e-7
1.9007244263473773e-6
1.8121658878862876e-6
1.4567292589444447e-6
9.8206745209968e-7
4.800268404263491e-7
1.5675028077413105e-7
7.360991712422091e-7
6.775643773856785e-7
5.449163270210404e-7
3.146929164775041e-7
1.2769681977139355e-7
2.1463784105672857e-7
2.1161918552956894e-7
1.4287149078241713e-7
7.481663849391265e-8
5.021009223413419e-8
3.857030637253237e-8
3.15131079760938e-8
4.935838674671493e-9
9.41040957637018e-9
1.7822435050882053e-10
