1.0
0.9938265839235466
0.9761781066729364
0.9481060844376292
0.910805899381127
0.8655831975695314
0.813817155025362
0.7569269413728255
0.6963359584212013
0.6334399345978866
0.5695749409893321
0.5059900979020004
0.4438232847868833
0.3840818532320423
0.3276285141185392
0.2751704917832135
0.22725449847001625
0.18426279154211558
0.1464146221922233
0.1137688491048064
0.08623325096368345
0.06357551924591098
0.0454401872620292
0.03136898514663827
0.0208269808926754
0.013233218138248614
0.008001510087938233
0.004575574198656006
0.0024585400744735406
0.0012338971484752385
0.0005776973738472297
0.00025691793768223596
0.00011694011598712987
6.242720532128044e-5
4.1623539594566435e-5
3.0857319045463727e-5
2.2189751915216516e-5
1.4657773309957914e-5
8.8215846493302e-6
4.668420677792308e-6
2.1387099934986327e-6
7.673377400045424e-7
2.164467228359429e-7
3.7991130703658666e-8
5.204513536611193e-9
3.683514751093591e-11
0.9938265839235466
0.9878053454318547
0.9703513571098913
0.9425116966713113
0.9054773423278545
0.860548020716026
0.8090982023211186
0.7525408232262472
0.6922944177376672
0.6297489820458168
0.5662360613590602
0.5030001632033422
0.44117527017509245
0.3817652685002077
0.32562925799713877
0.27347164405721575
0.22583529256036577
0.18310013191022087
0.14548221775543796
0.11303940056543181
0.08567830793659484
0.06316717569261099
0.045151301437946635
0.03117431111684759
0.020703585638987766
0.01316069979659941
0.007962590400866209
0.004557461061398387
0.0024519427780977272
0.0012329334563748794
0.000578634438485612
0.0002581331121803048
0.00011753979380194671
6.24900883103838e-5
4.1131223445937435e-5
3.0214023670737563e-5
2.1436853814966824e-5
1.4082492948580848e-5
8.349137369753125e-6
4.418219553670271e-6
1.9787535579234747e-6
7.248584099470367e-7
1.903434527672835e-7
3.986442061724525e-8
3.5185863815077922e-9
0.9761781066729364
0.9703513571098913
0.9534651867032132
0.9263012185265105
0.8900364376171578
0.8459568438202992
0.7954209600777706
0.7398269734012183
0.6805772026122544
0.6190471073342658
0.5565535975827801
0.4943284179219426
0.43349368138762046
0.3750426023875179
0.31982465802058574
0.26853444681924826
0.22170630803742125
0.1797112893239063
0.14275933288903023
0.11090326634516935
0.08404825771098726
0.061962782309088915
0.044295151275029906
0.030593705351478713
0.02033201476574654
0.012938973375201985
0.007841327711285335
0.004498406457918226
0.002428078521149265
0.0012262411357724713
0.0005786081741993458
0.00025914936668521265
0.00011758526550605012
6.105325176347365e-5
3.880874697774665e-5
2.749423198016398e-5
1.899190662376871e-5
1.2089079738097695e-5
7.013592716292426e-6
3.5795029440827952e-6
1.57966606704476e-6
5.442024741078329e-7
1.4164110297475526e-7
2.3660407277751813e-8
0.9481060844376292
0.9425116966713113
0.9263012185265105
0.9002265778992485
0.8652003541122535
0.8224854525568472
0.773417833324635
0.7193705948545054
0.6617224511281141
0.6018241809690786
0.5409702860526233
0.4803708504717139
0.4211286963633606
0.36421932487096625
0.3104757329000658
0.26057763680142393
0.21504487339613565
0.1742365292149091
0.13835204026088296
0.10743785970284023
0.08139573534082944
0.05999522450683515
0.04288888590000692
0.02963235044073616
0.019708925650248392
0.01256044130595149
0.0076288326087675445
0.004390352367645154
0.002379781007516226
0.0012083872942609255
0.0005734475669550801
0.0002575111600281422
0.00011540469540553674
5.7550521375673805e-5
3.431599208472029e-5
2.2980023373078148e-5
1.5025666219644469e-5
9.13740644001663e-6
5.010702080370779e-6
2.4430474829082156e-6
9.983217373657548e-7
3.1821523467005523e-7
6.449513538506683e-8
0.910805899381127
0.9054773423278545
0.8900364376171578
0.8652003541122535
0.8318387579049241
0.7909565220358288
0.7438582886022251
0.6918867264721473
0.6363876102933697
0.5786807420898845
0.5200291948581652
0.46161438611968036
0.4045118993668668
0.3496725519755835
0.2979068375020691
0.24987373115125616
0.20607510716378924
0.16685409631484793
0.13239807762337857
0.10274460984644145
0.07779178545457444
0.05731002499437534
0.04095752245223119
0.02829944038674102
0.018833031990382887
0.012017435124515113
0.007314761334658365
0.004223030360936723
0.0022987586101750417
0.001172981743610188
0.0005591140597074745
0.0002507798994089043
0.00011023636051009741
5.1906252662089026e-5
2.83963266407547e-5
1.7406590571831102e-5
1.0527193504928743e-5
5.875511782335536e-6
2.9797950444615953e-6
1.3054346190322518e-6
4.7089752903014775e-7
1.1466942546111169e-7
0.8655831975695314
0.860548020716026
0.8459568438202992
0.8224854525568472
0.7909565220358288
0.7523209592958093
0.7076363347029212
0.6582068331319588
0.6053410845442939
0.5503195261119864
0.49436825894613445
0.4386319519367536
0.38415240592856664
0.33184887339187474
0.28250336295736606
0.23674977735841815
0.19506809253292812
0.15778362339432478
0.12506941114199865
0.09695371265994118
0.07333009002650466
0.0539702971621301
0.038539133617714216
0.026614295241955115
0.01771026238783766
0.011307195017931463
0.006891632593233353
0.003987630581370885
0.0021773034734014767
0.0011146766647732321
0.000532171388980574
0.0002374548180090494
0.00010167352297718046
4.476249025530411e-5
2.1904099931915352e-5
1.1956086202177363e-5
6.381092576034183e-6
3.1440507013956337e-6
1.3734774277231298e-6
5.039255460320342e-7
1.340351809864858e-7
0.813817155025362
0.8090982023211186
0.7954209600777706
0.773417833324635
0.7438582886022251
0.7076363347029212
0.6657467243168516
0.6192609639108139
0.5694431666657828
0.5175309104901178
0.46470580079044727
0.41207058315156797
0.3606262772262927
0.31125490961159646
0.2647048648344134
0.22158083867071304
0.18233833014586265
0.1472825936222859
0.11657175973481594
0.0902240036125586
0.06812880922574155
0.050059409936924024
0.03568918083103255
0.02461054080087872
0.01635794312610656
0.010436007007683988
0.006359013328574028
0.0036805651394580256
0.0020111552607346146
0.001030225221319751
0.00049097545657299
0.00021689612349302305
9.002255314381107e-5
3.6740753620272134e-5
1.5812791455529356e-5
7.369624002020766e-6
3.3065465586419287e-6
1.3062414600461596e-6
4.4399309694330444e-7
1.1527782155841742e-7
0.7569269413728255
0.7525408232262472
0.7398269734012183
0.7193705948545054
0.6918867264721473
0.6582068331319588
0.6192609639108139
0.5760510263767793
0.5296249191180294
0.48117071130785316
0.43182228078785023
0.38263398246463043
0.3345615464331719
0.28844450231786384
0.24499357894300147
0.20478101272675728
0.16823537988217535
0.13564081529937172
0.10713976815374214
0.082740886278209
0.06232955953340819
0.0456822628645442
0.03248212681298609
0.022338222238630096
0.014807591493190352
0.009421952706336431
0.005726381167416833
0.0033059712103229943
0.001801706930103892
0.0009198403238177736
0.00043572214097471567
0.00018969338000997317
7.590949401199201e-5
2.858240738164725e-5
1.0595537244385473e-5
4.064100807927103e-6
1.392750083569231e-6
3.7479231782191696e-7
8.125367980524053e-8
0.6963359584212013
0.6922944177376672
0.6805772026122544
0.6617224511281141
0.6363876102933697
0.6053410845442939
0.5694431666657828
0.5296249191180294
0.4868596001969431
0.442136550857627
0.39653627951605935
0.3510619861040799
0.306619342528471
0.26400212121910904
0.2238800726858165
0.18679046528355128
0.15313344514126057
0.12317107600093857
0.09703048057344674
0.07471065001262511
0.05609470338390849
0.04096303326500947
0.0290103400920271
0.019863868273291688
0.013105300566579634
0.008296117780453959
0.005013775437313759
0.0028765437519235972
0.0015565265266814083
0.0007878271686678573
0.0003687073093159203
0.00015725705860671424
6.0357069915126936e-5
2.0781884344201855e-5
6.515195422557097e-6
1.9205967536840696e-6
4.415608526008721e-7
5.488477555910219e-8
0.6334399345978866
0.6297489820458168
0.6190471073342658
0.6018241809690786
0.5786807420898845
0.5503195261119864
0.5175309104901178
0.48117071130785316
0.442136550857627
0.4013397587829363
0.3596806875449415
0.31810738094685037
0.27747360667541676
0.2385245660293938
0.20188691803405734
0.16806150392144664
0.13741888136580457
0.11019922673026951
0.08651395564445105
0.06635411789248906
0.049600925502385755
0.03604070814323202
0.025380486266822475
0.017267693734711896
0.011310247459387475
0.007100879411824232
0.004250962546779861
0.0024122911498542276
0.0012886410515993557
0.0006420766925336169
0.000294371071924655
0.00012180659680356661
4.4392402821310506e-5
1.3830654255392528e-5
3.5044023368318383e-6
7.234196516661041e-7
7.747610591174975e-8
0.5695749409893321
0.5662360613590602
0.5565535975827801
0.5409702860526233
0.5200291948581652
0.49436825894613445
0.46470580079044727
0.43182228078785023
0.39653627951605935
0.3596806875449415
0.32207709355127434
0.28451365580688504
0.24779014083167714
0.2126020873088172
0.1795321744899962
0.14904362938236293
0.12147781341368472
0.09705225042914771
0.0758643150158776
0.05789712553343711
0.043032143203672844
0.03106191605918052
0.02170809869096667
0.014638942888941181
0.009490232342037127
0.005886732453916245
0.0034742301706703884
0.0019384100012067257
0.0010146135431175918
0.0004929655725828634
0.00021868420687551026
8.631751857877494e-5
2.925323087117324e-5
7.985344241329177e-6
1.541753047475831e-6
1.4855902213471363e-7
0.5059900979020004
0.5030001632033422
0.4943284179219426
0.4803708504717139
0.46161438611968036
0.4386319519367536
0.41207058315156797
0.38263398246463043
0.3510619861040799
0.31810738094685037
0.28451365580688504
0.25099283319886984
0.2182065310601291
0.18680038060797657
0.15731246568338067
0.1301694081377135
0.10568216150569096
0.08404749395545724
0.06534814751524205
0.04956170364525038
0.0365697384809736
0.026173680803527218
0.018109849852775334
0.012069422494284299
0.007715864069734191
0.004706865796985486
0.002722314226866955
0.001481898024179828
0.000752383595088769
0.00035174355697769244
0.00014815224202786284
5.428105771980524e-5
1.6284988773003245e-5
3.6254963143192995e-6
4.031214281205442e-7
0.4438232847868833
0.44117527017509245
0.43349368138762046
0.4211286963633606
0.4045118993668668
0.38415240592856664
0.3606262772262927
0.3345615464331719
0.306619342528471
0.27747360667541676
0.24779014083167714
0.2182065310601291
0.18931421903608206
0.16164322354478686
0.13568853714506904
0.11183907256030608
0.09037789128526379
0.0714794676275883
0.05521469271136076
0.04155474370498148
0.03038447607014779
0.02151376108955036
0.014696353011529228
0.009645518577394888
0.006053986374632435
0.003611139321617107
0.002031517620640769
0.001067942507652253
0.0005186658001482531
0.00022866494807103474
8.884995477377887e-5
2.8677425000552353e-5
6.95735028261672e-6
9.191768830389873e-7
0.3840818532320423
0.3817652685002077
0.3750426023875179
0.36421932487096625
0.3496725519755835
0.33184887339187474
0.31125490961159646
0.28844450231786384
0.26400212121910904
0.2385245660293938
0.2126020873088172
0.18680038060797657
0.16164322354478686
0.13759938386109985
0.11507017714851885
0.09440971258314254
0.0758711931730371
0.059610205016312284
0.04568362575980662
0.034059936198061316
0.024626010700942745
0.017203786356941416
0.01156315745893605
0.00744204142205187
0.004560581228536018
0.0026411020561613245
0.0014309425263953435
0.0007165731963112347
0.0003260834162762639
0.00013154118165968523
4.4689542213576716e-5
1.1601296421316044e-5
1.6649862745546074e-6
0.3276285141185392
0.32562925799713877
0.31982465802058574
0.3104757329000658
0.2979068375020691
0.28250336295736606
0.2647048648344134
0.24499357894300147
0.2238800726858165
0.20188691803405734
0.1795321744899962
0.15731246568338067
0.13568853714506904
0.11507017714851885
0.09580786531896958
0.07818249181357553
0.062421055170081965
0.04865721801507945
0.03693821398044952
0.02722704744709217
0.0194170359698543
0.013340082960783003
0.008785984550937227
0.005515015636462458
0.0032771191985470675
0.001825028512045003
0.0009399727351550319
0.0004394109399453673
0.0001817973397800159
6.348371943182485e-5
1.7154827663406573e-5
2.640372069181878e-6
0.2751704917832135
0.27347164405721575
0.26853444681924826
0.26057763680142393
0.24987373115125616
0.23674977735841815
0.22158083867071304
0.20478101272675728
0.18679046528355128
0.16806150392144664
0.14904362938236293
0.1301694081377135
0.11183907256030608
0.09440971258314254
0.07818249181357553
0.06339819715648624
0.05022849012294678
0.03878964263326352
0.029115307947885482
0.0211682217979806
0.014844466724635234
0.009990778553594119
0.006413784523475883
0.003899935182111489
0.002225959546370177
0.001177189595744434
0.0005652490359283323
0.00023965403909065487
8.533304412402087e-5
2.3438379436168346e-5
3.6931052052953697e-6
0.22725449847001625
0.22583529256036577
0.22170630803742125
0.21504487339613565
0.20607510716378924
0.19506809253292812
0.18233833014586265
0.16823537988217535
0.15313344514126057
0.13741888136580457
0.12147781341368472
0.10568216150569096
0.09037789128526379
0.0758711931730371
0.062421055170081965
0.05022849012294678
0.03943567964323464
0.030119331543745104
0.022304944638325597
0.015950029471515362
0.010959217014887522
0.007189470892639852
0.004469399697758979
0.0026078232328830813
0.001411905127252401
0.0006955539536601551
0.0003028221704150427
0.00011043432101263716
3.083138792802371e-5
4.882123029537044e-6
0.18426279154211558
0.18310013191022087
0.1797112893239063
0.1742365292149091
0.16685409631484793
0.15778362339432478
0.1472825936222859
0.13564081529937172
0.12317107600093857
0.11019922673026951
0.09705225042914771
0.08404749395545724
0.0714794676275883
0.059610205016312284
0.04865721801507945
0.03878964263326352
0.030119331543745104
0.022704148350766208
0.016543970838750734
0.01159718046753114
0.007771061247828724
0.004938994449412403
0.002946322528396967
0.0016292823794429169
0.0008206011912654951
0.00036626417636445406
0.0001372286785546534
3.931439982234124e-5
6.349447398073649e-6
0.1464146221922233
0.14548221775543796
0.14275933288903023
0.13835204026088296
0.13239807762337857
0.12506941114199865
0.11657175973481594
0.10713976815374214
0.09703048057344674
0.08651395564445105
0.0758643150158776
0.06534814751524205
0.05521469271136076
0.04568362575980662
0.03693821398044952
0.029115307947885482
0.022304944638325597
0.016543970838750734
0.011823685943950247
0.008088974849711003
0.005256380318778248
0.003209249150960078
0.0018157946102550736
0.0009334390359809267
0.00042528181884506257
0.00016314260933778237
4.8059341881428395e-5
8.023020663477762e-6
0.1137688491048064
0.11303940056543181
0.11090326634516935
0.10743785970284023
0.10274460984644145
0.09695371265994118
0.0902240036125586
0.082740886278209
0.07471065001262511
0.06635411789248906
0.05789712553343711
0.04956170364525038
0.04155474370498148
0.034059936198061316
0.02722704744709217
0.0211682217979806
0.015950029471515362
0.01159718046753114
0.008088974849711003
0.0053712164445354205
0.003357663240367428
0.001948242941193554
0.001026716119732489
0.00047752617829489093
0.00018661570620265368
5.616844280851182e-5
9.654653502383471e-6
0.08623325096368345
0.08567830793659484
0.08404825771098726
0.08139573534082944
0.07779178545457444
0.07333009002650466
0.06812880922574155
0.06232955953340819
0.05609470338390849
0.049600925502385755
0.043032143203672844
0.0365697384809736
0.03038447607014779
0.024626010700942745
0.0194170359698543
0.014844466724635234
0.010959217014887522
0.007771061247828724
0.005256380318778248
0.003357663240367428
0.0019980170252814557
0.0010831099714866757
0.0005185495109357152
0.00020726099234308348
6.346760018018281e-5
1.111379253418172e-5
0.06357551924591098
0.06316717569261099
0.061962782309088915
0.05999522450683515
0.05731002499437534
0.0539702971621301
0.050059409936924024
0.0456822628645442
0.04096303326500947
0.03604070814323202
0.03106191605918052
0.026173680803527218
0.02151376108955036
0.017203786356941416
0.013340082960783003
0.009990778553594119
0.007189470892639852
0.004938994449412403
0.003209249150960078
0.001948242941193554
0.0010831099714866757
0.0005353786582376508
0.00022191156002501249
6.994118302043397e-5
1.2482090193422072e-5
0.0454401872620292
0.045151301437946635
0.044295151275029906
0.04288888590000692
0.04095752245223119
0.038539133617714216
0.03568918083103255
0.03248212681298609
0.0290103400920271
0.025380486266822475
0.02170809869096667
0.018109849852775334
0.014696353011529228
0.01156315745893605
0.008785984550937227
0.006413784523475883
0.004469399697758979
0.002946322528396967
0.0018157946102550736
0.001026716119732489
0.0005185495109357152
0.00022191156002501249
7.330943245104837e-5
1.3706038665253088e-5
0.03136898514663827
0.03117431111684759
0.030593705351478713
0.02963235044073616
0.02829944038674102
0.026614295241955115
0.02461054080087872
0.022338222238630096
0.019863868273291688
0.017267693734711896
0.014638942888941181
0.012069422494284299
0.009645518577394888
0.00744204142205187
0.005515015636462458
0.003899935182111489
0.0026078232328830813
0.0016292823794429169
0.0009334390359809267
0.00047752617829489093
0.00020726099234308348
6.994118302043397e-5
1.3706038665253088e-5
0.0208269808926754
0.020703585638987766
0.02033201476574654
0.019708925650248392
0.018833031990382887
0.01771026238783766
0.01635794312610656
0.014807591493190352
0.013105300566579634
0.011310247459387475
0.009490232342037127
0.007715864069734191
0.006053986374632435
0.004560581228536018
0.0032771191985470675
0.002225959546370177
0.001411905127252401
0.0008206011912654951
0.00042528181884506257
0.00018661570620265368
6.346760018018281e-5
1.2482090193422072e-5
0.013233218138248614
0.01316069979659941
0.012938973375201985
0.01256044130595149
0.012017435124515113
0.011307195017931463
0.010436007007683988
0.009421952706336431
0.008296117780453959
0.007100879411824232
0.005886732453916245
0.004706865796985486
0.003611139321617107
0.0026411020561613245
0.001825028512045003
0.001177189595744434
0.0006955539536601551
0.00036626417636445406
0.00016314260933778237
5.616844280851182e-5
1.111379253418172e-5
0.008001510087938233
0.007962590400866209
0.007841327711285335
0.0076288326087675445
0.007314761334658365
0.006891632593233353
0.006359013328574028
0.005726381167416833
0.005013775437313759
0.004250962546779861
0.0034742301706703884
0.002722314226866955
0.002031517620640769
0.0014309425263953435
0.0009399727351550319
0.0005652490359283323
0.0003028221704150427
0.0001372286785546534
4.8059341881428395e-5
9.654653502383471e-6
0.004575574198656006
0.004557461061398387
0.004498406457918226
0.004390352367645154
0.004223030360936723
0.003987630581370885
0.0036805651394580256
0.0033059712103229943
0.0028765437519235972
0.0024122911498542276
0.0019384100012067257
0.001481898024179828
0.001067942507652253
0.0007165731963112347
0.0004394109399453673
0.00023965403909065487
0.00011043432101263716
3.931439982234124e-5
8.023020663477762e-6
0.0024585400744735406
0.0024519427780977272
0.002428078521149265
0.002379781007516226
0.0022987586101750417
0.0021773034734014767
0.0020111552607346146
0.001801706930103892
0.0015565265266814083
0.0012886410515993557
0.0010146135431175918
0.000752383595088769
0.0005186658001482531
0.0003260834162762639
0.0001817973397800159
8.533304412402087e-5
3.083138792802371e-5
6.349447398073649e-6
0.0012338971484752385
0.0012329334563748794
0.0012262411357724713
0.0012083872942609255
0.001172981743610188
0.0011146766647732321
0.001030225221319751
0.0009198403238177736
0.0007878271686678573
0.0006420766925336169
0.0004929655725828634
0.00035174355697769244
0.00022866494807103474
0.00013154118165968523
6.348371943182485e-5
2.3438379436168346e-5
4.882123029537044e-6
0.0005776973738472297
0.000578634438485612
0.0005786081741993458
0.0005734475669550801
0.0005591140597074745
0.000532171388980574
0.00049097545657299
0.00043572214097471567
0.0003687073093159203
0.000294371071924655
0.00021868420687551026
0.00014815224202786284
8.884995477377887e-5
4.4689542213576716e-5
1.7154827663406573e-5
3.6931052052953697e-6
0.00025691793768223596
0.0002581331121803048
0.00025914936668521265
0.0002575111600281422
0.0002507798994089043
0.0002374548180090494
0.00021689612349302305
0.00018969338000997317
0.00015725705860671424
0.00012180659680356661
8.631751857877494e-5
5.428105771980524e-5
2.8677425000552353e-5
1.1601296421316044e-5
2.640372069181878e-6
0.00011694011598712987
0.00011753979380194671
0.00011758526550605012
0.00011540469540553674
0.00011023636051009741
0.00010167352297718046
9.002255314381107e-5
7.590949401199201e-5
6.0357069915126936e-5
4.4392402821310506e-5
2.925323087117324e-5
1.6284988773003245e-5
6.95735028261672e-6
1.6649862745546074e-6
6.242720532128044e-5
6.24900883103838e-5
6.105325176347365e-5
5.7550521375673805e-5
5.1906252662089026e-5
4.476249025530411e-5
3.6740753620272134e-5
2.858240738164725e-5
2.0781884344201855e-5
1.3830654255392528e-5
7.985344241329177e-6
3.6254963143192995e-6
9.191768830389873e-7
4.1623539594566435e-5
4.1131223445937435e-5
3.880874697774665e-5
3.431599208472029e-5
2.83963266407547e-5
2.1904099931915352e-5
1.5812791455529356e-5
1.0595537244385473e-5
6.515195422557097e-6
3.5044023368318383e-6
1.541753047475831e-6
4.031214281205442e-7
3.0857319045463727e-5
3.0214023670737563e-5
2.749423198016398e-5
2.2980023373078148e-5
1.7406590571831102e-5
1.1956086202177363e-5
7.369624002020766e-6
4.064100807927103e-6
1.9205967536840696e-6
7.234196516661041e-7
1.4855902213471363e-7
2.2189751915216516e-5
2.1436853814966824e-5
1.899190662376871e-5
1.5025666219644469e-5
1.0527193504928743e-5
6.381092576034183e-6
3.3065465586419287e-6
1.392750083569231e-6
4.415608526008721e-7
7.747610591174975e-8
1.4657773309957914e-5
1.4082492948580848e-5
1.2089079738097695e-5
9.13740644001663e-6
5.875511782335536e-6
3.1440507013956337e-6
1.3062414600461596e-6
3.7479231782191696e-7
5.488477555910219e-8
8.8215846493302e-6
8.349137369753125e-6
7.013592716292426e-6
5.010702080370779e-6
2.9797950444615953e-6
1.3734774277231298e-6
4.4399309694330444e-7
8.125367980524053e-8
4.668420677792308e-6
4.418219553670271e-6
3.5795029440827952e-6
2.4430474829082156e-6
1.3054346190322518e-6
5.039255460320342e-7
1.1527782155841742e-7
2.1387099934986327e-6
1.9787535579234747e-6
1.57966606704476e-6
9.983217373657548e-7
4.7089752903014775e-7
1.340351809864858e-7
7.673377400045424e-7
7.248584099470367e-7
5.442024741078329e-7
3.1821523467005523e-7
1.1466942546111169e-7
2.164467228359429e-7
1.903434527672835e-7
1.4164110297475526e-7
6.449513538506683e-8
3.7991130703658666e-8
3.986442061724525e-8
2.3660407277751813e-8
5.204513536611193e-9
3.5185863815077922e-9
3.683514751093591e-11
