1.0
0.9450284736390557
0.8079333750911288
0.6254914640423431
0.434877676109862
0.2663526359524506
0.13872802141502838
0.057750801076895716
0.017227102776143033
0.003013283638935885
0.00021123086333650517
4.713775387868212e-5
1.6347218646335993e-5
4.759857888725654e-10
0.9450284736390557
0.8953977927896533
0.7661783919663705
0.5929788169311857
0.41171313289760714
0.25163888546743723
0.1307554561170169
0.05432039428714371
0.01627290257484985
0.0029140995015792
0.00021118902729427036
4.412849588480161e-5
8.303256935801758e-6
0.8079333750911288
0.7661783919663705
0.6573761118165155
0.5080643672432396
0.3510479742226066
0.21280263032136937
0.10932852926131699
0.04482448623271467
0.013312662336682714
0.0024102668753819907
0.00016981024968543455
1.4758110829697015e-5
0.6254914640423431
0.5929788169311857
0.5080643672432396
0.3917405458727015
0.26814067941496583
0.15979045611523676
0.07992002143056876
0.03149947890004681
0.00882544991126161
0.001454148031417701
7.064098687337572e-5
0.434877676109862
0.41171313289760714
0.3510479742226066
0.26814067941496583
0.18073555513994538
0.10444979098522361
0.04957008332447037
0.017840246932685697
0.004249387027687991
0.00046600908183667825
0.2663526359524506
0.25163888546743723
0.21280263032136937
0.15979045611523676
0.10444979098522361
0.057340892390740285
0.02470230400010596
0.0073860512894066985
0.001114693506751527
0.13872802141502838
0.1307554561170169
0.10932852926131699
0.07992002143056876
0.04957008332447037
0.02470230400010596
0.008913556329256
0.0016986433319251435
0.057750801076895716
0.05432039428714371
0.04482448623271467
0.03149947890004681
0.017840246932685697
0.0073860512894066985
0.0016986433319251435
0.017227102776143033
0.01627290257484985
0.013312662336682714
0.00882544991126161
0.004249387027687991
0.001114693506751527
0.003013283638935885
0.0029140995015792
0.0024102668753819907
0.001454148031417701
0.00046600908183667825
0.00021123086333650517
0.00021118902729427036
0.00016981024968543455
7.064098687337572e-5
4.713775387868212e-5
4.412849588480161e-5
1.4758110829697015e-5
1.6347218646335993e-5
8.303256935801758e-6
4.759857888725654e-10
