1.0
0.9915441107611975
0.9676003794400282
0.929918848862006
0.8804982816724964
0.8215095807866469
0.7552176131541946
0.6839051825726051
0.6098008986244361
0.5350110354292001
0.46146283884777434
0.3908533609810779
0.3246172655604918
0.2638976333866385
0.20953704683851065
0.1620675958390392
0.12171793557960048
0.08842317341213096
0.06185122109009016
0.04143496633011367
0.02641829680663451
0.01591522315869764
0.008980798250958244
0.004700476482614944
0.0022584852074419345
0.000987746490995012
0.0003955260231898866
0.00015519934782247147
7.281559917299335e-5
4.6366357434518516e-5
3.3874855024941665e-5
2.3187389403281667e-5
1.4248153216347966e-5
7.665818407772553e-6
3.5004404097484103e-6
1.2208155870221293e-6
3.030873922121083e-7
3.9296313797002067e-8
3.8369615777419024e-10
0.9915441107611975
0.9833384527612393
0.9597233738991563
0.9224385706032173
0.8734720013149235
0.8149823953352148
0.7492227391181968
0.6784640134337705
0.6049230873716046
0.5306967493759749
0.4577016175641142
0.38762829457394743
0.32190173047484816
0.261660115700533
0.207736626425552
0.1606592184313213
0.12065016847379899
0.08764384438528348
0.061307337176910205
0.041075779216268773
0.026197504363884187
0.015791403269263145
0.008919142503344486
0.004674855665337239
0.0022510723469472142
0.0009877934823053964
0.0003972602605523874
0.00015644535562978754
7.293703125503665e-5
4.573249669573031e-5
3.2815764787966365e-5
2.2186222088554585e-5
1.3414029621252302e-5
7.169203009561392e-6
3.199137061147166e-6
1.1309277901211586e-6
2.53631550169794e-7
4.781092609244979e-8
0.9676003794400282
0.9597233738991563
0.9370603956764004
0.90091955768976
0.8532574504825642
0.7962011634288657
0.7319699441991214
0.6628014861224903
0.5908806463661868
0.5182733181014343
0.44686994523680656
0.378335012474861
0.31407319949965784
0.25519973452452505
0.20253060351332172
0.1565749071580173
0.11754464855893007
0.08536678953050866
0.05970922712664584
0.040012808571203796
0.02553652125835863
0.015414108775926496
0.008725949021904763
0.00458954069068109
0.0022213928517895334
0.0009816191104441523
0.00039779873073744163
0.00015647227314355777
7.088878747438637e-5
4.207192315972008e-5
2.8805086621810523e-5
1.8617478892607025e-5
1.0846581495697018e-5
5.499622117543433e-6
2.3699805985591907e-6
7.393339330013015e-7
1.605684293783053e-7
0.929918848862006
0.9224385706032173
0.90091955768976
0.8666052837927927
0.8210225489938087
0.7662478395288513
0.704449976324331
0.6378144785770782
0.5684751840684164
0.4984500568731765
0.4295838754177008
0.3635018396611976
0.30157026269467635
0.2448730098970882
0.19419448878695658
0.15002119966227173
0.11254557507690728
0.08168631805239004
0.057110869616277704
0.03826945471587321
0.024437493887054858
0.014772596478308298
0.008385984234000117
0.004429949366742886
0.0021572643278728785
0.0009605648249243614
0.00039149293305326915
0.00015254227990221325
6.546790142072142e-5
3.552219627926047e-5
2.2331107565632782e-5
1.3405149792212103e-5
7.1680905120054866e-6
3.3473646280070307e-6
1.2292180045963913e-6
3.1758125763102385e-7
0.8804982816724964
0.8734720013149235
0.8532574504825642
0.8210225489938087
0.7782024369507319
0.7264572168818361
0.667888686814912
0.6046159267116415
0.5387058442299942
0.472111439757284
0.4066171709971095
0.3437911408040417
0.28495057314442657
0.2311334100890139
0.18308823404871377
0.14126963195751027
0.10584962112367584
0.07673449243702346
0.053592701671537235
0.03588576683518892
0.02291187240428428
0.013861054816475026
0.007884468768361439
0.004179933638975859
0.00204577326318165
0.0009157665794760913
0.0003737123748962782
0.00014281307299630574
5.707494885156425e-5
2.7302973839681852e-5
1.5212877600989639e-5
8.03985035181981e-6
3.7726653689381555e-6
1.436425593909515e-6
4.0307947116192863e-7
0.8215095807866469
0.8149823953352148
0.7962011634288657
0.7662478395288513
0.7264572168818361
0.6783766067075031
0.6237138707817187
0.5645075032521489
0.502744942580249
0.440300503680178
0.37888292049125183
0.3199910643578981
0.2648785351135432
0.214531030932379
0.1696516983253806
0.13066213501489465
0.09770964472254287
0.0706895771879494
0.049270608440078495
0.03292943193429403
0.020992244551101758
0.012688440937355714
0.0072172603437353445
0.0038298897729842243
0.0018778568128304074
0.0008415856257273566
0.00034164995538173105
0.00012699432557833053
4.6571501321041454e-5
1.9122992016956327e-5
8.973540942906763e-6
3.940644616119095e-6
1.4249220493704202e-6
3.873281964666019e-7
0.7552176131541946
0.7492227391181968
0.7319699441991214
0.704449976324331
0.667888686814912
0.6237138707817187
0.5735049605211151
0.5189347240890534
0.46189895693605737
0.4041820236332319
0.34740557172473335
0.29298674953489096
0.24210781035633244
0.19569225502351803
0.15439523951792228
0.11860076097177755
0.08843307575199154
0.06377566373206538
0.04430059491901425
0.029502016353282985
0.018739187578393445
0.01128658214712067
0.0063979804872830075
0.003383894419469112
0.001653356795715481
0.0007371723733210955
0.00029557523661536317
0.00010585846310132442
3.527240262847622e-5
1.202900545347872e-5
4.511812138302931e-6
1.4483748574117916e-6
3.411857884330222e-7
0.6839051825726051
0.6784640134337705
0.6628014861224903
0.6378144785770782
0.6046159267116415
0.5645075032521489
0.5189347240890534
0.46943062374821104
0.41755649087830393
0.36499709303133626
0.31327804444555907
0.2637275027688769
0.21744786813593558
0.17529680014105903
0.13787637669202854
0.10553385922606812
0.07836922655580983
0.05625734153149896
0.03887519812381623
0.025738603216397375
0.016242810356908353
0.009712686149231209
0.0054613207189013096
0.00286194299960892
0.0013831406634692799
0.0006079956000277825
0.00023829754642997917
8.139519937464454e-5
2.424352064835971e-5
6.592592881711206e-6
1.773802584746074e-6
3.396290422572185e-7
0.6098008986244361
0.6049230873716046
0.5908806463661868
0.5684751840684164
0.5387058442299942
0.502744942580249
0.46189895693605737
0.41755649087830393
0.3711323601939703
0.32401129158326536
0.2776175903018064
0.23318459877612804
0.19173153900878534
0.15404605402575564
0.12067722955029843
0.09193388346102267
0.06789448176154532
0.04842607322011568
0.033214976297408765
0.021800477495942248
0.013618330412622913
0.008046451818872037
0.004460634501706159
0.002297965309331981
0.0010876070698094735
0.0004652807164639047
0.00017533729702957432
5.600441961614328e-5
1.4520710640955022e-5
2.881774434022297e-6
4.400833814212223e-7
0.5350110354292001
0.5306967493759749
0.5182733181014343
0.4984500568731765
0.472111439757284
0.440300503680178
0.4041820236332319
0.36499709303133626
0.32401129158326536
0.2824636214385235
0.2415175266900576
0.20231070801608708
0.16577664542323634
0.13263321324407637
0.10337524652072497
0.07827522991018754
0.057390132006069336
0.04058366005428203
0.027552259028701797
0.017863563118037
0.010995299943897613
0.0063814638585541796
0.0034604695964160054
0.0017345182199380118
0.0007927862173934202
0.00032388975219962437
0.0001141679820945665
3.265418254327962e-5
6.8873236132760126e-6
7.930269199593024e-7
0.46146283884777434
0.4577016175641142
0.44686994523680656
0.4295838754177008
0.4066171709971095
0.37888292049125183
0.34740557172473335
0.31327804444555907
0.2776175903018064
0.2415175266900576
0.20600478549345874
0.1719993879708003
0.14035225504398544
0.11171063727603273
0.08651720584002483
0.06500779078825548
0.04722210665108346
0.03302032192160853
0.022114600606717546
0.014101316735000074
0.008504005887191487
0.0048117469240898485
0.0025268226146176872
0.0012148600589344393
0.0005255971597153369
0.0001990108969658298
6.252774290296874e-5
1.4593851318132609e-5
1.959313049221266e-6
0.3908533609810779
0.38762829457394743
0.378335012474861
0.3635018396611976
0.3437911408040417
0.3199910643578981
0.29298674953489096
0.2637275027688769
0.23318459877612804
0.20231070801608708
0.1719993879708003
0.1430516124926822
0.11614488702071903
0.09186125089054095
0.07058994709783888
0.052534253388668656
0.037715488933568915
0.025996267009253882
0.017103811086737107
0.0106686932891568
0.006258351204341172
0.0034193877584287476
0.001715257208717333
0.000775551070620013
0.0003078541496764925
0.00010271790562880766
2.6141229506792856e-5
3.880094590531413e-6
0.3246172655604918
0.32190173047484816
0.31407319949965784
0.30157026269467635
0.28495057314442657
0.2648785351135432
0.24210781035633244
0.21744786813593558
0.19173153900878534
0.16577664542323634
0.14035225504398544
0.11614488702071903
0.09373483230988161
0.0735719202691328
0.05599953972985073
0.041185142736230404
0.029137657632734168
0.019720215455477065
0.012681868504055279
0.007684579889882124
0.004344477207871013
0.0022621296406705785
0.0010637152339180844
0.00043879589794016625
0.00015191387216756242
4.0399887985318025e-5
6.512745928997046e-6
0.2638976333866385
0.261660115700533
0.25519973452452505
0.2448730098970882
0.2311334100890139
0.214531030932379
0.19569225502351803
0.17529680014105903
0.15404605402575564
0.13263321324407637
0.11171063727603273
0.09186125089054095
0.0735719202691328
0.057219106890069975
0.04305000098508436
0.031205883139354917
0.021678608759552933
0.014339096415605473
0.008954220313735885
0.0052242875844411086
0.0028097165273323174
0.0013690477030496456
0.0005860993026692216
0.00021012101920840455
5.745567826027878e-5
9.495773460150043e-6
0.20953704683851065
0.207736626425552
0.20253060351332172
0.19419448878695658
0.18308823404871377
0.1696516983253806
0.15439523951792228
0.13787637669202854
0.12067722955029843
0.10337524652072497
0.08651720584002483
0.07058994709783888
0.05599953972985073
0.04305000098508436
0.03193847421951261
0.02274210032960231
0.015446941522462572
0.00992480228680424
0.005968431352741445
0.003310949175731472
0.0016635932390351765
0.0007368541141346479
0.00027402506314014703
7.75468891224555e-5
1.3146404580058189e-5
0.1620675958390392
0.1606592184313213
0.1565749071580173
0.15002119966227173
0.14126963195751027
0.13066213501489465
0.11860076097177755
0.10553385922606812
0.09193388346102267
0.07827522991018754
0.06500779078825548
0.052534253388668656
0.041185142736230404
0.031205883139354917
0.02274210032960231
0.015844043448570603
0.010461576107982965
0.006479716809967174
0.0037087663124072325
0.001922799179999876
0.0008766222777346268
0.00033680969654480266
9.88558936365433e-5
1.7459133529513747e-5
0.12171793557960048
0.12065016847379899
0.11754464855893007
0.11254557507690728
0.10584962112367584
0.09770964472254287
0.08843307575199154
0.07836922655580983
0.06789448176154532
0.057390132006069336
0.04722210665108346
0.037715488933568915
0.029137657632734168
0.021678608759552933
0.015446941522462572
0.010461576107982965
0.006667070252823771
0.003936747391084339
0.0021110211123124413
0.0009949890586438141
0.000392891150138818
0.00011883276665822736
2.180754798947412e-5
0.08842317341213096
0.08764384438528348
0.08536678953050866
0.08168631805239004
0.07673449243702346
0.0706895771879494
0.06377566373206538
0.05625734153149896
0.04842607322011568
0.04058366005428203
0.03302032192160853
0.025996267009253882
0.019720215455477065
0.014339096415605473
0.00992480228680424
0.006479716809967174
0.003936747391084339
0.0021833806920483626
0.0010686632204634262
0.0004387959623634361
0.00013627727963496557
2.5722706912339913e-5
0.06185122109009016
0.061307337176910205
0.05970922712664584
0.057110869616277704
0.053592701671537235
0.049270608440078495
0.04430059491901425
0.03887519812381623
0.033214976297408765
0.027552259028701797
0.022114600606717546
0.017103811086737107
0.012681868504055279
0.008954220313735885
0.005968431352741445
0.0037087663124072325
0.0021110211123124413
0.0010686632204634262
0.0004588708467986981
0.0001499526901401381
2.9266097184356493e-5
0.04143496633011367
0.041075779216268773
0.040012808571203796
0.03826945471587321
0.03588576683518892
0.03292943193429403
0.029502016353282985
0.025738603216397375
0.021800477495942248
0.017863563118037
0.014101316735000074
0.0106686932891568
0.007684579889882124
0.0052242875844411086
0.003310949175731472
0.001922799179999876
0.0009949890586438141
0.0004387959623634361
0.0001499526901401381
3.195194161982484e-5
0.02641829680663451
0.026197504363884187
0.02553652125835863
0.024437493887054858
0.02291187240428428
0.020992244551101758
0.018739187578393445
0.016242810356908353
0.013618330412622913
0.010995299943897613
0.008504005887191487
0.006258351204341172
0.004344477207871013
0.0028097165273323174
0.0016635932390351765
0.0008766222777346268
0.000392891150138818
0.00013627727963496557
2.9266097184356493e-5
0.01591522315869764
0.015791403269263145
0.015414108775926496
0.014772596478308298
0.013861054816475026
0.012688440937355714
0.01128658214712067
0.009712686149231209
0.008046451818872037
0.0063814638585541796
0.0048117469240898485
0.0034193877584287476
0.0022621296406705785
0.0013690477030496456
0.0007368541141346479
0.00033680969654480266
0.00011883276665822736
2.5722706912339913e-5
0.008980798250958244
0.008919142503344486
0.008725949021904763
0.008385984234000117
0.007884468768361439
0.0072172603437353445
0.0063979804872830075
0.0054613207189013096
0.004460634501706159
0.0034604695964160054
0.0025268226146176872
0.001715257208717333
0.0010637152339180844
0.0005860993026692216
0.00027402506314014703
9.88558936365433e-5
2.180754798947412e-5
0.004700476482614944
0.004674855665337239
0.00458954069068109
0.004429949366742886
0.004179933638975859
0.0038298897729842243
0.003383894419469112
0.00286194299960892
0.002297965309331981
0.0017345182199380118
0.0012148600589344393
0.000775551070620013
0.00043879589794016625
0.00021012101920840455
7.75468891224555e-5
1.7459133529513747e-5
0.0022584852074419345
0.0022510723469472142
0.0022213928517895334
0.0021572643278728785
0.00204577326318165
0.0018778568128304074
0.001653356795715481
0.0013831406634692799
0.0010876070698094735
0.0007927862173934202
0.0005255971597153369
0.0003078541496764925
0.00015191387216756242
5.745567826027878e-5
1.3146404580058189e-5
0.000987746490995012
0.0009877934823053964
0.0009816191104441523
0.0009605648249243614
0.0009157665794760913
0.0008415856257273566
0.0007371723733210955
0.0006079956000277825
0.0004652807164639047
0.00032388975219962437
0.0001990108969658298
0.00010271790562880766
4.0399887985318025e-5
9.495773460150043e-6
0.0003955260231898866
0.0003972602605523874
0.00039779873073744163
0.00039149293305326915
0.0003737123748962782
0.00034164995538173105
0.00029557523661536317
0.00023829754642997917
0.00017533729702957432
0.0001141679820945665
6.252774290296874e-5
2.6141229506792856e-5
6.512745928997046e-6
0.00015519934782247147
0.00015644535562978754
0.00015647227314355777
0.00015254227990221325
0.00014281307299630574
0.00012699432557833053
0.00010585846310132442
8.139519937464454e-5
5.600441961614328e-5
3.265418254327962e-5
1.4593851318132609e-5
3.880094590531413e-6
7.281559917299335e-5
7.293703125503665e-5
7.088878747438637e-5
6.546790142072142e-5
5.707494885156425e-5
4.6571501321041454e-5
3.527240262847622e-5
2.424352064835971e-5
1.4520710640955022e-5
6.8873236132760126e-6
1.959313049221266e-6
4.6366357434518516e-5
4.573249669573031e-5
4.207192315972008e-5
3.552219627926047e-5
2.7302973839681852e-5
1.9122992016956327e-5
1.202900545347872e-5
6.592592881711206e-6
2.881774434022297e-6
7.930269199593024e-7
3.3874855024941665e-5
3.2815764787966365e-5
2.8805086621810523e-5
2.2331107565632782e-5
1.5212877600989639e-5
8.973540942906763e-6
4.511812138302931e-6
1.773802584746074e-6
4.400833814212223e-7
2.3187389403281667e-5
2.2186222088554585e-5
1.8617478892607025e-5
1.3405149792212103e-5
8.03985035181981e-6
3.940644616119095e-6
1.4483748574117916e-6
3.396290422572185e-7
1.4248153216347966e-5
1.3414029621252302e-5
1.0846581495697018e-5
7.1680905120054866e-6
3.7726653689381555e-6
1.4249220493704202e-6
3.411857884330222e-7
7.665818407772553e-6
7.169203009561392e-6
5.499622117543433e-6
3.3473646280070307e-6
1.436425593909515e-6
3.873281964666019e-7
3.5004404097484103e-6
3.199137061147166e-6
2.3699805985591907e-6
1.2292180045963913e-6
4.0307947116192863e-7
1.2208155870221293e-6
1.1309277901211586e-6
7.393339330013015e-7
3.1758125763102385e-7
3.030873922121083e-7
2.53631550169794e-7
1.605684293783053e-7
3.9296313797002067e-8
4.781092609244979e-8
3.8369615777419024e-10
