1.0
0.9679504110379166
0.8834961417406403
0.7620206683651904
0.6203662447580361
0.4747268785535759
0.3388915811125788
0.22295933387201375
0.13271748358908406
0.06953515575473194
0.030790814053420514
0.010888133203763022
0.002834707129689678
0.0004960055181134439
8.532252149613521e-5
4.331667225367575e-5
1.9800886678691326e-5
5.5071204388889534e-6
3.2338583549616815e-8
0.9679504110379166
0.9380715410444092
0.8567496765075321
0.7390783851938136
0.6015549866394722
0.4600815684981205
0.32816962712521874
0.21571080633697345
0.12829769034022676
0.06718629287116185
0.02978457329975632
0.010581972837716475
0.002790275193161182
0.0005021364207714711
8.799604285264457e-5
3.950810849541561e-5
1.6791994131289258e-5
3.827594436013111e-6
0.8834961417406403
0.8567496765075321
0.7839705588228325
0.6765908644629195
0.5502821467604803
0.4201042739427501
0.29883676823640454
0.19574953885877547
0.11597567748582643
0.060521642006980486
0.02679537447016531
0.009577613593387884
0.002569004701350422
0.00047302684834048676
7.337436048342565e-5
2.353466712564068e-5
6.650493542377698e-6
0.7620206683651904
0.7390783851938136
0.6765908644629195
0.5844327425089693
0.4746775046769614
0.36118348070292555
0.2555844585044449
0.16622627366858994
0.09760646730317532
0.050404452143670876
0.02207703606910219
0.007819073557848246
0.0020865153679573236
0.0003753346244582622
4.470332493771625e-5
6.727696232450915e-6
0.6203662447580361
0.6015549866394722
0.5502821467604803
0.4746775046769614
0.3848255136607208
0.2913031013791226
0.20438400838278703
0.13129426552471704
0.07579918394847777
0.038273330885499175
0.01626384962716249
0.0055276547325305925
0.001387577339163879
0.00022287916178266983
1.5312777966754794e-5
0.4747268785535759
0.4600815684981205
0.4201042739427501
0.36118348070292555
0.2913031013791226
0.21892619221909476
0.15163541103610054
0.09551791446369601
0.05359774408204775
0.02596855503821005
0.01037736063365191
0.003201406864269359
0.0006787642747886649
7.240666010953329e-5
0.3388915811125788
0.32816962712521874
0.29883676823640454
0.2555844585044449
0.20438400838278703
0.15163541103610054
0.10311604679878059
0.06306001212049697
0.03382688800209415
0.015289386351524159
0.005458614737077864
0.0013807567407250836
0.00018456726789429267
0.22295933387201375
0.21571080633697345
0.19574953885877547
0.16622627366858994
0.13129426552471704
0.09551791446369601
0.06306001212049697
0.03693225158572549
0.01847274743910441
0.0074438198039363255
0.002155905339461662
0.000340611449684192
0.13271748358908406
0.12829769034022676
0.11597567748582643
0.09760646730317532
0.07579918394847777
0.05359774408204775
0.03382688800209415
0.01847274743910441
0.008281638490579474
0.0027229039658405118
0.0004939288436750264
0.06953515575473194
0.06718629287116185
0.060521642006980486
0.050404452143670876
0.038273330885499175
0.02596855503821005
0.015289386351524159
0.0074438198039363255
0.0027229039658405118
0.000580384752814068
0.030790814053420514
0.02978457329975632
0.02679537447016531
0.02207703606910219
0.01626384962716249
0.01037736063365191
0.005458614737077864
0.002155905339461662
0.0004939288436750264
0.010888133203763022
0.010581972837716475
0.009577613593387884
0.007819073557848246
0.0055276547325305925
0.003201406864269359
0.0013807567407250836
0.000340611449684192
0.002834707129689678
0.002790275193161182
0.002569004701350422
0.0020865153679573236
0.001387577339163879
0.0006787642747886649
0.00018456726789429267
0.0004960055181134439
0.0005021364207714711
0.00047302684834048676
0.0003753346244582622
0.00022287916178266983
7.240666010953329e-5
8.532252149613521e-5
8.799604285264457e-5
7.337436048342565e-5
4.470332493771625e-5
1.5312777966754794e-5
4.331667225367575e-5
3.950810849541561e-5
2.353466712564068e-5
6.727696232450915e-6
1.9800886678691326e-5
1.6791994131289258e-5
6.650493542377698e-6
5.5071204388889534e-6
3.827594436013111e-6
3.2338583549616815e-8
