1.0
0.9732495668266675
0.9017614117861723
0.7969940134659453
0.6716860336796288
0.5384882524915736
0.40877656983366345
0.2916754955960374
0.19350291640257833
0.11748331161667724
0.06382158419482169
0.03005882341986889
0.01175913263856659
0.0036066447916551798
0.0008115887210822743
0.0001471084590765214
5.4744293878807394e-5
3.2576526282262285e-5
1.3058173457391767e-5
3.2979580190299607e-6
6.288810333749923e-10
0.9732495668266675
0.9481103878496555
0.878924193887677
0.7769654783935181
0.6547531210937595
0.5247460661394185
0.3981301697789334
0.28389674636173806
0.18821228978731094
0.1142073208416147
0.06203039251181775
0.029240370918961752
0.011482255076776854
0.003551443269733876
0.0008143644800458509
0.00015128091516946007
5.328603961097859e-5
2.8832397648535757e-5
1.0921046331879396e-5
2.355663694546084e-6
0.9017614117861723
0.878924193887677
0.8160914946157635
0.7218237960144545
0.6081081477355079
0.4868506404286044
0.36874891007056776
0.26234730325915423
0.17347078977932745
0.10497488555520038
0.056888692241857865
0.026814798994818784
0.010584971743557799
0.0033209930164305418
0.0007792736439803244
0.00014169775208926287
3.955486549760589e-5
1.6634667935194916e-5
4.477079346638464e-6
0.7969940134659453
0.7769654783935181
0.7218237960144545
0.6391109952548952
0.5381372419938087
0.4300211414506665
0.3246800455953078
0.22999042647883602
0.1512382402017545
0.0909328746978072
0.048937197326123824
0.022922627589025538
0.009018355978243218
0.0028352491950016014
0.0006649779599159323
0.00011119878647082133
2.0482819623217544e-5
4.932056477904021e-6
0.6716860336796288
0.6547531210937595
0.6081081477355079
0.5381372419938087
0.45282810354586034
0.36082176430088764
0.27109249016207104
0.19066263776731884
0.12417867389368717
0.07374774556987891
0.03908471475129096
0.017962029151852313
0.0069038985405313275
0.002104924075585876
0.00047131074692741067
6.724179765670913e-5
5.6660252690077534e-6
0.5384882524915736
0.5247460661394185
0.4868506404286044
0.4300211414506665
0.36082176430088764
0.28642513649669693
0.2136630906836764
0.14865704038811864
0.09535558809020064
0.05546559671080334
0.02857379240987097
0.012625561317095057
0.004584345927211883
0.0012824318048706694
0.0002472966364880404
2.312196310768909e-5
0.40877656983366345
0.3981301697789334
0.36874891007056776
0.3246800455953078
0.27109249016207104
0.2136630906836764
0.15784199801489868
0.10811879791604731
0.06779141544563355
0.03816413974507481
0.018757398745749686
0.00772487479139471
0.002512712293508167
0.0005793174374889596
7.195064744705521e-5
0.2916754955960374
0.28389674636173806
0.26234730325915423
0.22999042647883602
0.19066263776731884
0.14865704038811864
0.10811879791604731
0.07247680332305881
0.043959280027042726
0.023561075597631945
0.010741874989288346
0.003923577856592424
0.001034443805410455
0.0001476736281346904
0.19350291640257833
0.18821228978731094
0.17347078977932745
0.1512382402017545
0.12417867389368717
0.09535558809020064
0.06779141544563355
0.043959280027042726
0.02543356252561729
0.012654345693747347
0.005117948243996121
0.0015059373454709135
0.0002459918225081105
0.11748331161667724
0.1142073208416147
0.10497488555520038
0.0909328746978072
0.07374774556987891
0.05546559671080334
0.03816413974507481
0.023561075597631945
0.012654345693747347
0.005617779658416627
0.0018436469377575446
0.00033796166155758124
0.06382158419482169
0.06203039251181775
0.056888692241857865
0.048937197326123824
0.03908471475129096
0.02857379240987097
0.018757398745749686
0.010741874989288346
0.005117948243996121
0.0018436469377575446
0.0003899391879152632
0.03005882341986889
0.029240370918961752
0.026814798994818784
0.022922627589025538
0.017962029151852313
0.012625561317095057
0.00772487479139471
0.003923577856592424
0.0015059373454709135
0.00033796166155758124
0.01175913263856659
0.011482255076776854
0.010584971743557799
0.009018355978243218
0.0069038985405313275
0.004584345927211883
0.002512712293508167
0.001034443805410455
0.0002459918225081105
0.0036066447916551798
0.003551443269733876
0.0033209930164305418
0.0028352491950016014
0.002104924075585876
0.0012824318048706694
0.0005793174374889596
0.0001476736281346904
0.0008115887210822743
0.0008143644800458509
0.0007792736439803244
0.0006649779599159323
0.00047131074692741067
0.0002472966364880404
7.195064744705521e-5
0.0001471084590765214
0.00015128091516946007
0.00014169775208926287
0.00011119878647082133
6.724179765670913e-5
2.312196310768909e-5
5.4744293878807394e-5
5.328603961097859e-5
3.955486549760589e-5
2.0482819623217544e-5
5.6660252690077534e-6
3.2576526282262285e-5
2.8832397648535757e-5
1.6634667935194916e-5
4.932056477904021e-6
1.3058173457391767e-5
1.0921046331879396e-5
4.477079346638464e-6
3.2979580190299607e-6
2.355663694546084e-6
6.288810333749923e-10
