1.0
0.9947386408929317
0.9796346365758137
0.9555004324285021
0.9232568272315476
0.8839105626419029
0.8385296379741763
0.7882208736249584
0.7341055582409246
0.67729773364429
0.6188817134305942
0.5598924763696618
0.5012972047333313
0.4439800004858733
0.3887292925929947
0.3362281143326412
0.2870476063143112
0.24164198552581015
0.2003473310477604
0.16337994326897595
0.1308391904808307
0.10271071098992991
0.07887403685787316
0.059111077977909994
0.04311857752485055
0.03052263145681046
0.020896899779779106
0.013783502985898297
0.00872087639229171
0.005267488450610939
0.0030221560738948328
0.0016390302445886394
0.0008377467041498649
0.000405469969714115
0.0001915902436207862
9.582100404639014e-5
5.651384770916622e-5
3.9779736092226614e-5
3.0203329955454237e-5
2.214786875529005e-5
1.5211348243500267e-5
9.580508900757705e-6
5.4936431903085855e-6
2.7586116756296384e-6
1.189299580438304e-6
3.989613172108941e-7
1.0904043603524299e-7
1.8449147027925292e-8
2.9223139981508146e-9
2.6165690144276298e-11
0.9947386408929317
0.9895955594056074
0.9746408224070766
0.9506839202675966
0.9186427778383156
0.8795201813843614
0.8343810663492145
0.7843280124340386
0.7304790877198328
0.6739443037369597
0.6158048367972258
0.5570922866394366
0.4987710341774641
0.44172257973668516
0.3867328489290031
0.3344828941596467
0.28554128437817927
0.2403605474420541
0.1992741044961233
0.16249699830442443
0.13012670862595457
0.1021485500226157
0.07844152604764634
0.05878811401059513
0.04288568918769303
0.030361724215058446
0.02079144428327884
0.013718669895808043
0.008683891451339212
0.005248614443939192
0.0030140698327740735
0.0016367883619809755
0.0008380090867281937
0.000406527477749308
0.0001924157823214104
9.623853993653897e-5
5.6394655512859585e-5
3.93903527753197e-5
2.958418280966044e-5
2.1569488461750634e-5
1.4656893245810799e-5
9.204297946784503e-6
5.208280558877238e-6
2.624427236837062e-6
1.1056360381714002e-6
3.822494761893811e-7
9.594096007729013e-8
2.0450203262765823e-8
2.0259550685440824e-9
0.9796346365758137
0.9746408224070766
0.9601233126424477
0.9366838368884779
0.9052309963240207
0.8667585142112114
0.8223206345654509
0.7730101178574956
0.7199339834747529
0.6641923141301214
0.6068559404041681
0.5489473594644043
0.49142223666806417
0.4351543226231159
0.3809225524432487
0.32940115207336285
0.28115268566652035
0.23662307672307362
0.19614044564522
0.15991432154643007
0.12803893947594241
0.10049704967271238
0.07716742260533542
0.05783322369609083
0.042194258210168124
0.029881390115418797
0.02047412253310308
0.013521170082718987
0.008569597125301743
0.005188417171506797
0.0029865831931736235
0.0016269831825562549
0.0008363808328050292
0.00040743364780215644
0.00019326048875040744
9.594642643133891e-5
5.507518296656754e-5
3.7319183663604724e-5
2.734338042397421e-5
1.9435704654366615e-5
1.2960815147737671e-5
7.936066502077174e-6
4.4228612852060625e-6
2.1604785475235986e-6
9.044122699015558e-7
2.929920704792936e-7
7.432998481516533e-8
1.2732892689485361e-8
0.9555004324285021
0.9506839202675966
0.9366838368884779
0.9140818863182385
0.8835797088734116
0.8461555390096436
0.8028485681032358
0.7547346161431646
0.7029047640989723
0.648442068331931
0.5924017660208402
0.5357908425732049
0.47955106016042476
0.42454319996398165
0.3715343260445777
0.32118788741569065
0.27405584391911475
0.23057475861449903
0.19106347957059486
0.15572445562099144
0.12464584279195928
0.09780735048779961
0.07508653568769454
0.05626819744916642
0.041055596983784144
0.029084896149067854
0.0199423185689702
0.01318536538621169
0.008371328949710025
0.005080678913324487
0.0029339782350612784
0.0016050117785765881
0.000829117775185958
0.0004057004968135571
0.00019228180203401696
9.402790425831054e-5
5.1909070256779575e-5
3.350071022168007e-5
2.3422260838145883e-5
1.602456829137978e-5
1.0251453071249082e-5
6.0667682048437096e-6
3.227328740083479e-6
1.5234914364066389e-6
5.941323983040738e-7
1.7988000199893359e-7
3.555558951453796e-8
0.9232568272315476
0.9186427778383156
0.9052309963240207
0.8835797088734116
0.8543614670932939
0.8183518810226765
0.7765689836691504
0.7300680937039932
0.6799178310311236
0.6271800533380946
0.5728880245821024
0.5180285295150497
0.46352370811191984
0.41021650064341836
0.3588574525654104
0.310094645591427
0.26446620079585975
0.22239561180753342
0.18419076005537308
0.15004433445742762
0.12003769153514737
0.09414586154146111
0.07224535715543502
0.054122700752351094
0.03948578127634841
0.02797768408577763
0.019194366105110015
0.012705156340545901
0.008081025867652502
0.004917219789105277
0.0028493376415475603
0.0015652166061266043
0.000812233009737785
0.00039859553903406837
0.0001881460296621915
8.984039261661812e-5
4.706767308142988e-5
2.8270843926128414e-5
1.852168435670371e-5
1.1880472765558706e-5
7.172730133979589e-6
3.967884702029886e-6
1.984906469378385e-6
8.544489594446305e-7
2.9938041362482035e-7
6.8964487181876e-8
0.8839105626419029
0.8795201813843614
0.8667585142112114
0.8461555390096436
0.8183518810226765
0.7840862688944787
0.7441816173782155
0.6996670476744522
0.651585917453229
0.6009729549477366
0.5488358482930232
0.4961354484846895
0.44376991153462625
0.3925591999801039
0.3432327895274154
0.2964195064502721
0.25263991088289206
0.2123022998300351
0.1757011054374145
0.14301843518466664
0.1143272523287328
0.08959782625296957
0.06870506392309784
0.05143771933938584
0.037509133772787515
0.026571566118649092
0.01823304684741482
0.012077374509521477
0.007692143378669676
0.004690453997581246
0.002725732775743824
0.0015023620918329466
0.0007819872403211238
0.000383989190751413
0.00017976761437899652
8.335242157321416e-5
4.091674545866192e-5
2.247183739674213e-5
1.340899909695086e-5
7.873341272946989e-6
4.305878375706124e-6
2.168400466024406e-6
9.579805330539289e-7
3.5421719594479457e-7
9.247713886879448e-8
0.8385296379741763
0.8343810663492145
0.8223206345654509
0.8028485681032358
0.7765689836691504
0.7441816173782155
0.7064660691123164
0.6642663672731469
0.6185953264490475
0.5704583095842489
0.5208320595958641
0.47064818953540394
0.420775719292532
0.37200755647682127
0.3250477587071777
0.2805021580446416
0.23887103020229905
0.20054495375633113
0.16580374755858807
0.13481747887194967
0.10765060414411429
0.08426801848078791
0.0645433591663226
0.048267754327992185
0.03516153256144282
0.024887789790079884
0.01706861718619529
0.011304682496636458
0.007202655306443741
0.004396079967631789
0.0025584348771051577
0.0014125927618671014
0.000735961250517125
0.0003604944246198491
0.0001667801121566791
7.470749772125816e-5
3.4125760865756965e-5
1.6787418734288404e-5
8.900648662694224e-6
4.569291699886092e-6
2.165264002535159e-6
9.188201577458413e-7
3.3141834435879e-7
8.750297811323699e-8
0.7882208736249584
0.7843280124340386
0.7730101178574956
0.7547346161431646
0.7300680937039932
0.6996670476744522
0.6642663672731469
0.6246616664714523
0.581692397619452
0.536329712123669
0.4895174291356913
0.4421531074870266
0.3950735179892326
0.3490401613077631
0.30472828508760325
0.26271757759677344
0.22348541906574573
0.18740301982052004
0.15473409092441628
0.12563633150507708
0.1001651537468675
0.07828052436033536
0.059854741685520026
0.04468253518890326
0.0324921670868519
0.02295898784467745
0.0157210566238952
0.010397832360328364
0.006617329386414183
0.004035216576394829
0.002346815344186472
0.0012947504600599022
0.000673327718421055
0.0003279523085081975
0.0001493426760477536
6.440936289496961e-5
2.7197012947856438e-5
1.1815958165637632e-5
5.361359895799605e-6
2.2920460183930344e-6
8.469080453876705e-7
2.6832309553327306e-7
6.697023663555638e-8
0.7341055582409246
0.7304790877198328
0.7199339834747529
0.7029047640989723
0.6799178310311236
0.651585917453229
0.6185953264490475
0.581692397619452
0.5416642599739676
0.4993213418790307
0.45557020029554157
0.4112724743485992
0.3672286624411355
0.32416625989024667
0.2827285396180926
0.24346661641044337
0.206832996967913
0.17317791141422695
0.14274829772753073
0.11568891107405709
0.09204653311845679
0.07177608812274479
0.054749789898866176
0.04076650528567072
0.029563609704538182
0.020829926685675015
0.014220976440206201
0.009377026635517979
0.005948772980992552
0.003615528534641851
0.0020952134839205125
0.001151178948365975
0.0005953223266282301
0.0002872101418465242
0.00012825372655477703
5.303341009789184e-5
2.0613364175068567e-5
7.756391482849662e-6
2.9115324351303546e-6
9.431077661368716e-7
2.2534668293845954e-7
4.07214405618465e-8
0.67729773364429
0.6739443037369597
0.6641923141301214
0.648442068331931
0.6271800533380946
0.6009729549477366
0.5704583095842489
0.536329712123669
0.4993213418790307
0.46018837842027144
0.41968981639177894
0.3786478222119396
0.3378251241088593
0.29791236831290646
0.25951897252461903
0.22316553214552345
0.18927810741959705
0.1581850835941652
0.13011592244245235
0.10520268603747908
0.08348330700017469
0.06490892085906022
0.04935196650425065
0.03661672800249713
0.02645036130942289
0.0185564749160528
0.012609435764033198
0.008271522596030452
0.005217545549759288
0.0031509283144412394
0.0018128567307109608
0.0009876597588555419
0.0005053750663359221
0.00024017988829353671
0.00010462586520750726
4.12961829074402e-5
1.4638486683428642e-5
4.680741771712246e-6
1.3617781972440336e-6
2.9505927074978377e-7
2.816291302637638e-8
0.6188817134305942
0.6158048367972258
0.6068559404041681
0.5924017660208402
0.5728880245821024
0.5488358482930232
0.5208320595958641
0.4895174291356913
0.45557020029554157
0.41968981639177894
0.3825782738750429
0.344924121005461
0.30744991722923437
0.27080846959478205
0.23557374742494705
0.20223455302606425
0.1711897369173967
0.1427450298481226
0.11711262972381423
0.09441150351180456
0.0746718913017429
0.05784125045369455
0.04379365559666416
0.0323391110437798
0.023236001564175768
0.01620343982720532
0.010935783814344253
0.007118362042013349
0.004450605864604961
0.0026606063127359637
0.0015128211176746302
0.0008127767898835626
0.00040874791063017006
0.00018981677383400817
7.993124374486329e-5
2.9820237912943153e-5
9.533329654500303e-6
2.470930294294361e-6
5.083127343234051e-7
5.06336585223354e-8
0.5598924763696618
0.5570922866394366
0.5489473594644043
0.5357908425732049
0.5180285295150497
0.4961354484846895
0.47064818953540394
0.4421531074870266
0.4112724743485992
0.3786478222119396
0.344924121005461
0.31073301075028903
0.27667839748700296
0.24337408062886315
0.21135795322328965
0.18108666070879473
0.15293105238419819
0.12717460747871473
0.10401159771448429
0.08354907161965862
0.06580943118441136
0.05073793687742591
0.03821034480389867
0.02804404767542347
0.020008884725458816
0.013840836481643455
0.009254616688129526
0.005959269462740924
0.0036790949262338166
0.002166952435650542
0.0012106425620899551
0.0006367878029080911
0.0003118620388025178
0.00013982941367616418
5.5978355848131125e-5
1.9344550124705362e-5
5.39394332934671e-6
1.0658987701493165e-6
1.0272281544860091e-7
0.5012972047333313
0.4987710341774641
0.49142223666806417
0.47955106016042476
0.46352370811191984
0.44376991153462625
0.420775719292532
0.3950735179892326
0.3672286624411355
0.3378251241088593
0.30744991722923437
0.27667839748700296
0.2460597761865926
0.21610491067774093
0.18731563962917896
0.16011602446331982
0.13484976211915745
0.11177716029126247
0.0910759412500521
0.07284063576494865
0.05708747925695769
0.04375928739517064
0.03273537796795238
0.023840428573884
0.016857463262795
0.011539130478281383
0.007621497866427275
0.004836985992101562
0.0029350994541689586
0.0016931966593640702
0.0009224559363401408
0.0004703743499323494
0.00022144926071808793
9.408555371561004e-5
3.485723615319262e-5
1.0622854850153371e-5
2.407671244495801e-6
2.730435578795835e-7
0.4439800004858733
0.44172257973668516
0.4351543226231159
0.42454319996398165
0.41021650064341836
0.3925591999801039
0.37200755647682127
0.3490401613077631
0.32416625989024667
0.29791236831290646
0.27080846959478205
0.24337408062886315
0.21610491067774093
0.18946136194742358
0.16385838648562825
0.13968860771237854
0.11726772938113351
0.09683473332468231
0.07854960523700875
0.062496305645177545
0.04868407465012349
0.03705550743947233
0.02749303800526336
0.019830772140874867
0.01386435498327483
0.009364627719736623
0.006088125039592858
0.0037913671832367265
0.0022481930125138935
0.001260752522793038
0.0006630023504195848
0.00032330007649804206
0.00014345238848970543
5.614429210775511e-5
1.8263479763827852e-5
4.487637751615463e-6
6.026683703295332e-7
0.3887292925929947
0.3867328489290031
0.3809225524432487
0.3715343260445777
0.3588574525654104
0.3432327895274154
0.3250477587071777
0.30472828508760325
0.2827285396180926
0.25951897252461903
0.23557374742494705
0.21135795322328965
0.18731563962917896
0.16385838648562825
0.14135674120524022
0.12013195546786602
0.10047382365401084
0.08259856632779042
0.0666508654858275
0.05270245488155527
0.040758151813035284
0.030759203840756373
0.022593844306205636
0.01610468965717499
0.011102162790338193
0.0073740395257834756
0.004698695238653172
0.0028553000768015624
0.0016426722191895467
0.0008865384715958076
0.0004438825693929073
0.00020276969794388432
8.233089513705203e-5
2.8148949071384405e-5
7.344845727957228e-6
1.0622984794282856e-6
0.3362281143326412
0.3344828941596467
0.32940115207336285
0.32118788741569065
0.310094645591427
0.2964195064502721
0.2805021580446416
0.26271757759677344
0.24346661641044337
0.22316553214552345
0.20223455302606425
0.18108666070879473
0.16011602446331982
0.13968860771237854
0.12013195546786602
0.1017298849364098
0.08471533517824358
0.06928436219014397
0.05556415805459609
0.04361730021313252
0.03344205802906753
0.024981487110098486
0.018127989802635476
0.012735612795914482
0.00862794434368138
0.00561186981638548
0.0034857839563092515
0.002052759110937128
0.0011347442171448226
0.000581632046351574
0.000271632793801967
0.00011279607892093842
3.9668627423186966e-5
1.0800030859927832e-5
1.6674278168583677e-6
0.2870476063143112
0.28554128437817927
0.28115268566652035
0.27405584391911475
0.26446620079585975
0.25263991088289206
0.23887103020229905
0.22348541906574573
0.206832996967913
0.18927810741959705
0.1711897369173967
0.15293105238419819
0.13484976211915745
0.11726772938113351
0.10047382365401084
0.08471533517824358
0.07019497219639155
0.05706472289296643
0.04543746336834834
0.03536376096138758
0.02683905353521402
0.01980549180081897
0.014163207197389456
0.009775362265041743
0.006481822728776211
0.004106391730700754
0.002469593604161548
0.0013961514185259474
0.0007322437015238361
0.00034945591177499473
0.00014783067731504023
5.279599597564924e-5
1.4621953971752909e-5
2.329530352518788e-6
0.24164198552581015
0.2403605474420541
0.23662307672307362
0.23057475861449903
0.22239561180753342
0.2123022998300351
0.20054495375633113
0.18740301982052004
0.17317791141422695
0.1581850835941652
0.1427450298481226
0.12717460747871473
0.11177716029126247
0.09683473332468231
0.08259856632779042
0.06928436219014397
0.05706472289296643
0.046068551228471484
0.036375902238204964
0.028029178937149547
0.021017441419407836
0.015286131406623273
0.010739699695893693
0.007254329901276537
0.0046832776051574316
0.0028704079883379225
0.0016557028285672539
0.0008874812873833968
0.0004331748635346219
0.00018714647543264772
6.794829623806512e-5
1.899916742421957e-5
3.0344670958003467e-6
0.2003473310477604
0.1992741044961233
0.19614044564522
0.19106347957059486
0.18419076005537308
0.1757011054374145
0.16580374755858807
0.15473409092441628
0.14274829772753073
0.13011592244245235
0.11711262972381423
0.10401159771448429
0.0910759412500521
0.07854960523700875
0.0666508654858275
0.05556415805459609
0.04543746336834834
0.036375902238204964
0.028443619844968147
0.021660215478568404
0.016012755391905758
0.011445695035356564
0.007872408096987698
0.00517815694010067
0.003233623246246576
0.001899348087951416
0.0010377335103535544
0.0005173023051350843
0.0002285911948628894
8.48276304951116e-5
2.412672183921127e-5
3.8830473631212865e-6
0.16337994326897595
0.16249699830442443
0.15991432154643007
0.15572445562099144
0.15004433445742762
0.14301843518466664
0.13481747887194967
0.12563633150507708
0.11568891107405709
0.10520268603747908
0.09441150351180456
0.08354907161965862
0.07284063576494865
0.062496305645177545
0.05270245488155527
0.04361730021313252
0.03536376096138758
0.028029178937149547
0.021660215478568404
0.016267604791363428
0.011824356368258383
0.00827880009734933
0.005548447533075531
0.003532416127204412
0.0021144379982329323
0.0011755907356545213
0.0005965772847841889
0.00026900422123545746
0.00010212569900092622
2.974951758344582e-5
4.900801099577599e-6
0.1308391904808307
0.13012670862595457
0.12803893947594241
0.12464584279195928
0.12003769153514737
0.1143272523287328
0.10765060414411429
0.1001651537468675
0.09204653311845679
0.08348330700017469
0.0746718913017429
0.06580943118441136
0.05708747925695769
0.04868407465012349
0.040758151813035284
0.03344205802906753
0.02683905353521402
0.021017441419407836
0.016012755391905758
0.011824356368258383
0.008423031493145012
0.005750807510645691
0.003734425785458063
0.0022817069177538184
0.0012940251289066992
0.0006679405079622612
0.00030616922115489194
0.00011842187727958383
3.529187312620881e-5
5.984968133350815e-6
0.10271071098992991
0.1021485500226157
0.10049704967271238
0.09780735048779961
0.09414586154146111
0.08959782625296957
0.08426801848078791
0.07828052436033536
0.07177608812274479
0.06490892085906022
0.05784125045369455
0.05073793687742591
0.04375928739517064
0.03705550743947233
0.030759203840756373
0.024981487110098486
0.01980549180081897
0.015286131406623273
0.011445695035356564
0.00827880009734933
0.005750807510645691
0.003807589661594722
0.0023763383356174657
0.0013785045827403937
0.0007273391261438415
0.00033926930738075535
0.00013317190009701506
4.034553817262839e-5
6.994943443450363e-6
0.07887403685787316
0.07844152604764634
0.07716742260533542
0.07508653568769454
0.07224535715543502
0.06870506392309784
0.0645433591663226
0.059854741685520026
0.054749789898866176
0.04935196650425065
0.04379365559666416
0.03821034480389867
0.03273537796795238
0.02749303800526336
0.022593844306205636
0.018127989802635476
0.014163207197389456
0.010739699695893693
0.007872408096987698
0.005548447533075531
0.003734425785458063
0.0023763383356174657
0.0014103656735035238
0.0007634995000271397
0.0003655658753241287
0.00014634737886316473
4.495820030841182e-5
7.902365643133404e-6
0.059111077977909994
0.05878811401059513
0.05783322369609083
0.05626819744916642
0.054122700752351094
0.05143771933938584
0.048267754327992185
0.04468253518890326
0.04076650528567072
0.03661672800249713
0.0323391110437798
0.02804404767542347
0.023840428573884
0.019830772140874867
0.01610468965717499
0.012735612795914482
0.009775362265041743
0.007254329901276537
0.00517815694010067
0.003532416127204412
0.0022817069177538184
0.0013785045827403937
0.0007634995000271397
0.00037643699850953554
0.0001558265852916904
4.9140855570440314e-5
8.783234100034478e-6
0.04311857752485055
0.04288568918769303
0.042194258210168124
0.041055596983784144
0.03948578127634841
0.037509133772787515
0.03516153256144282
0.0324921670868519
0.029563609704538182
0.02645036130942289
0.023236001564175768
0.020008884725458816
0.016857463262795
0.01386435498327483
0.011102162790338193
0.00862794434368138
0.006481822728776211
0.0046832776051574316
0.003233623246246576
0.0021144379982329323
0.0012940251289066992
0.0007273391261438415
0.0003655658753241287
0.0001558265852916904
5.134201750652415e-5
9.583525771881283e-6
0.03052263145681046
0.030361724215058446
0.029881390115418797
0.029084896149067854
0.02797768408577763
0.026571566118649092
0.024887789790079884
0.02295898784467745
0.020829926685675015
0.0185564749160528
0.01620343982720532
0.013840836481643455
0.011539130478281383
0.009364627719736623
0.0073740395257834756
0.00561186981638548
0.004106391730700754
0.0028704079883379225
0.001899348087951416
0.0011755907356545213
0.0006679405079622612
0.00033926930738075535
0.00014634737886316473
4.9140855570440314e-5
9.583525771881283e-6
0.020896899779779106
0.02079144428327884
0.02047412253310308
0.0199423185689702
0.019194366105110015
0.01823304684741482
0.01706861718619529
0.0157210566238952
0.014220976440206201
0.012609435764033198
0.010935783814344253
0.009254616688129526
0.007621497866427275
0.006088125039592858
0.004698695238653172
0.0034857839563092515
0.002469593604161548
0.0016557028285672539
0.0010377335103535544
0.0005965772847841889
0.00030616922115489194
0.00013317190009701506
4.495820030841182e-5
8.783234100034478e-6
0.013783502985898297
0.013718669895808043
0.013521170082718987
0.01318536538621169
0.012705156340545901
0.012077374509521477
0.011304682496636458
0.010397832360328364
0.009377026635517979
0.008271522596030452
0.007118362042013349
0.005959269462740924
0.004836985992101562
0.0037913671832367265
0.0028553000768015624
0.002052759110937128
0.0013961514185259474
0.0008874812873833968
0.0005173023051350843
0.00026900422123545746
0.00011842187727958383
4.034553817262839e-5
7.902365643133404e-6
0.00872087639229171
0.008683891451339212
0.008569597125301743
0.008371328949710025
0.008081025867652502
0.007692143378669676
0.007202655306443741
0.006617329386414183
0.005948772980992552
0.005217545549759288
0.004450605864604961
0.0036790949262338166
0.0029350994541689586
0.0022481930125138935
0.0016426722191895467
0.0011347442171448226
0.0007322437015238361
0.0004331748635346219
0.0002285911948628894
0.00010212569900092622
3.529187312620881e-5
6.994943443450363e-6
0.005267488450610939
0.005248614443939192
0.005188417171506797
0.005080678913324487
0.004917219789105277
0.004690453997581246
0.004396079967631789
0.004035216576394829
0.003615528534641851
0.0031509283144412394
0.0026606063127359637
0.002166952435650542
0.0016931966593640702
0.001260752522793038
0.0008865384715958076
0.000581632046351574
0.00034945591177499473
0.00018714647543264772
8.48276304951116e-5
2.974951758344582e-5
5.984968133350815e-6
0.0030221560738948328
0.0030140698327740735
0.0029865831931736235
0.0029339782350612784
0.0028493376415475603
0.002725732775743824
0.0025584348771051577
0.002346815344186472
0.0020952134839205125
0.0018128567307109608
0.0015128211176746302
0.0012106425620899551
0.0009224559363401408
0.0006630023504195848
0.0004438825693929073
0.000271632793801967
0.00014783067731504023
6.794829623806512e-5
2.412672183921127e-5
4.900801099577599e-6
0.0016390302445886394
0.0016367883619809755
0.0016269831825562549
0.0016050117785765881
0.0015652166061266043
0.0015023620918329466
0.0014125927618671014
0.0012947504600599022
0.001151178948365975
0.0009876597588555419
0.0008127767898835626
0.0006367878029080911
0.0004703743499323494
0.00032330007649804206
0.00020276969794388432
0.00011279607892093842
5.279599597564924e-5
1.899916742421957e-5
3.8830473631212865e-6
0.0008377467041498649
0.0008380090867281937
0.0008363808328050292
0.000829117775185958
0.000812233009737785
0.0007819872403211238
0.000735961250517125
0.000673327718421055
0.0005953223266282301
0.0005053750663359221
0.00040874791063017006
0.0003118620388025178
0.00022144926071808793
0.00014345238848970543
8.233089513705203e-5
3.9668627423186966e-5
1.4621953971752909e-5
3.0344670958003467e-6
0.000405469969714115
0.000406527477749308
0.00040743364780215644
0.0004057004968135571
0.00039859553903406837
0.000383989190751413
0.0003604944246198491
0.0003279523085081975
0.0002872101418465242
0.00024017988829353671
0.00018981677383400817
0.00013982941367616418
9.408555371561004e-5
5.614429210775511e-5
2.8148949071384405e-5
1.0800030859927832e-5
2.329530352518788e-6
0.0001915902436207862
0.0001924157823214104
0.00019326048875040744
0.00019228180203401696
0.0001881460296621915
0.00017976761437899652
0.0001667801121566791
0.0001493426760477536
0.00012825372655477703
0.00010462586520750726
7.993124374486329e-5
5.5978355848131125e-5
3.485723615319262e-5
1.8263479763827852e-5
7.344845727957228e-6
1.6674278168583677e-6
9.582100404639014e-5
9.623853993653897e-5
9.594642643133891e-5
9.402790425831054e-5
8.984039261661812e-5
8.335242157321416e-5
7.470749772125816e-5
6.440936289496961e-5
5.303341009789184e-5
4.12961829074402e-5
2.9820237912943153e-5
1.9344550124705362e-5
1.0622854850153371e-5
4.487637751615463e-6
1.0622984794282856e-6
5.651384770916622e-5
5.6394655512859585e-5
5.507518296656754e-5
5.1909070256779575e-5
4.706767308142988e-5
4.091674545866192e-5
3.4125760865756965e-5
2.7197012947856438e-5
2.0613364175068567e-5
1.4638486683428642e-5
9.533329654500303e-6
5.39394332934671e-6
2.407671244495801e-6
6.026683703295332e-7
3.9779736092226614e-5
3.93903527753197e-5
3.7319183663604724e-5
3.350071022168007e-5
2.8270843926128414e-5
2.247183739674213e-5
1.6787418734288404e-5
1.1815958165637632e-5
7.756391482849662e-6
4.680741771712246e-6
2.470930294294361e-6
1.0658987701493165e-6
2.730435578795835e-7
3.0203329955454237e-5
2.958418280966044e-5
2.734338042397421e-5
2.3422260838145883e-5
1.852168435670371e-5
1.340899909695086e-5
8.900648662694224e-6
5.361359895799605e-6
2.9115324351303546e-6
1.3617781972440336e-6
5.083127343234051e-7
1.0272281544860091e-7
2.214786875529005e-5
2.1569488461750634e-5
1.9435704654366615e-5
1.602456829137978e-5
1.1880472765558706e-5
7.873341272946989e-6
4.569291699886092e-6
2.2920460183930344e-6
9.431077661368716e-7
2.9505927074978377e-7
5.06336585223354e-8
1.5211348243500267e-5
1.4656893245810799e-5
1.2960815147737671e-5
1.0251453071249082e-5
7.172730133979589e-6
4.305878375706124e-6
2.165264002535159e-6
8.469080453876705e-7
2.2534668293845954e-7
2.816291302637638e-8
9.580508900757705e-6
9.204297946784503e-6
7.936066502077174e-6
6.0667682048437096e-6
3.967884702029886e-6
2.168400466024406e-6
9.188201577458413e-7
2.6832309553327306e-7
4.07214405618465e-8
5.4936431903085855e-6
5.208280558877238e-6
4.4228612852060625e-6
3.227328740083479e-6
1.984906469378385e-6
9.579805330539289e-7
3.3141834435879e-7
6.697023663555638e-8
2.7586116756296384e-6
2.624427236837062e-6
2.1604785475235986e-6
1.5234914364066389e-6
8.544489594446305e-7
3.5421719594479457e-7
8.750297811323699e-8
1.189299580438304e-6
1.1056360381714002e-6
9.044122699015558e-7
5.941323983040738e-7
2.9938041362482035e-7
9.247713886879448e-8
3.989613172108941e-7
3.822494761893811e-7
2.929920704792936e-7
1.7988000199893359e-7
6.8964487181876e-8
1.0904043603524299e-7
9.594096007729013e-8
7.432998481516533e-8
3.555558951453796e-8
1.8449147027925292e-8
2.0450203262765823e-8
1.2732892689485361e-8
2.9223139981508146e-9
2.0259550685440824e-9
2.6165690144276298e-11
