1.0
0.9943099230478557
0.9780076992540054
0.9520151726666759
0.9173787325155571
0.8752420127751985
0.8268158776845982
0.773351109036369
0.7161089797038476
0.6563350261305455
0.5952322674304343
0.533938073587736
0.473502922044964
0.41487317880568003
0.3588775719303685
0.30621694857623233
0.25745812285290093
0.21302938371533345
0.17322018893427243
0.13818097111021144
0.10792863860944966
0.0823528620292648
0.061227550404912574
0.04422393815882822
0.03092877052398077
0.02086526523752782
0.01351908720066673
0.00837111353793375
0.004926933981143089
0.00274063590927672
0.0014331346772546293
0.0007026538142013049
0.0003262292367617899
0.00015038524407081456
7.68967549479592e-5
4.8036576942015306e-5
3.51211584244387e-5
2.6196405233670094e-5
1.8391041409925372e-5
1.185102764444454e-5
6.951183659853388e-6
3.5788824216940243e-6
1.5871590846919764e-6
5.484174329793186e-7
1.5232355452043394e-7
2.644333386928728e-8
3.581698644039316e-9
2.810592244183752e-11
0.9943099230478557
0.9887536502599839
0.9726213371598282
0.9468312124516408
0.9124261335309315
0.8705449105144493
0.8223946201022004
0.7692209216839201
0.7122811409235678
0.6528160197892282
0.5920248122282112
0.5310409415123842
0.47091159581594133
0.4125801419706313
0.35687234267735546
0.30448669491565594
0.2559868716587875
0.21179915280683723
0.17220998049981895
0.13736856407693435
0.1072901432676281
0.08186446356205615
0.0608653764723497
0.04396525161058918
0.030752107396645384
0.020751425201531202
0.013450520761639549
0.00833316677523253
0.004908317528145969
0.002733300429452971
0.0014314460103429444
0.0007033475676953109
0.00032731662875403443
0.00015120652037824492
7.708072483265187e-5
4.781566144809308e-5
3.4528147109399944e-5
2.5569900629065234e-5
1.7739465779004034e-5
1.1383850448231563e-5
6.584469230804038e-6
3.395612210899729e-6
1.472269780220101e-6
5.212337830013051e-7
1.3392958869972534e-7
2.8214491547641606e-8
2.45084712221004e-9
0.9780076992540054
0.9726213371598282
0.9569859467216384
0.9317855056582901
0.8980515042546415
0.8569116441301768
0.809559989783412
0.757230204145072
0.7011662756805146
0.6425969581990417
0.5827092186809935
0.5226257161568991
0.46338348537266677
0.4059168457169211
0.35104341100145897
0.29945354886706343
0.25170377478977585
0.20821259958968452
0.16926059496590312
0.1349913761943523
0.10541757823709287
0.08042744296890644
0.05979594304496773
0.04319772323691549
0.030225156962596356
0.020408553898199813
0.013241446448497507
0.008215313103137334
0.004848555315808461
0.0027074446977772095
0.001423231753736851
0.0007025120453729363
0.00032844035126151867
0.00015166749484551645
7.633299019310564e-5
4.593706289909988e-5
3.2172945732567064e-5
2.3127340562815305e-5
1.5691621494400966e-5
9.79101218373004e-6
5.560359621046742e-6
2.7731661932140063e-6
1.1899349279996837e-6
3.9582655812332125e-7
1.0158784569902405e-7
1.7222412024750004e-8
0.9520151726666759
0.9468312124516408
0.9317855056582901
0.9075377522861038
0.87488608569551
0.8349393787962324
0.7888733422359198
0.7379010891853335
0.6832472727975218
0.6261202017350179
0.567688188503482
0.5090555854288277
0.4512430933350391
0.39516992462569445
0.3416397777603726
0.2913303844774289
0.2447858156410191
0.20241385305290688
0.16448494006902706
0.1311356320997753
0.10237327030683582
0.07808466250973736
0.05804572578895366
0.04193538677132002
0.029351896556981137
0.019833814333430625
0.01288517035666995
0.008010029608921828
0.004740407539508434
0.0026568632131632056
0.001403245284379108
0.0006964338670523473
0.00032682553467402444
0.00015025512094611772
7.361322098203386e-5
4.215363612358228e-5
2.7893487160918287e-5
1.9162308139663586e-5
1.2398780468647064e-5
7.438028581244757e-6
4.013602139140846e-6
1.92385378907379e-6
7.674698702811288e-7
2.3729280876296088e-7
4.753985314538336e-8
0.9173787325155571
0.9124261335309315
0.8980515042546415
0.87488608569551
0.8436928253979078
0.8053524727433072
0.7610151018460118
0.7118689493061987
0.6591115424500974
0.6039256413679371
0.5474533365080566
0.49077497942883785
0.4348881982506088
0.3806912707459487
0.3289686532929806
0.28038020261389124
0.23545411994868795
0.19458357508161678
0.15802727438424652
0.1259119739971363
0.09823922233664308
0.07489312587663952
0.05565151032576551
0.04019809302830955
0.02813942505863116
0.019025602417384452
0.012374948165366892
0.007708029739836802
0.004574855394673164
0.002573813472462074
0.0013656195180391324
0.0006808523612033284
0.00032006585559528046
0.00014564391991942881
6.876397487830974e-5
3.667325776839523e-5
2.2443520629065055e-5
1.4319541255095762e-5
8.662280247901856e-6
4.817963902887065e-6
2.4261950949123213e-6
1.0530956204399306e-6
3.7470823161972995e-7
8.85937199663409e-8
0.8752420127751985
0.8705449105144493
0.8569116441301768
0.8349393787962324
0.8053524727433072
0.768987233441807
0.7267746431781928
0.6798713111653392
0.6294442440945751
0.5766436102073899
0.5225808406614465
0.4683054950957784
0.41478679323003453
0.3628961125704306
0.31339337555499536
0.26691637810758506
0.22397357565892326
0.1849415116169386
0.15006468024631112
0.11945943823727319
0.09312008738983882
0.07092844166695791
0.05266382713351008
0.038016207093684404
0.026602782409544615
0.017988028289838306
0.011707690125429042
0.007302357829440708
0.0043435774161619985
0.002451053214240772
0.0013048907971098059
0.0006522782441802427
0.00030612079208641117
0.00013724226730048227
6.188316596515003e-5
3.0303024611402534e-5
1.6661332901619718e-5
9.624878744834709e-6
5.2060795659918945e-6
2.5999644222148812e-6
1.1429631255757383e-6
4.2131492987274743e-7
1.1162176432768153e-7
0.8268158776845982
0.8223946201022004
0.809559989783412
0.7888733422359198
0.7610151018460118
0.7267746431781928
0.6870309734229474
0.6427335847534839
0.5950127436687354
0.5449832766473841
0.4937196068923427
0.44223637406251043
0.39146837569349746
0.3422552251299382
0.2953275259112442
0.25129700740485617
0.21064970003231698
0.17374303048658127
0.14080639748394377
0.11194446703813286
0.08714468057211798
0.06628591283492286
0.04914989126152215
0.03543418169302143
0.024768599080308047
0.016734440363949086
0.010887556844782256
0.006791630368446778
0.004042539444443748
0.0022839350684692905
0.00121752115824976
0.0006085196173728283
0.00028407102979603803
0.00012487223600387383
5.351103507753116e-5
2.3726638273271204e-5
1.1453666076970582e-5
5.733942062387253e-6
2.641548224483987e-6
1.0865816694473482e-6
3.8211856013433667e-7
1.0021481681950599e-7
0.773351109036369
0.7692209216839201
0.757230204145072
0.7379010891853335
0.7118689493061987
0.6798713111653392
0.6427335847534839
0.601347410985749
0.5566498093641192
0.5097145959337211
0.461576685092343
0.4132101936403453
0.3655117072847638
0.3192842439782487
0.27522533252527626
0.2339174185212311
0.19582144557121697
0.16127434128929446
0.13048910617668757
0.10355897827742036
0.08046399630684131
0.06108102165989613
0.04519494072130009
0.03251233341881235
0.02267725426212226
0.01528981379394672
0.009928596530351807
0.006182572258567718
0.0036742186422697703
0.002072723605121256
0.0011029116963982592
0.0005492981257080505
0.0002540526550891941
0.00010903545515197713
4.4188059211248166e-5
1.76031992866271e-5
7.2311171231871516e-6
3.0082671593583704e-6
1.0629438634658181e-6
3.1219392626634934e-7
7.371918436757612e-8
0.7161089797038476
0.7122811409235678
0.7011662756805146
0.6832472727975218
0.6591115424500974
0.6294442440945751
0.5950127436687354
0.5566498093641192
0.5152301687864712
0.47164921163799806
0.42689737453844817
0.38190596379745373
0.33752892256666495
0.2945297289482075
0.25356957337496233
0.21519903852783406
0.17985221082280395
0.1478440478287897
0.11937110447124967
0.0945146412782544
0.073248252863803
0.055447291010619966
0.040901215215665004
0.029326550110925297
0.020383126028786818
0.01369179795162833
0.008855732261224302
0.005491242112897846
0.003248468069427226
0.0018232820683423267
0.0009643535544798975
0.00047634636093047805
0.0002172606594451373
9.061527241636971e-5
3.457812494874312e-5
1.2230840934065304e-5
4.156721062763646e-6
1.331750463217611e-6
3.069676062856301e-7
4.6001994687015124e-8
0.6563350261305455
0.6528160197892282
0.6425969581990417
0.6261202017350179
0.6039256413679371
0.5766436102073899
0.5449832766473841
0.5097145959337211
0.47164921163799806
0.43161702570789456
0.3904455728891103
0.3490195225005191
0.3081485022735287
0.2685535852107204
0.23085754855680168
0.19557738477692638
0.16311877590555157
0.13377445503042984
0.1077238293944046
0.08503700480358103
0.06568141483341579
0.0495324190303365
0.03638457545269485
0.02596592693722096
0.017953189970954533
0.011989520621240708
0.007704360914536907
0.0047423219019126816
0.002782135809912407
0.001546603471814606
0.0008087038270356932
0.0003936337307044921
0.00017577087163559173
7.078113182933437e-5
2.523282203573496e-5
7.814961459168159e-6
2.0738146252318316e-6
4.6507063834206134e-7
4.733807021708688e-8
0.5952322674304343
0.5920248122282112
0.5827092186809935
0.567688188503482
0.5474533365080566
0.5225808406614465
0.4937196068923427
0.461576685092343
0.42689737453844817
0.3904455728891103
0.3529818650566597
0.31524473528617986
0.27799719452365035
0.24191681696675715
0.2075866872865022
0.1754888415915077
0.14600043081461467
0.1193910626158236
0.09582378510153784
0.07535751955725954
0.05795506039998195
0.043492029785821916
0.031769857233754015
0.022528605869913794
0.01546355047341426
0.01024100786241386
0.0065177153045716165
0.003967295535065069
0.0022972704207417805
0.0012575694223253872
0.0006454552500243377
0.0003068387324031143
0.000132648475882508
5.084813768981713e-5
1.6711073972316038e-5
4.381909640437538e-6
8.280509444516319e-7
9.24935301808269e-8
0.533938073587736
0.5310409415123842
0.5226257161568991
0.5090555854288277
0.49077497942883785
0.4683054950957784
0.44223637406251043
0.4132101936403453
0.38190596379745373
0.3490195225005191
0.31524473528617986
0.2812542406125866
0.24768280418775562
0.2151637507966745
0.18423974869215554
0.1553582450429018
0.12886681041039783
0.10501294618132619
0.08394283958736623
0.06570586998909006
0.05026012533034134
0.037483442163300816
0.02718423302965044
0.019116584246610405
0.012994464390880242
0.008508625587054248
0.005343154479923524
0.0032010886652265175
0.0018186953512254534
0.0009730164756679218
0.00048548355347980017
0.00022256186002834224
9.147873253393975e-5
3.255507702585413e-5
9.451102184733018e-6
1.99229663274196e-6
1.8777942150279044e-7
0.473502922044964
0.47091159581594133
0.46338348537266677
0.4512430933350391
0.4348881982506088
0.41478679323003453
0.39146837569349746
0.3655117072847638
0.33752892256666495
0.3081485022735287
0.27799719452365035
0.24768280418775562
0.2177780160819755
0.18880664480156123
0.1612717602317576
0.13558543577059398
0.11206724653617989
0.09094151717248533
0.07233948371270736
0.05630032332292889
0.04277968573011765
0.03165735219379013
0.022751110559682857
0.01582875410036617
0.010624722956769623
0.006853533317285122
0.004227421886970406
0.002478149855089935
0.0013709573573422325
0.0007095921497470797
0.0003395566329253969
0.0001472344227479883
5.595361317320148e-5
1.755302429489924e-5
4.137507203799423e-6
5.17865964140729e-7
0.41487317880568003
0.4125801419706313
0.4059168457169211
0.39516992462569445
0.3806912707459487
0.3628961125704306
0.3422552251299382
0.3192842439782487
0.2945297289482075
0.2685535852107204
0.24191681696675715
0.2151637507966745
0.18880664480156123
0.1633135397629081
0.13909684672605188
0.11653520165895172
0.09591897785565309
0.07745178100830158
0.06124835787898232
0.047340310866355775
0.03567986343337558
0.026151678891555064
0.018582195908039157
0.012755355730232622
0.008424925779157722
0.005330676043112595
0.003211552138797154
0.0018286538200391123
0.0009751155588247623
0.00048156004003381114
0.00021654283893970448
8.625559716177818e-5
2.875293987044736e-5
7.259822335385413e-6
1.0101729578010083e-6
0.3588775719303685
0.35687234267735546
0.35104341100145897
0.3416397777603726
0.3289686532929806
0.31339337555499536
0.2953275259112442
0.27522533252527626
0.25356957337496233
0.23085754855680168
0.2075866872865022
0.18423974869215554
0.1612717602317576
0.13909684672605188
0.11807956012330612
0.09852584399983785
0.0806995836281125
0.0647816087557203
0.0508733557285597
0.03899673668193879
0.029103981162006413
0.021083135160263167
0.014772560319751328
0.009970800119109793
0.006453334877664264
0.00398328911160986
0.0023275844066677873
0.0012747847310662782
0.0006464710823230811
0.0002983960977322994
0.0001223353107118221
4.240113938396964e-5
1.1310733111595793e-5
1.689212047950641e-6
0.30621694857623233
0.30448669491565594
0.29945354886706343
0.2913303844774289
0.28038020261389124
0.26691637810758506
0.25129700740485617
0.2339174185212311
0.21519903852783406
0.19557738477692638
0.1754888415915077
0.1553582450429018
0.13558543577059398
0.11653520165895172
0.09852584399983785
0.08182415504152057
0.06663749401465968
0.0531272478089314
0.04137859201148182
0.03140779690715936
0.023164330722477255
0.01654360471342187
0.011393597380322966
0.007530919891045713
0.0047504607956367455
0.0028409706732978506
0.0015949480325252075
0.0008295182529651249
0.00039213189116157156
0.0001642131677826903
5.8069564353905e-5
1.5924856079500937e-5
2.504460591021204e-6
0.25745812285290093
0.2559868716587875
0.25170377478977585
0.2447858156410191
0.23545411994868795
0.22397357565892326
0.21064970003231698
0.19582144557121697
0.17985221082280395
0.16311877590555157
0.14600043081461467
0.12886681041039783
0.11206724653617989
0.09591897785565309
0.0806995836281125
0.06663749401465968
0.05390964809272475
0.04263495977028248
0.032886536306547136
0.02467122696920286
0.017940438024114918
0.012593347106498362
0.008491936962267653
0.005467836849878247
0.0033388392625324187
0.0019164667158519902
0.0010208745912286753
0.0004945333787066962
0.00021180900836823395
7.621922885587155e-5
2.1140791338359245e-5
3.3618033552516905e-6
0.21302938371533345
0.21179915280683723
0.20821259958968452
0.20241385305290688
0.19458357508161678
0.1849415116169386
0.17374303048658127
0.16127434128929446
0.1478440478287897
0.13377445503042984
0.1193910626158236
0.10501294618132619
0.09094151717248533
0.07745178100830158
0.0647816087557203
0.0531272478089314
0.04263495977028248
0.033401955377510964
0.025471381954155662
0.01884558126652032
0.013473211501931617
0.009262415386490381
0.006084878988079886
0.0037918194825587274
0.0022203162317826256
0.001207972389449935
0.0005989058273472675
0.0002628469902467457
9.67642756509698e-5
2.728724231473585e-5
4.358154008018015e-6
0.17322018893427243
0.17220998049981895
0.16926059496590312
0.16448494006902706
0.15802727438424652
0.15006468024631112
0.14080639748394377
0.13048910617668757
0.11937110447124967
0.1077238293944046
0.09582378510153784
0.08394283958736623
0.07233948371270736
0.06124835787898232
0.0508733557285597
0.04137859201148182
0.032886536306547136
0.025471381954155662
0.01916323132989821
0.013945452751583725
0.00976944816850635
0.006546950847639228
0.004164801682448522
0.0024890151961991123
0.0013803707176787603
0.0006980572869363488
0.0003133047534771684
0.00011823334630902377
3.4182709941375665e-5
5.581536912804129e-6
0.13818097111021144
0.13736856407693435
0.1349913761943523
0.1311356320997753
0.1259119739971363
0.11945943823727319
0.11194446703813286
0.10355897827742036
0.0945146412782544
0.08503700480358103
0.07535751955725954
0.06570586998909006
0.05630032332292889
0.047340310866355775
0.03899673668193879
0.03140779690715936
0.02467122696920286
0.01884558126652032
0.013945452751583725
0.009949396860006936
0.006799494749638486
0.004416892686044612
0.0026978038787646677
0.0015283487534749351
0.0007874013896119164
0.0003599191883913011
0.0001387033337714485
4.112091791005605e-5
6.924512136737693e-6
0.10792863860944966
0.1072901432676281
0.10541757823709287
0.10237327030683582
0.09823922233664308
0.09312008738983882
0.08714468057211798
0.08046399630684131
0.073248252863803
0.06568141483341579
0.05795506039998195
0.05026012533034134
0.04277968573011765
0.03567986343337558
0.029103981162006413
0.023164330722477255
0.017940438024114918
0.013473211501931617
0.00976944816850635
0.006799494749638486
0.0045081685204037165
0.002815798838576614
0.0016336778544550992
0.000861526377983457
0.0004013237141707414
0.0001572140116268839
4.749908897817302e-5
8.203799056231593e-6
0.0823528620292648
0.08186446356205615
0.08042744296890644
0.07808466250973736
0.07489312587663952
0.07092844166695791
0.06628591283492286
0.06108102165989613
0.055447291010619966
0.0495324190303365
0.043492029785821916
0.037483442163300816
0.03165735219379013
0.026151678891555064
0.021083135160263167
0.01654360471342187
0.012593347106498362
0.009262415386490381
0.006546950847639228
0.004416892686044612
0.002815798838576614
0.0016733112158318973
0.0009064918557742007
0.00043404122320538107
0.00017363337177010284
5.326022705265753e-5
9.351135202326201e-6
0.061227550404912574
0.0608653764723497
0.05979594304496773
0.05804572578895366
0.05565151032576551
0.05266382713351008
0.04914989126152215
0.04519494072130009
0.040901215215665004
0.03638457545269485
0.031769857233754015
0.02718423302965044
0.022751110559682857
0.018582195908039157
0.014772560319751328
0.011393597380322966
0.008491936962267653
0.006084878988079886
0.004164801682448522
0.0026978038787646677
0.0016336778544550992
0.0009064918557742007
0.0004475197770702779
0.0001853954578160703
5.845440254554026e-5
1.0437367294138954e-5
0.04422393815882822
0.04396525161058918
0.04319772323691549
0.04193538677132002
0.04019809302830955
0.038016207093684404
0.03543418169302143
0.03251233341881235
0.029326550110925297
0.02596592693722096
0.022528605869913794
0.019116584246610405
0.01582875410036617
0.012755355730232622
0.009970800119109793
0.007530919891045713
0.005467836849878247
0.0037918194825587274
0.0024890151961991123
0.0015283487534749351
0.000861526377983457
0.00043404122320538107
0.0001853954578160703
6.117859335596185e-5
1.1432488910845841e-5
0.03092877052398077
0.030752107396645384
0.030225156962596356
0.029351896556981137
0.02813942505863116
0.026602782409544615
0.024768599080308047
0.02267725426212226
0.020383126028786818
0.017953189970954533
0.01546355047341426
0.012994464390880242
0.010624722956769623
0.008424925779157722
0.006453334877664264
0.0047504607956367455
0.0033388392625324187
0.0022203162317826256
0.0013803707176787603
0.0007874013896119164
0.0004013237141707414
0.00017363337177010284
5.845440254554026e-5
1.1432488910845841e-5
0.02086526523752782
0.020751425201531202
0.020408553898199813
0.019833814333430625
0.019025602417384452
0.017988028289838306
0.016734440363949086
0.01528981379394672
0.01369179795162833
0.011989520621240708
0.01024100786241386
0.008508625587054248
0.006853533317285122
0.005330676043112595
0.00398328911160986
0.0028409706732978506
0.0019164667158519902
0.001207972389449935
0.0006980572869363488
0.0003599191883913011
0.0001572140116268839
5.326022705265753e-5
1.0437367294138954e-5
0.01351908720066673
0.013450520761639549
0.013241446448497507
0.01288517035666995
0.012374948165366892
0.011707690125429042
0.010887556844782256
0.009928596530351807
0.008855732261224302
0.007704360914536907
0.0065177153045716165
0.005343154479923524
0.004227421886970406
0.003211552138797154
0.0023275844066677873
0.0015949480325252075
0.0010208745912286753
0.0005989058273472675
0.0003133047534771684
0.0001387033337714485
4.749908897817302e-5
9.351135202326201e-6
0.00837111353793375
0.00833316677523253
0.008215313103137334
0.008010029608921828
0.007708029739836802
0.007302357829440708
0.006791630368446778
0.006182572258567718
0.005491242112897846
0.0047423219019126816
0.003967295535065069
0.0032010886652265175
0.002478149855089935
0.0018286538200391123
0.0012747847310662782
0.0008295182529651249
0.0004945333787066962
0.0002628469902467457
0.00011823334630902377
4.112091791005605e-5
8.203799056231593e-6
0.004926933981143089
0.004908317528145969
0.004848555315808461
0.004740407539508434
0.004574855394673164
0.0043435774161619985
0.004042539444443748
0.0036742186422697703
0.003248468069427226
0.002782135809912407
0.0022972704207417805
0.0018186953512254534
0.0013709573573422325
0.0009751155588247623
0.0006464710823230811
0.00039213189116157156
0.00021180900836823395
9.67642756509698e-5
3.4182709941375665e-5
6.924512136737693e-6
0.00274063590927672
0.002733300429452971
0.0027074446977772095
0.0026568632131632056
0.002573813472462074
0.002451053214240772
0.0022839350684692905
0.002072723605121256
0.0018232820683423267
0.001546603471814606
0.0012575694223253872
0.0009730164756679218
0.0007095921497470797
0.00048156004003381114
0.0002983960977322994
0.0001642131677826903
7.621922885587155e-5
2.728724231473585e-5
5.581536912804129e-6
0.0014331346772546293
0.0014314460103429444
0.001423231753736851
0.001403245284379108
0.0013656195180391324
0.0013048907971098059
0.00121752115824976
0.0011029116963982592
0.0009643535544798975
0.0008087038270356932
0.0006454552500243377
0.00048548355347980017
0.0003395566329253969
0.00021654283893970448
0.0001223353107118221
5.8069564353905e-5
2.1140791338359245e-5
4.358154008018015e-6
0.0007026538142013049
0.0007033475676953109
0.0007025120453729363
0.0006964338670523473
0.0006808523612033284
0.0006522782441802427
0.0006085196173728283
0.0005492981257080505
0.00047634636093047805
0.0003936337307044921
0.0003068387324031143
0.00022256186002834224
0.0001472344227479883
8.625559716177818e-5
4.240113938396964e-5
1.5924856079500937e-5
3.3618033552516905e-6
0.0003262292367617899
0.00032731662875403443
0.00032844035126151867
0.00032682553467402444
0.00032006585559528046
0.00030612079208641117
0.00028407102979603803
0.0002540526550891941
0.0002172606594451373
0.00017577087163559173
0.000132648475882508
9.147873253393975e-5
5.595361317320148e-5
2.875293987044736e-5
1.1310733111595793e-5
2.504460591021204e-6
0.00015038524407081456
0.00015120652037824492
0.00015166749484551645
0.00015025512094611772
0.00014564391991942881
0.00013724226730048227
0.00012487223600387383
0.00010903545515197713
9.061527241636971e-5
7.078113182933437e-5
5.084813768981713e-5
3.255507702585413e-5
1.755302429489924e-5
7.259822335385413e-6
1.689212047950641e-6
7.68967549479592e-5
7.708072483265187e-5
7.633299019310564e-5
7.361322098203386e-5
6.876397487830974e-5
6.188316596515003e-5
5.351103507753116e-5
4.4188059211248166e-5
3.457812494874312e-5
2.523282203573496e-5
1.6711073972316038e-5
9.451102184733018e-6
4.137507203799423e-6
1.0101729578010083e-6
4.8036576942015306e-5
4.781566144809308e-5
4.593706289909988e-5
4.215363612358228e-5
3.667325776839523e-5
3.0303024611402534e-5
2.3726638273271204e-5
1.76031992866271e-5
1.2230840934065304e-5
7.814961459168159e-6
4.381909640437538e-6
1.99229663274196e-6
5.17865964140729e-7
3.51211584244387e-5
3.4528147109399944e-5
3.2172945732567064e-5
2.7893487160918287e-5
2.2443520629065055e-5
1.6661332901619718e-5
1.1453666076970582e-5
7.2311171231871516e-6
4.156721062763646e-6
2.0738146252318316e-6
8.280509444516319e-7
1.8777942150279044e-7
2.6196405233670094e-5
2.5569900629065234e-5
2.3127340562815305e-5
1.9162308139663586e-5
1.4319541255095762e-5
9.624878744834709e-6
5.733942062387253e-6
3.0082671593583704e-6
1.331750463217611e-6
4.6507063834206134e-7
9.24935301808269e-8
1.8391041409925372e-5
1.7739465779004034e-5
1.5691621494400966e-5
1.2398780468647064e-5
8.662280247901856e-6
5.2060795659918945e-6
2.641548224483987e-6
1.0629438634658181e-6
3.069676062856301e-7
4.733807021708688e-8
1.185102764444454e-5
1.1383850448231563e-5
9.79101218373004e-6
7.438028581244757e-6
4.817963902887065e-6
2.5999644222148812e-6
1.0865816694473482e-6
3.1219392626634934e-7
4.6001994687015124e-8
6.951183659853388e-6
6.584469230804038e-6
5.560359621046742e-6
4.013602139140846e-6
2.4261950949123213e-6
1.1429631255757383e-6
3.8211856013433667e-7
7.371918436757612e-8
3.5788824216940243e-6
3.395612210899729e-6
2.7731661932140063e-6
1.92385378907379e-6
1.0530956204399306e-6
4.2131492987274743e-7
1.0021481681950599e-7
1.5871590846919764e-6
1.472269780220101e-6
1.1899349279996837e-6
7.674698702811288e-7
3.7470823161972995e-7
1.1162176432768153e-7
5.484174329793186e-7
5.212337830013051e-7
3.9582655812332125e-7
2.3729280876296088e-7
8.85937199663409e-8
1.5232355452043394e-7
1.3392958869972534e-7
1.0158784569902405e-7
4.753985314538336e-8
2.644333386928728e-8
2.8214491547641606e-8
1.7222412024750004e-8
3.581698644039316e-9
2.45084712221004e-9
2.810592244183752e-11
