1.0
0.917247340671934
0.7231160000303598
0.48749305838953144
0.27301802720635066
0.11904980027966057
0.03511817130692384
0.005325009109688036
0.00023548778728693485
6.780514907599617e-5
5.25433114733206e-7
0.917247340671934
0.8452029451702636
0.6667463470131936
0.4486569746137818
0.25031493257435194
0.10856866984101814
0.032078450382783404
0.00496417039566179
0.00026156706427323114
4.6738815508163784e-5
0.7231160000303598
0.6667463470131936
0.5270877642826767
0.351982369827351
0.19313828409533013
0.08167552919293583
0.02323596522930905
0.0035220983690228726
0.0001280154464276896
0.48749305838953144
0.4486569746137818
0.351982369827351
0.2316667183501229
0.12243990371839648
0.04825601531957747
0.012039397360170992
0.0013036151980986607
0.27301802720635066
0.25031493257435194
0.19313828409533013
0.12243990371839648
0.060207259356134205
0.02028056379451229
0.0033665888746222347
0.11904980027966057
0.10856866984101814
0.08167552919293583
0.04825601531957747
0.02028056379451229
0.004701724200892974
0.03511817130692384
0.032078450382783404
0.02323596522930905
0.012039397360170992
0.0033665888746222347
0.005325009109688036
0.00496417039566179
0.0035220983690228726
0.0013036151980986607
0.00023548778728693485
0.00026156706427323114
0.0001280154464276896
6.780514907599617e-5
4.6738815508163784e-5
5.25433114733206e-7
