1.0
0.9949353114727296
0.9803824355928404
0.9571053162312314
0.9259693790002226
0.8879207356003145
0.8439642251116835
0.7951422979750069
0.7425134525497664
0.6871317863181596
0.6300271207000623
0.572186301146507
0.5145368958333383
0.45793184548960336
0.4031385350930379
0.3508280046051445
0.30156965624807647
0.25582483733187533
0.21394622858434514
0.17617503354585268
0.1426435032188169
0.11337655402036838
0.08829843448705436
0.06723921223118529
0.049945232613814644
0.03609115313120701
0.025295202825815145
0.017137178919177667
0.011179196341612819
0.006991686945607561
0.004173179961189295
0.0023662974646612126
0.0012698353977566728
0.0006447674534717682
0.0003137717178378398
0.0001533333285558602
8.287970168564949e-5
5.3658583763292846e-5
4.0166623892733375e-5
3.108272756773383e-5
2.3015168466970055e-5
1.593551318005598e-5
1.0258103989500461e-5
6.023645213507532e-6
3.182446203225382e-6
1.4308676298725074e-6
5.384332412179885e-7
1.526176120028847e-7
3.600268705842379e-8
3.216180970921691e-9
2.262937067138907e-10
0.9949353114727296
0.9899819047879636
0.9755692969049186
0.9524585108994374
0.9215123230670983
0.8836734152042298
0.839943584548833
0.7913617107830793
0.7389831071733183
0.6838584904992182
0.6270145073263841
0.5694352721124455
0.5120453078661585
0.45569566115917787
0.40115078603252463
0.3490804887365784
0.3000512495847519
0.25452337255975094
0.2128466754005657
0.17526145220436906
0.14189779327178717
0.11278039505740939
0.08783261827111595
0.06688494684693322
0.04968408530749033
0.03590571415115279
0.0251694610719811
0.017056512308325025
0.011130766445360464
0.00696505573834503
0.004160316466009355
0.0023614320541549255
0.001268973541081348
0.0006455322489928068
0.00031476441112400836
0.00015403677468375158
8.306102026129063e-5
5.3456337550119e-5
3.9651709307976026e-5
3.0483939795403387e-5
2.2387261536864364e-5
1.5434258776076774e-5
9.846213436641308e-6
5.778243014866571e-6
3.011276613543505e-6
1.3700769015630823e-6
4.950153579538137e-7
1.532852774175459e-7
2.6494814570059824e-8
7.638232030700395e-9
0.9803824355928404
0.9755692969049186
0.9615677163394816
0.9389428300400318
0.9085487019967143
0.8713197184632765
0.8282481171048511
0.7803636157757339
0.7287117882824651
0.6743340563805945
0.6182479622911913
0.5614288971294953
0.5047937739412526
0.44918590514270584
0.395363766913374
0.3439902542790393
0.2956268603926446
0.25072730465793097
0.2096368698968565
0.1725901761113483
0.13971426207328955
0.1110307122138945
0.08646229180211772
0.06583941402108452
0.048910486875105234
0.03535387627384748
0.024792756273420074
0.01681260824803314
0.01098250711687678
0.006881795338473188
0.0041184250918819216
0.0023436734608068034
0.0012637019149671772
0.0006454117317191022
0.00031585853442592547
0.00015446235819855763
8.239207048119471e-5
5.178917699793305e-5
3.747169996457776e-5
2.814740710386934e-5
2.0298310191083625e-5
1.3703391207658584e-5
8.610590315010966e-6
4.931080187675403e-6
2.5451801515175713e-6
1.1101773513208727e-6
4.0431626851459287e-7
1.0342597123389787e-7
2.3523941675873986e-8
0.9571053162312314
0.9524585108994374
0.9389428300400318
0.9171048973147261
0.8876036885093461
0.8513592089272365
0.8093499440481811
0.7625904035109633
0.7121114093079574
0.6589392469899512
0.6040769270577825
0.5484860040901698
0.49307014418897577
0.4386610612311221
0.38600568313729866
0.3357573773433557
0.2884672895397175
0.24458089934500404
0.2044342789382924
0.16825555908159703
0.13616526958676556
0.10818167846759755
0.08422534790955077
0.06412744070175055
0.047638660798929006
0.03444154561849962
0.02416484651954202
0.016401203989645396
0.010728425042462172
0.006735707478232112
0.00404167302965111
0.0023080247129290215
0.0012498659513221488
0.0006413817232825231
0.00031481301321484913
0.00015327485896350081
7.997764410981844e-5
4.8324633432303477e-5
3.344627450384631e-5
2.4222987054613574e-5
1.685121409126896e-5
1.1025706073130417e-5
6.66857514454497e-6
3.703244123087406e-6
1.8116703853630993e-6
7.628706964863455e-7
2.3677116733197722e-7
5.636121963822458e-8
0.9259693790002226
0.9215123230670983
0.9085487019967143
0.8876036885093461
0.859309485033614
0.824394964463433
0.7838190573858635
0.7385775089301388
0.6896809816112588
0.6381361286122579
0.584926332108645
0.530994283576424
0.47722597292206476
0.4244361908037957
0.3733569156144758
0.3246267594940423
0.2787843659655313
0.23626244098269783
0.19738703335809749
0.16237633420600608
0.13134418484564367
0.10430329665728288
0.08117234447885448
0.06178279702335564
0.04588868513917994
0.0331778863476423
0.02328689147364938
0.015818295868816435
0.010361545758587542
0.0065189508886777745
0.003922800784271765
0.002248298615263539
0.0012227550632565001
0.0006300283602154446
0.0003096099496697485
0.00014934925290600393
7.556654322258203e-5
4.3176274510595165e-5
2.810991745238426e-5
1.924257141937071e-5
1.2722551689784152e-5
7.872568863413366e-6
4.520438470049118e-6
2.3342216617526097e-6
1.069124177322588e-6
3.8228760213017726e-7
9.961972540566589e-8
0.8879207356003145
0.8836734152042298
0.8713197184632765
0.8513592089272365
0.824394964463433
0.7911219286105134
0.7523147254772984
0.7089449805838359
0.6620001594940502
0.6124625475322354
0.5612918016567027
0.509407301320797
0.45767264758470283
0.40688176467638154
0.3577466923103842
0.31088841401934814
0.2668286293023787
0.22598600952941533
0.18867323118090992
0.15509837393749604
0.12536630164126358
0.09948446794686511
0.07736857714664644
0.058850995954596697
0.04368937607734951
0.03157856466875819
0.022164849107502386
0.015063030422193913
0.009876872301377591
0.00622448766499134
0.0037546818629284905
0.0021585594695497368
0.001177849187421661
0.0006084187227920481
0.00029851114031060873
0.0001420902725424139
6.917473541172507e-5
3.694032218152708e-5
2.2171071651659766e-5
1.4094009351897182e-5
8.618574996813375e-6
4.939100950808441e-6
2.575283519575678e-6
1.2053436506465967e-6
4.550995585050405e-7
1.296819986537618e-7
0.8439642251116835
0.839943584548833
0.8282481171048511
0.8093499440481811
0.7838190573858635
0.7523147254772984
0.7155717483531482
0.6743865588575138
0.6297185715833713
0.5825230362468822
0.5337317375895086
0.48423693160969217
0.4348758566439928
0.38641716353579875
0.3395495861840474
0.29487219621426963
0.2528878420826918
0.21399784081096945
0.17850097345901175
0.1465929779101966
0.11837008484802734
0.09383333339559162
0.07289602944189509
0.05539113634284629
0.04108102322785885
0.02966876961426168
0.020812268214378035
0.014140599586484602
0.009273982239471847
0.005848819222842233
0.0035326060762615793
0.0020344223158131917
0.0011119746988286054
0.0005744927083968075
0.00028056978458397205
0.00013123156199664686
6.119089840233606e-5
3.0205222201346772e-5
1.6445348844581937e-5
9.457451758069856e-6
5.214774271963085e-6
2.6352679924478076e-6
1.2045744575648482e-6
4.496700991240096e-7
1.2862137233935552e-7
0.7951422979750069
0.7913617107830793
0.7803636157757339
0.7625904035109633
0.7385775089301388
0.7089449805838359
0.6743865588575138
0.6356541673136518
0.5935427409664932
0.5489761350968991
0.5028558169789427
0.45604320942375337
0.4093456386705368
0.36350307396556
0.3191771494684057
0.27694266466046047
0.23728034226298267
0.20057310231772296
0.16710358301352332
0.13705529839543393
0.11051472741836409
0.08747717674218179
0.0678531730691661
0.051477179818398146
0.03811689224410542
0.0274849947414696
0.019252392380360774
0.013064240724589466
0.008559278688987914
0.005393964700283265
0.0032562705300912633
0.0018746178105024797
0.0010239092010101197
0.0005276498387293919
0.00025561649340821
0.00011707517526333355
5.204613379449842e-5
2.358763741130169e-5
1.1418230036310575e-5
5.8036631821700915e-6
2.7497692718210374e-6
1.1673068309914193e-6
4.092823377537257e-7
1.1204132798909214e-7
0.7425134525497664
0.7389831071733183
0.7287117882824651
0.7121114093079574
0.6896809816112588
0.6620001594940502
0.6297185715833713
0.5935427409664932
0.5542194859473846
0.5125198041529473
0.4693109503812667
0.4254212422616442
0.38162491856129527
0.338630249451945
0.29706932525150437
0.2574897532918809
0.2203487136907597
0.18600845532422447
0.1547352272154138
0.12669915672538498
0.10197756327912262
0.08055966263497193
0.06235414346738914
0.04719734997045596
0.034863459204242386
0.025075535800502497
0.01751895751295795
0.011856524910908741
0.00774709282260621
0.004868670706485135
0.002930693814091924
0.0016818698405573044
0.0009150437833135354
0.0004687036005771085
0.00022442590508653685
0.0001002416509173533
4.233557119584972e-5
1.7459491767764145e-5
7.382220052225159e-6
3.190720655832019e-6
1.2369342457608416e-6
3.8168786827034377e-7
9.238427288187023e-8
0.6871317863181596
0.6838584904992182
0.6743340563805945
0.6589392469899512
0.6381361286122579
0.6124625475322354
0.5825230362468822
0.5489761350968991
0.5125198041529473
0.4738741858107851
0.43376575547703594
0.392986511223636
0.35227571322775725
0.31230766917626773
0.2736826642689563
0.23691958246785907
0.20245004248041695
0.17061510464592103
0.14166339273287637
0.11575203536801908
0.09294875142829837
0.07323757049703945
0.05652560226415444
0.04265227183713574
0.03139872141855668
0.022499626116017832
0.01565581676103823
0.010549145230583422
0.0068598328075897205
0.004288346121493386
0.002566230098589184
0.0014628656596950224
0.0007894879982176479
0.0004000744709091675
0.00018841714575039057
8.170452451070504e-5
3.258879438962454e-5
1.2112828047484525e-5
4.339422061040501e-6
1.5279761354026623e-6
4.3072128371163497e-7
8.268884859101999e-8
0.6300271207000623
0.6270145073263841
0.6182479622911913
0.6040769270577825
0.584926332108645
0.5612918016567027
0.5337317375895086
0.5028558169789427
0.4693109503812667
0.43376575547703594
0.396894129786546
0.3593599489727236
0.321865388410094
0.2850494429985046
0.2494792250352922
0.21564340728000458
0.1839474047833895
0.15471000699505924
0.1281624320152705
0.10444827175174315
0.08362642425496711
0.06567579126039266
0.05050318138393776
0.03795137666875846
0.02780975161609629
0.01982521492137035
0.013715271257531572
0.00918161286450779
0.005926775173514988
0.003674142146621565
0.0021776782966328834
0.0012275779949755708
0.0006536742086667096
0.00032561436604667203
0.0001497223973138664
6.253840361869793e-5
2.3364182701932154e-5
7.682762589533235e-6
2.2329058166058723e-6
5.771480092238587e-7
1.0049912424420805e-7
0.572186301146507
0.5694352721124455
0.5614288971294953
0.5484860040901698
0.530994283576424
0.509407301320797
0.48423693160969217
0.45604320942375337
0.4254212422616442
0.392986511223636
0.3593599489727236
0.3251527493375539
0.2909525197115792
0.2573619902966758
0.22491424334109067
0.19406728331442508
0.16519960138903886
0.13860780827649455
0.11450526272285874
0.09302265689353154
0.07420994887592874
0.05804221587455743
0.044425961126679334
0.03320876365106637
0.02418855342184164
0.017125771588420248
0.011755012792608098
0.00779866810365642
0.004981777898987534
0.0030510417253623574
0.001782789580450586
0.0009881862689868957
0.0005155299167254247
0.00025021022060638906
0.00011104424493680809
4.403248835438193e-5
1.5133164269375486e-5
4.275323699703981e-6
9.156627461037044e-7
1.4063030834639742e-7
0.5145368958333383
0.5120453078661585
0.5047937739412526
0.49307014418897577
0.47722597292206476
0.45767264758470283
0.4348758566439928
0.4093456386705368
0.38162491856129527
0.35227571322775725
0.321865388410094
0.2909525197115792
0.2600737626841967
0.22973151903536296
0.20042506591923695
0.17258132127521286
0.14655216129077084
0.12261177255891216
0.10095611415504516
0.08170280659562697
0.06489412720586109
0.05050108396824795
0.0384315037083103
0.028537720632760933
0.020627811661553704
0.014475815372183759
0.009834434702289799
0.006446623605403402
0.004060340545349709
0.00244529331264743
0.0014004506797995566
0.0007576068183773926
0.00038356230085092853
0.00017908551030606699
7.537365907514611e-5
2.7631554805698416e-5
8.392205880335997e-6
1.8982828395691397e-6
2.4260383495949007e-7
0.45793184548960336
0.45569566115917787
0.44918590514270584
0.4386610612311221
0.4244361908037957
0.40688176467638154
0.38641716353579875
0.36350307396556
0.338630249451945
0.31230766917626773
0.2850494429985046
0.2573619902966758
0.22973151903536296
0.20261306232376514
0.17642028278038807
0.151550238582216
0.12832789833237576
0.10700572965387942
0.08776211953840586
0.07070268169632841
0.05586160508149877
0.043207554699825644
0.032649323168033206
0.024045955841631522
0.017215336462746297
0.01194656487333408
0.008009955109710802
0.0051696689829061155
0.0031959678516314534
0.0018818763661430369
0.0010483825839663658
0.0005480768647059011
0.0002656627811901524
0.00011712732809254488
4.543427092714308e-5
1.469382294821482e-5
3.595283280744805e-6
5.223271460548925e-7
0.4031385350930379
0.40115078603252463
0.395363766913374
0.38600568313729866
0.3733569156144758
0.3577466923103842
0.3395495861840474
0.3191771494684057
0.29706932525150437
0.2736826642689563
0.2494792250352922
0.22491424334109067
0.20042506591923695
0.17642028278038807
0.1532714208074288
0.1313044401729967
0.11081924729193413
0.09204601075510771
0.07514686615477659
0.060214826684092615
0.047277562517467016
0.036300765336359814
0.027196409525712714
0.019829560232653632
0.014029944662268843
0.009600801940929927
0.006331279801414587
0.004005789629327618
0.002417415176293786
0.0013815233228716241
0.0007413469567307491
0.00036935893333886016
0.00016812314778808331
6.794176980570757e-5
2.316791190812205e-5
6.0057457143760415e-6
9.391874556286467e-7
0.3508280046051445
0.3490804887365784
0.3439902542790393
0.3357573773433557
0.3246267594940423
0.31088841401934814
0.29487219621426963
0.27694266466046047
0.2574897532918809
0.23691958246785907
0.21564340728000458
0.19406728331442508
0.17258132127521286
0.151550238582216
0.1313044401729967
0.11213384969029515
0.09428075402163584
0.07795566353452071
0.06330312828716202
0.050405405547881144
0.03928267626471531
0.02989979410656028
0.02217089299097796
0.015969559280347982
0.011136074655931265
0.0074897995863459094
0.004837322680179464
0.0029844476157663558
0.0017456834234145222
0.0009591664500801978
0.0004890703542980482
0.000227754822641445
9.439749064609516e-5
3.3309743038348815e-5
9.064139472393922e-6
1.4973165503797098e-6
0.30156965624807647
0.3000512495847519
0.2956268603926446
0.2884672895397175
0.2787843659655313
0.2668286293023787
0.2528878420826918
0.23728034226298267
0.2203487136907597
0.20245004248041695
0.1839474047833895
0.16519960138903886
0.14655216129077084
0.12832789833237576
0.11081924729193413
0.09428075402163584
0.07892538984947206
0.0649181061968496
0.052389178984903806
0.041408126210868486
0.03199009863610057
0.024097666484556933
0.01764967592582767
0.012526600639301212
0.008581920368953187
0.005649319016107676
0.0035548402197189614
0.0021238319853979517
0.001193210138269939
0.0006220970780826811
0.00029579631061420024
0.0001248857099931568
4.486755435579577e-5
1.250883769104739e-5
2.1616930547294813e-6
0.25582483733187533
0.25452337255975094
0.25072730465793097
0.24458089934500404
0.23626244098269783
0.22598600952941533
0.21399784081096945
0.20057310231772296
0.18600845532422447
0.17061510464592103
0.15471000699505924
0.13860780827649455
0.12261177255891216
0.10700572965387942
0.09204601075510771
0.07795566353452071
0.0649181061968496
0.053075594694919646
0.04252345701324043
0.03332255644526104
0.025480406744791052
0.018960234070929522
0.013683512535387382
0.009540446682273832
0.0063955488861627795
0.00409965359887504
0.0024959572447018764
0.0014311967537728814
0.0007624397752719175
0.0003704406289440807
0.00015947208889531013
5.818229821892165e-5
1.6396380532581364e-5
2.8650268330497534e-6
0.21394622858434514
0.2128466754005657
0.2096368698968565
0.2044342789382924
0.19738703335809749
0.18867323118090992
0.17850097345901175
0.16710358301352332
0.1547352272154138
0.14166339273287637
0.1281624320152705
0.11450526272285874
0.10095611415504516
0.08776211953840586
0.07514686615477659
0.06330312828716202
0.052389178984903806
0.04252345701324043
0.03378521999581073
0.026209900853267746
0.019802085221627668
0.014522344943010614
0.01029807286605696
0.007026587924647897
0.004586608781104662
0.0028433952349461566
0.0016600033271800692
0.0009018308346077532
0.0004475485887018341
0.00019686160890371534
7.325674734513604e-5
2.0945114170219103e-5
3.685574553008482e-6
0.17617503354585268
0.17526145220436906
0.1725901761113483
0.16825555908159703
0.16237633420600608
0.15509837393749604
0.1465929779101966
0.13705529839543393
0.12669915672538498
0.11575203536801908
0.10444827175174315
0.09302265689353154
0.08170280659562697
0.07070268169632841
0.060214826684092615
0.050405405547881144
0.041408126210868486
0.03332255644526104
0.026209900853267746
0.020096077551732604
0.014968641716540672
0.01079066719510874
0.0074916264950860515
0.004979639630648544
0.0031444433537209473
0.0018688892325870376
0.0010326842046637038
0.0005221524219246675
0.00023447969442382964
8.92292670887606e-5
2.605933143213529e-5
4.6729296878196666e-6
0.1426435032188169
0.14189779327178717
0.13971426207328955
0.13616526958676556
0.13134418484564367
0.12536630164126358
0.11837008484802734
0.11051472741836409
0.10197756327912262
0.09294875142829837
0.08362642425496711
0.07420994887592874
0.06489412720586109
0.05586160508149877
0.047277562517467016
0.03928267626471531
0.03199009863610057
0.025480406744791052
0.019802085221627668
0.014968641716540672
0.010964284688244286
0.007742469389525708
0.005240352712588067
0.0033724786603530534
0.0020433519601918896
0.001149702125873145
0.000590648333132346
0.00026987556214415695
0.00010478391816260796
3.1312625887238224e-5
5.7671587893494205e-6
0.11337655402036838
0.11278039505740939
0.1110307122138945
0.10818167846759755
0.10430329665728288
0.09948446794686511
0.09383333339559162
0.08747717674218179
0.08055966263497193
0.07323757049703945
0.06567579126039266
0.05804221587455743
0.05050108396824795
0.043207554699825644
0.036300765336359814
0.02989979410656028
0.024097666484556933
0.018960234070929522
0.014522344943010614
0.01079066719510874
0.007742469389525708
0.0053336933357403665
0.0034984558901147186
0.0021633713216242445
0.0012428371253963258
0.0006508585927523004
0.0003018513399573586
0.00011904807680553666
3.6233541378916953e-5
6.843665972127627e-6
0.08829843448705436
0.08783261827111595
0.08646229180211772
0.08422534790955077
0.08117234447885448
0.07736857714664644
0.07289602944189509
0.0678531730691661
0.06235414346738914
0.05652560226415444
0.05050318138393776
0.044425961126679334
0.0384315037083103
0.032649323168033206
0.027196409525712714
0.02217089299097796
0.01764967592582767
0.013683512535387382
0.01029807286605696
0.0074916264950860515
0.005240352712588067
0.0034984558901147186
0.002207579044449726
0.001296737102755571
0.0006954033008101698
0.00032960480052093854
0.00013188960582095443
4.068361615351984e-5
7.808506133968301e-6
0.06723921223118529
0.06688494684693322
0.06583941402108452
0.06412744070175055
0.06178279702335564
0.058850995954596697
0.05539113634284629
0.051477179818398146
0.04719734997045596
0.04265227183713574
0.03795137666875846
0.03320876365106637
0.028537720632760933
0.024045955841631522
0.019829560232653632
0.015969559280347982
0.012526600639301212
0.009540446682273832
0.007026587924647897
0.004979639630648544
0.0033724786603530534
0.0021633713216242445
0.001296737102755571
0.0007128327123100642
0.00034742072890718475
0.00014298240344751644
4.4773568224410124e-5
8.69613191197139e-6
0.049945232613814644
0.04968408530749033
0.048910486875105234
0.047638660798929006
0.04588868513917994
0.04368937607734951
0.04108102322785885
0.03811689224410542
0.034863459204242386
0.03139872141855668
0.02780975161609629
0.02418855342184164
0.020627811661553704
0.017215336462746297
0.014029944662268843
0.011136074655931265
0.008581920368953187
0.0063955488861627795
0.004586608781104662
0.0031444433537209473
0.0020433519601918896
0.0012428371253963258
0.0006954033008101698
0.00034742072890718475
0.00014803156254065687
4.822599739878485e-5
9.593609929485498e-6
0.03609115313120701
0.03590571415115279
0.03535387627384748
0.03444154561849962
0.0331778863476423
0.03157856466875819
0.02966876961426168
0.0274849947414696
0.025075535800502497
0.022499626116017832
0.01982521492137035
0.017125771588420248
0.014475815372183759
0.01194656487333408
0.009600801940929927
0.0074897995863459094
0.005649319016107676
0.00409965359887504
0.0028433952349461566
0.0018688892325870376
0.001149702125873145
0.0006508585927523004
0.00032960480052093854
0.00014298240344751644
4.822599739878485e-5
1.0334637055179687e-5
0.025295202825815145
0.0251694610719811
0.024792756273420074
0.02416484651954202
0.02328689147364938
0.022164849107502386
0.020812268214378035
0.019252392380360774
0.01751895751295795
0.01565581676103823
0.013715271257531572
0.011755012792608098
0.009834434702289799
0.008009955109710802
0.006331279801414587
0.004837322680179464
0.0035548402197189614
0.0024959572447018764
0.0016600033271800692
0.0010326842046637038
0.000590648333132346
0.0003018513399573586
0.00013188960582095443
4.4773568224410124e-5
9.593609929485498e-6
0.017137178919177667
0.017056512308325025
0.01681260824803314
0.016401203989645396
0.015818295868816435
0.015063030422193913
0.014140599586484602
0.013064240724589466
0.011856524910908741
0.010549145230583422
0.00918161286450779
0.00779866810365642
0.006446623605403402
0.0051696689829061155
0.004005789629327618
0.0029844476157663558
0.0021238319853979517
0.0014311967537728814
0.0009018308346077532
0.0005221524219246675
0.00026987556214415695
0.00011904807680553666
4.068361615351984e-5
8.69613191197139e-6
0.011179196341612819
0.011130766445360464
0.01098250711687678
0.010728425042462172
0.010361545758587542
0.009876872301377591
0.009273982239471847
0.008559278688987914
0.00774709282260621
0.0068598328075897205
0.005926775173514988
0.004981777898987534
0.004060340545349709
0.0031959678516314534
0.002417415176293786
0.0017456834234145222
0.001193210138269939
0.0007624397752719175
0.0004475485887018341
0.00023447969442382964
0.00010478391816260796
3.6233541378916953e-5
7.808506133968301e-6
0.006991686945607561
0.00696505573834503
0.006881795338473188
0.006735707478232112
0.0065189508886777745
0.00622448766499134
0.005848819222842233
0.005393964700283265
0.004868670706485135
0.004288346121493386
0.003674142146621565
0.0030510417253623574
0.00244529331264743
0.0018818763661430369
0.0013815233228716241
0.0009591664500801978
0.0006220970780826811
0.0003704406289440807
0.00019686160890371534
8.92292670887606e-5
3.1312625887238224e-5
6.843665972127627e-6
0.004173179961189295
0.004160316466009355
0.0041184250918819216
0.00404167302965111
0.003922800784271765
0.0037546818629284905
0.0035326060762615793
0.0032562705300912633
0.002930693814091924
0.002566230098589184
0.0021776782966328834
0.001782789580450586
0.0014004506797995566
0.0010483825839663658
0.0007413469567307491
0.0004890703542980482
0.00029579631061420024
0.00015947208889531013
7.325674734513604e-5
2.605933143213529e-5
5.7671587893494205e-6
0.0023662974646612126
0.0023614320541549255
0.0023436734608068034
0.0023080247129290215
0.002248298615263539
0.0021585594695497368
0.0020344223158131917
0.0018746178105024797
0.0016818698405573044
0.0014628656596950224
0.0012275779949755708
0.0009881862689868957
0.0007576068183773926
0.0005480768647059011
0.00036935893333886016
0.000227754822641445
0.0001248857099931568
5.818229821892165e-5
2.0945114170219103e-5
4.6729296878196666e-6
0.0012698353977566728
0.001268973541081348
0.0012637019149671772
0.0012498659513221488
0.0012227550632565001
0.001177849187421661
0.0011119746988286054
0.0010239092010101197
0.0009150437833135354
0.0007894879982176479
0.0006536742086667096
0.0005155299167254247
0.00038356230085092853
0.0002656627811901524
0.00016812314778808331
9.439749064609516e-5
4.486755435579577e-5
1.6396380532581364e-5
3.685574553008482e-6
0.0006447674534717682
0.0006455322489928068
0.0006454117317191022
0.0006413817232825231
0.0006300283602154446
0.0006084187227920481
0.0005744927083968075
0.0005276498387293919
0.0004687036005771085
0.0004000744709091675
0.00032561436604667203
0.00025021022060638906
0.00017908551030606699
0.00011712732809254488
6.794176980570757e-5
3.3309743038348815e-5
1.250883769104739e-5
2.8650268330497534e-6
0.0003137717178378398
0.00031476441112400836
0.00031585853442592547
0.00031481301321484913
0.0003096099496697485
0.00029851114031060873
0.00028056978458397205
0.00025561649340821
0.00022442590508653685
0.00018841714575039057
0.0001497223973138664
0.00011104424493680809
7.537365907514611e-5
4.543427092714308e-5
2.316791190812205e-5
9.064139472393922e-6
2.1616930547294813e-6
0.0001533333285558602
0.00015403677468375158
0.00015446235819855763
0.00015327485896350081
0.00014934925290600393
0.0001420902725424139
0.00013123156199664686
0.00011707517526333355
0.0001002416509173533
8.170452451070504e-5
6.253840361869793e-5
4.403248835438193e-5
2.7631554805698416e-5
1.469382294821482e-5
6.0057457143760415e-6
1.4973165503797098e-6
8.287970168564949e-5
8.306102026129063e-5
8.239207048119471e-5
7.997764410981844e-5
7.556654322258203e-5
6.917473541172507e-5
6.119089840233606e-5
5.204613379449842e-5
4.233557119584972e-5
3.258879438962454e-5
2.3364182701932154e-5
1.5133164269375486e-5
8.392205880335997e-6
3.595283280744805e-6
9.391874556286467e-7
5.3658583763292846e-5
5.3456337550119e-5
5.178917699793305e-5
4.8324633432303477e-5
4.3176274510595165e-5
3.694032218152708e-5
3.0205222201346772e-5
2.358763741130169e-5
1.7459491767764145e-5
1.2112828047484525e-5
7.682762589533235e-6
4.275323699703981e-6
1.8982828395691397e-6
5.223271460548925e-7
4.0166623892733375e-5
3.9651709307976026e-5
3.747169996457776e-5
3.344627450384631e-5
2.810991745238426e-5
2.2171071651659766e-5
1.6445348844581937e-5
1.1418230036310575e-5
7.382220052225159e-6
4.339422061040501e-6
2.2329058166058723e-6
9.156627461037044e-7
2.4260383495949007e-7
3.108272756773383e-5
3.0483939795403387e-5
2.814740710386934e-5
2.4222987054613574e-5
1.924257141937071e-5
1.4094009351897182e-5
9.457451758069856e-6
5.8036631821700915e-6
3.190720655832019e-6
1.5279761354026623e-6
5.771480092238587e-7
1.4063030834639742e-7
2.3015168466970055e-5
2.2387261536864364e-5
2.0298310191083625e-5
1.685121409126896e-5
1.2722551689784152e-5
8.618574996813375e-6
5.214774271963085e-6
2.7497692718210374e-6
1.2369342457608416e-6
4.3072128371163497e-7
1.0049912424420805e-7
1.593551318005598e-5
1.5434258776076774e-5
1.3703391207658584e-5
1.1025706073130417e-5
7.872568863413366e-6
4.939100950808441e-6
2.6352679924478076e-6
1.1673068309914193e-6
3.8168786827034377e-7
8.268884859101999e-8
1.0258103989500461e-5
9.846213436641308e-6
8.610590315010966e-6
6.66857514454497e-6
4.520438470049118e-6
2.575283519575678e-6
1.2045744575648482e-6
4.092823377537257e-7
9.238427288187023e-8
6.023645213507532e-6
5.778243014866571e-6
4.931080187675403e-6
3.703244123087406e-6
2.3342216617526097e-6
1.2053436506465967e-6
4.496700991240096e-7
1.1204132798909214e-7
3.182446203225382e-6
3.011276613543505e-6
2.5451801515175713e-6
1.8116703853630993e-6
1.069124177322588e-6
4.550995585050405e-7
1.2862137233935552e-7
1.4308676298725074e-6
1.3700769015630823e-6
1.1101773513208727e-6
7.628706964863455e-7
3.8228760213017726e-7
1.296819986537618e-7
5.384332412179885e-7
4.950153579538137e-7
4.0431626851459287e-7
2.3677116733197722e-7
9.961972540566589e-8
1.526176120028847e-7
1.532852774175459e-7
1.0342597123389787e-7
5.636121963822458e-8
3.600268705842379e-8
2.6494814570059824e-8
2.3523941675873986e-8
3.216180970921691e-9
7.638232030700395e-9
2.262937067138907e-10
