1.0
0.9940759824427379
0.9771217622425974
0.9501209159302394
0.9141912084965339
0.8705535961383489
0.8204998263865597
0.7653611000579924
0.7064766584364442
0.645163924951726
0.5826905075499221
0.5202479189650396
0.45893036072371757
0.3997147809629891
0.3434487001159678
0.290837687646028
0.24244137643192634
0.1986677056955041
0.15977448866736
0.1258696229499081
0.09691910480627318
0.07275509339274508
0.05308997583686681
0.03753282905150499
0.025610980440079624
0.016796001284218043
0.010533912527379811
0.006283113054127706
0.00354332389721386
0.001878441647488251
0.0009325777777148427
0.00043567245619474334
0.00019841528050275776
9.724559923682232e-5
5.80901785141199e-5
4.185529222951486e-5
3.190872745342784e-5
2.3090986297801847e-5
1.550436566980242e-5
9.506259966460197e-6
5.260987867863454e-6
2.5146758629838158e-6
1.000668007431244e-6
2.981254993574562e-7
6.998470932703743e-8
6.713245595927589e-9
3.6747856741305467e-10
0.9940759824427379
0.9882943922002007
0.9715219423515437
0.9447379123886838
0.90905598050915
0.8656920548218626
0.8159332403045453
0.761105551310965
0.7025434358059341
0.6415596033173011
0.5794169986501677
0.5173035609501078
0.4563091202261573
0.3974082254309964
0.341444226724438
0.2891209400970238
0.2409938154664564
0.19746916462853278
0.1588012555423086
0.12509721852426284
0.09632137590177872
0.07230623765493478
0.052764485222191466
0.037306553519280757
0.025461782256517643
0.01670378008727778
0.010481238012948662
0.006256120051448585
0.003531665195445928
0.0018749990875980274
0.0009327127659088213
0.0004368794257790013
0.00019938432272241608
9.766950684635082e-5
5.789897350126678e-5
4.132126236196377e-5
3.1162104104653484e-5
2.239535976161103e-5
1.4883512837116108e-5
9.092163527974662e-6
4.96567741467514e-6
2.3865799171565826e-6
9.205527625063885e-7
2.899140321292146e-7
5.486392814414287e-8
1.2605333602614618e-8
0.9771217622425974
0.9715219423515437
0.9552805088433808
0.9291276437700903
0.8941641315903691
0.8515933512145057
0.8026883098164993
0.7487613510909383
0.6911327845955921
0.6311017388674133
0.5699184246124371
0.508758441974106
0.4487013745735144
0.3907110615884385
0.3356227706080743
0.284130559005769
0.2367827334378256
0.19397666416051082
0.1559610996412453
0.12283747222482767
0.09456823475305298
0.07098497684760594
0.0518022816673452
0.036634129352433806
0.0250148745851272
0.0164244244169378
0.010319147839780033
0.006170647847364648
0.0034924066496250686
0.001860701339562896
0.0009298643264104769
0.0004376596008721152
0.0002001697549349076
9.711255495972135e-5
5.6105938535087706e-5
3.872130150166692e-5
2.8427636422381487e-5
1.9892021312436542e-5
1.2944716695241877e-5
7.687155277579319e-6
4.127424481803707e-6
1.9021675604529935e-6
7.291032662654805e-7
1.9521842850123777e-7
4.2724360174765424e-8
0.9501209159302394
0.9447379123886838
0.9291276437700903
0.9039931411612897
0.8701871007394169
0.8288917356551719
0.781359516090881
0.7288805194750381
0.6727533306574307
0.6142553433124069
0.5546159084430614
0.4949914099608895
0.43644298591647
0.3799187716925013
0.32623807402784016
0.2760818810756924
0.22998430926039654
0.1883320073383462
0.15136284679457454
0.11917182663901309
0.09171658625574824
0.06882853820856824
0.0502246896156587
0.0355245320178395
0.02427027887300503
0.01595223182530723
0.010039622833490055
0.006018563945116098
0.0034181115880948876
0.001829440348656635
0.0009192219599942088
0.00043479329749609443
0.000198587318091657
9.448781833729106e-5
5.210495411030445e-5
3.405314814933762e-5
2.3798307201427198e-5
1.5967528393851983e-5
9.919859171085682e-6
5.65683183600439e-6
2.8588978036073472e-6
1.2572328676685037e-6
4.1443682218059384e-7
9.843353499673915e-8
0.9141912084965339
0.90905598050915
0.8941641315903691
0.8701871007394169
0.8379384959780513
0.798358168033826
0.7526700179890368
0.7021363735356501
0.6480265650793285
0.5915894451604468
0.5340264659285301
0.47646729570744745
0.419948640234232
0.36539522082768744
0.31360608694375774
0.2652422129578951
0.22082143058679693
0.18071446374138375
0.1451477098211858
0.11420622460070513
0.08784298755863308
0.06588815431847286
0.04806239327441753
0.03399221020486326
0.023230671427633864
0.015282433372908258
0.00963372710930149
0.005789894008322048
0.003299841620305994
0.001773953833788558
0.000895669254718912
0.00042492654713943077
0.00019302485082874828
8.918655673206362e-5
4.6209379602316687e-5
2.7905013672643128e-5
1.8198783092865412e-5
1.1383394565135951e-5
6.617091601846848e-6
3.46906161659253e-6
1.6143168748753191e-6
5.994462519479866e-7
1.6202278922444888e-7
0.8705535961383489
0.8656920548218626
0.8515933512145057
0.8288917356551719
0.798358168033826
0.7608833593909665
0.7174587025185563
0.6693115375896117
0.6176772132014924
0.5637695280251683
0.5087558310215391
0.45373290622574286
0.3997060127946777
0.3475712375635413
0.29810054449529994
0.2519319058722463
0.20956170428764864
0.17134389533118077
0.1374899660913812
0.1080752866003709
0.08304647804761339
0.0622331373963653
0.045359711667213296
0.032061893816857354
0.021906420578905985
0.01441543783888723
0.009095976800847352
0.005476391906252395
0.0031294085992361496
0.0016878285987527964
0.0008547040732664813
0.00040554527101410183
0.00018232704312987216
8.12771314888122e-5
3.900561249055229e-5
2.1335280933516537e-5
1.2611337466182867e-5
7.161344903064701e-6
3.711147440117712e-6
1.728109392172547e-6
6.516163264084838e-7
1.875580638765318e-7
0.8204998263865597
0.8159332403045453
0.8026883098164993
0.781359516090881
0.7526700179890368
0.7174587025185563
0.6766597789914622
0.631281046929728
0.582517442639416
0.5315435027226122
0.47948675635024
0.4274053335746864
0.3762676488149741
0.3269349259059488
0.28014821622106034
0.23651729137134472
0.19651550888065897
0.1604766117198891
0.1285973077780619
0.10094162111346083
0.07745064062109192
0.057952920127673314
0.04217812179619899
0.02977264437381074
0.020319394603883253
0.013360905531171077
0.008427975224169867
0.0050753684765686684
0.002902464271693297
0.0015670820449681401
0.0007937705502831381
0.00037526505208906706
0.00016624675767834324
7.106664457204762e-5
3.132792910474439e-5
1.5166402841748073e-5
7.917306801589263e-6
3.883960929947798e-6
1.7120003880087683e-6
6.230425677089853e-7
1.7231289839528231e-7
0.7653611000579924
0.761105551310965
0.7487613510909383
0.7288805194750381
0.7021363735356501
0.6693115375896117
0.631281046929728
0.5889893153970603
0.5434267122419748
0.4957228085168409
0.4469614213182554
0.3981570226829819
0.35023609925290256
0.30402097529306915
0.2602169823650958
0.21940340980113465
0.18202701864512094
0.14840096740711772
0.11870548873595414
0.09299412982670566
0.07120199071186827
0.053157906850357546
0.03859750250948452
0.02717974554009467
0.018505497704848627
0.012140215633914719
0.007641283564737931
0.004592121551760062
0.0026208684035452065
0.0014119163725028938
0.0007127215006448692
0.0003343614554691601
0.00014522845970260344
5.926802797245193e-5
2.3775043310493228e-5
9.993805213320094e-6
4.421348438127298e-6
1.7798871846711571e-6
5.8032971682614e-7
1.4849228176357941e-7
0.7064766584364442
0.7025434358059341
0.6911327845955921
0.6727533306574307
0.6480265650793285
0.6176772132014924
0.582517442639416
0.5434267122419748
0.5013273506818822
0.45716032993589917
0.41196088633959166
0.36669644051293926
0.32224781954009274
0.27939459997504207
0.2388038625948733
0.20102108716726422
0.16646555898792076
0.13542798246862836
0.10807271915262433
0.08444232195785287
0.06446725571166415
0.04797717978211855
0.0347153835875092
0.024354378461416634
0.016514993542260357
0.01078759949453545
0.006758323205012078
0.00404093593862404
0.002293329687611183
0.0012274014594656293
0.0006143714286662694
0.0002844599294272095
0.00012050778645044069
4.665224045272486e-5
1.6877152803418154e-5
5.974225415486623e-6
2.140894219115837e-6
6.262546026898719e-7
1.2800648540526257e-7
0.645163924951726
0.6415596033173011
0.6311017388674133
0.6142553433124069
0.5915894451604468
0.5637695280251683
0.5315435027226122
0.4957228085168409
0.45716032993589917
0.41672576360746266
0.37528252176674187
0.33374760160056577
0.29295370882198835
0.2536353773648723
0.21641886872165797
0.1818147434910357
0.15021305751478528
0.12188236732725735
0.09697043918010585
0.07551003217597652
0.0574272744281756
0.042554458385387614
0.030643178139228375
0.021381301040276628
0.014410825255080695
0.009348884433222708
0.005811631036186296
0.003444205912763109
0.0019347480686006373
0.001023010703611364
0.0005043365652743674
0.0002286618319406208
9.369138140269118e-5
3.41182896172727e-5
1.0939308150365982e-5
3.123576416316323e-6
8.167397533558246e-7
1.457257030464932e-7
0.5826905075499221
0.5794169986501677
0.5699184246124371
0.5546159084430614
0.5340264659285301
0.5087558310215391
0.47948675635024
0.4469614213182554
0.41196088633959166
0.37528252176674187
0.33771747645329053
0.3000291399155995
0.2630004597991794
0.2273193611272105
0.19357040732881897
0.1622279956395071
0.13365304620334376
0.10809128183634986
0.08567486878100589
0.06642672939271474
0.05027052648942352
0.03704145930159979
0.02650140154402157
0.018354320867166624
0.012265105522408155
0.007878305934709466
0.004841138312376364
0.002830272691149917
0.001564490740339458
0.0008113049186478368
0.0003903419200410171
0.00017126503958369988
6.685966918732437e-5
2.24911717801068e-5
6.212961986251772e-6
1.3022012230854748e-6
1.9971507611348698e-7
0.5202479189650396
0.5173035609501078
0.508758441974106
0.4949914099608895
0.47646729570744745
0.45373290622574286
0.4274053335746864
0.3981570226829819
0.36669644051293926
0.33374760160056577
0.3000291399155995
0.26623410008822496
0.2330113297420116
0.20100227098652584
0.1707490744226124
0.14269030304195024
0.11715734228217804
0.09437380172858563
0.0744560633307833
0.05741908801814558
0.043183909286128155
0.03159087972901357
0.02241241847706526
0.015370617639525309
0.010153419369068136
0.006433830342270453
0.0038898719932746267
0.0022302211250405956
0.0012038639582765361
0.0006063077321583081
0.00028100715660742424
0.00011719960983704061
4.244567841936921e-5
1.2657841767757079e-5
2.8118470681488364e-6
3.482499737675967e-7
0.45893036072371757
0.4563091202261573
0.4487013745735144
0.43644298591647
0.419948640234232
0.3997060127946777
0.3762676488149741
0.35023609925290256
0.32224781954009274
0.29295370882198835
0.2630004597991794
0.2330113297420116
0.20356970568062807
0.1752034078141056
0.14841381241913998
0.12360327335018187
0.1010745907498935
0.08102904357708134
0.06356884487021186
0.04870054885180205
0.036345063478420904
0.02634762659572006
0.018493762771493116
0.012523338726737072
0.008148865838968516
0.00507112218324138
0.0029994850681944406
0.001673761895005598
0.0008734994327518026
0.00042138114261890244
0.00018458377884852145
7.11067962424917e-5
2.2788167088961498e-5
5.48989363151255e-6
7.813387055569103e-7
0.3997147809629891
0.3974082254309964
0.3907110615884385
0.3799187716925013
0.36539522082768744
0.3475712375635413
0.3269349259059488
0.30402097529306915
0.27939459997504207
0.2536353773648723
0.2273193611272105
0.20100227098652584
0.1752034078141056
0.15039271636017595
0.12697833715520737
0.10532896208338922
0.08571808018507157
0.06832646432201246
0.053241399889919265
0.04046338239262074
0.029912511630414407
0.02144202682363783
0.01484965664145173
0.009895390769032099
0.006315127419396918
0.003838559689213359
0.0022050438682721953
0.0011859634303536455
0.0005901204003169853
0.00026736909893685415
0.00010739025637947493
3.641667240221854e-5
9.390541468554572e-6
1.4402527507115917e-6
0.3434487001159678
0.341444226724438
0.3356227706080743
0.32623807402784016
0.31360608694375774
0.29810054449529994
0.28014821622106034
0.2602169823650958
0.2388038625948733
0.21641886872165797
0.19357040732881897
0.1707490744226124
0.14841381241913998
0.12697833715520737
0.1068019266421354
0.08817896548631286
0.07135726577037002
0.05649533649638681
0.0436681129218262
0.03286881770217312
0.024019879626274596
0.01698118643645979
0.011565919293985363
0.00755245079937993
0.004702261660511636
0.0027720767713066948
0.0015321952023528336
0.0007836817844224039
0.00036468116198168544
0.00015046204429146207
5.27318470657056e-5
1.4274518845372837e-5
2.345607954093483e-6
0.290837687646028
0.2891209400970238
0.284130559005769
0.2760818810756924
0.2652422129578951
0.2519319058722463
0.23651729137134472
0.21940340980113465
0.20102108716726422
0.1818147434910357
0.1622279956395071
0.14269030304195024
0.12360327335018187
0.10532896208338922
0.08817896548631286
0.07240871313232816
0.05820852549679998
0.045719199626261156
0.035000742484675926
0.026042558812898714
0.018767434365383574
0.013045441644069709
0.008703014707886435
0.005540285356534577
0.0033418459829310998
0.0018935069476934958
0.0009940175033326735
0.0004746256873245815
0.0002004326745636123
7.16748518929524e-5
1.9824582806937075e-5
3.3864569138305903e-6
0.24244137643192634
0.2409938154664564
0.2367827334378256
0.22998430926039654
0.22082143058679693
0.20956170428764864
0.19651550888065897
0.18202701864512094
0.16646555898792076
0.15021305751478528
0.13365304620334376
0.11715734228217804
0.1010745907498935
0.08571808018507157
0.07135726577037002
0.05820852549679998
0.04643293234152288
0.03612858897580703
0.027346211045002747
0.02006787271995128
0.014220692168744845
0.009682098402900923
0.006295707501827536
0.0038804279812775567
0.002247323729448751
0.0012081805246607286
0.0005916774469925594
0.00025617087731916936
9.361142801586801e-5
2.628361734011101e-5
4.531170161053659e-6
0.1986677056955041
0.19746916462853278
0.19397666416051082
0.1883320073383462
0.18071446374138375
0.17134389533118077
0.1604766117198891
0.14840096740711772
0.13542798246862836
0.12188236732725735
0.10809128183634986
0.09437380172858563
0.08102904357708134
0.06832646432201246
0.05649533649638681
0.045719199626261156
0.03612858897580703
0.02780214497507544
0.020761132504643502
0.014986618185280137
0.010405635406746654
0.0069074677385959965
0.004349300609348109
0.002572937695258253
0.0014122096462545939
0.0007075965416443751
0.00031406066014538975
0.00011773780427063742
3.3800066527064986e-5
5.9191676628994836e-6
0.15977448866736
0.1588012555423086
0.1559610996412453
0.15136284679457454
0.1451477098211858
0.1374899660913812
0.1285973077780619
0.11870548873595414
0.10807271915262433
0.09697043918010585
0.08567486878100589
0.0744560633307833
0.06356884487021186
0.053241399889919265
0.0436681129218262
0.035000742484675926
0.027346211045002747
0.020761132504643502
0.015256753588293146
0.010796265654795936
0.007313570038240084
0.00470463658998021
0.0028450501343582043
0.0015951309577024483
0.0008150116984032066
0.00036960816595490244
0.0001420123510180455
4.1871504790264214e-5
7.541873970596662e-6
0.1258696229499081
0.12509721852426284
0.12283747222482767
0.11917182663901309
0.11420622460070513
0.1080752866003709
0.10094162111346083
0.09299412982670566
0.08444232195785287
0.07551003217597652
0.06642672939271474
0.05741908801814558
0.04870054885180205
0.04046338239262074
0.03286881770217312
0.026042558812898714
0.02006787271995128
0.014986618185280137
0.010796265654795936
0.007458892337296875
0.004900756540993079
0.003031826643907417
0.0017401974394703576
0.0009090604678511036
0.00041985443106932677
0.00016455084714137247
4.9657467572619554e-5
9.224839791236826e-6
0.09691910480627318
0.09632137590177872
0.09456823475305298
0.09171658625574824
0.08784298755863308
0.08304647804761339
0.07745064062109192
0.07120199071186827
0.06446725571166415
0.0574272744281756
0.05027052648942352
0.043183909286128155
0.036345063478420904
0.029912511630414407
0.024019879626274596
0.018767434365383574
0.014220692168744845
0.010405635406746654
0.007313570038240084
0.004900756540993079
0.0031004514209708282
0.0018237874135629383
0.0009781102277044028
0.000462998116346104
0.0001846604499365158
5.669978882252012e-5
1.0763023325899658e-5
0.07275509339274508
0.07230623765493478
0.07098497684760594
0.06882853820856824
0.06588815431847286
0.0622331373963653
0.057952920127673314
0.053157906850357546
0.04797717978211855
0.042554458385387614
0.03704145930159979
0.03159087972901357
0.02634762659572006
0.02144202682363783
0.01698118643645979
0.013045441644069709
0.009682098402900923
0.0069074677385959965
0.00470463658998021
0.003031826643907417
0.0018237874135629383
0.0010049619707282118
0.0004904106381111001
0.00020172663881668594
6.304315614164528e-5
1.2151912347545666e-5
0.05308997583686681
0.052764485222191466
0.0518022816673452
0.0502246896156587
0.04806239327441753
0.045359711667213296
0.04217812179619899
0.03859750250948452
0.0347153835875092
0.030643178139228375
0.02650140154402157
0.02241241847706526
0.018493762771493116
0.01484965664145173
0.011565919293985363
0.008703014707886435
0.006295707501827536
0.004349300609348109
0.0028450501343582043
0.0017401974394703576
0.0009781102277044028
0.0004904106381111001
0.00020940319143431403
6.828741392319255e-5
1.3511752230574571e-5
0.03753282905150499
0.037306553519280757
0.036634129352433806
0.0355245320178395
0.03399221020486326
0.032061893816857354
0.02977264437381074
0.02717974554009467
0.024354378461416634
0.021381301040276628
0.018354320867166624
0.015370617639525309
0.012523338726737072
0.009895390769032099
0.00755245079937993
0.005540285356534577
0.0038804279812775567
0.002572937695258253
0.0015951309577024483
0.0009090604678511036
0.000462998116346104
0.00020172663881668594
6.828741392319255e-5
1.4609715318767315e-5
0.025610980440079624
0.025461782256517643
0.0250148745851272
0.02427027887300503
0.023230671427633864
0.021906420578905985
0.020319394603883253
0.018505497704848627
0.016514993542260357
0.014410825255080695
0.012265105522408155
0.010153419369068136
0.008148865838968516
0.006315127419396918
0.004702261660511636
0.0033418459829310998
0.002247323729448751
0.0014122096462545939
0.0008150116984032066
0.00041985443106932677
0.0001846604499365158
6.304315614164528e-5
1.3511752230574571e-5
0.016796001284218043
0.01670378008727778
0.0164244244169378
0.01595223182530723
0.015282433372908258
0.01441543783888723
0.013360905531171077
0.012140215633914719
0.01078759949453545
0.009348884433222708
0.007878305934709466
0.006433830342270453
0.00507112218324138
0.003838559689213359
0.0027720767713066948
0.0018935069476934958
0.0012081805246607286
0.0007075965416443751
0.00036960816595490244
0.00016455084714137247
5.669978882252012e-5
1.2151912347545666e-5
0.010533912527379811
0.010481238012948662
0.010319147839780033
0.010039622833490055
0.00963372710930149
0.009095976800847352
0.008427975224169867
0.007641283564737931
0.006758323205012078
0.005811631036186296
0.004841138312376364
0.0038898719932746267
0.0029994850681944406
0.0022050438682721953
0.0015321952023528336
0.0009940175033326735
0.0005916774469925594
0.00031406066014538975
0.0001420123510180455
4.9657467572619554e-5
1.0763023325899658e-5
0.006283113054127706
0.006256120051448585
0.006170647847364648
0.006018563945116098
0.005789894008322048
0.005476391906252395
0.0050753684765686684
0.004592121551760062
0.00404093593862404
0.003444205912763109
0.002830272691149917
0.0022302211250405956
0.001673761895005598
0.0011859634303536455
0.0007836817844224039
0.0004746256873245815
0.00025617087731916936
0.00011773780427063742
4.1871504790264214e-5
9.224839791236826e-6
0.00354332389721386
0.003531665195445928
0.0034924066496250686
0.0034181115880948876
0.003299841620305994
0.0031294085992361496
0.002902464271693297
0.0026208684035452065
0.002293329687611183
0.0019347480686006373
0.001564490740339458
0.0012038639582765361
0.0008734994327518026
0.0005901204003169853
0.00036468116198168544
0.0002004326745636123
9.361142801586801e-5
3.3800066527064986e-5
7.541873970596662e-6
0.001878441647488251
0.0018749990875980274
0.001860701339562896
0.001829440348656635
0.001773953833788558
0.0016878285987527964
0.0015670820449681401
0.0014119163725028938
0.0012274014594656293
0.001023010703611364
0.0008113049186478368
0.0006063077321583081
0.00042138114261890244
0.00026736909893685415
0.00015046204429146207
7.16748518929524e-5
2.628361734011101e-5
5.9191676628994836e-6
0.0009325777777148427
0.0009327127659088213
0.0009298643264104769
0.0009192219599942088
0.000895669254718912
0.0008547040732664813
0.0007937705502831381
0.0007127215006448692
0.0006143714286662694
0.0005043365652743674
0.0003903419200410171
0.00028100715660742424
0.00018458377884852145
0.00010739025637947493
5.27318470657056e-5
1.9824582806937075e-5
4.531170161053659e-6
0.00043567245619474334
0.0004368794257790013
0.0004376596008721152
0.00043479329749609443
0.00042492654713943077
0.00040554527101410183
0.00037526505208906706
0.0003343614554691601
0.0002844599294272095
0.0002286618319406208
0.00017126503958369988
0.00011719960983704061
7.11067962424917e-5
3.641667240221854e-5
1.4274518845372837e-5
3.3864569138305903e-6
0.00019841528050275776
0.00019938432272241608
0.0002001697549349076
0.000198587318091657
0.00019302485082874828
0.00018232704312987216
0.00016624675767834324
0.00014522845970260344
0.00012050778645044069
9.369138140269118e-5
6.685966918732437e-5
4.244567841936921e-5
2.2788167088961498e-5
9.390541468554572e-6
2.345607954093483e-6
9.724559923682232e-5
9.766950684635082e-5
9.711255495972135e-5
9.448781833729106e-5
8.918655673206362e-5
8.12771314888122e-5
7.106664457204762e-5
5.926802797245193e-5
4.665224045272486e-5
3.41182896172727e-5
2.24911717801068e-5
1.2657841767757079e-5
5.48989363151255e-6
1.4402527507115917e-6
5.80901785141199e-5
5.789897350126678e-5
5.6105938535087706e-5
5.210495411030445e-5
4.6209379602316687e-5
3.900561249055229e-5
3.132792910474439e-5
2.3775043310493228e-5
1.6877152803418154e-5
1.0939308150365982e-5
6.212961986251772e-6
2.8118470681488364e-6
7.813387055569103e-7
4.185529222951486e-5
4.132126236196377e-5
3.872130150166692e-5
3.405314814933762e-5
2.7905013672643128e-5
2.1335280933516537e-5
1.5166402841748073e-5
9.993805213320094e-6
5.974225415486623e-6
3.123576416316323e-6
1.3022012230854748e-6
3.482499737675967e-7
3.190872745342784e-5
3.1162104104653484e-5
2.8427636422381487e-5
2.3798307201427198e-5
1.8198783092865412e-5
1.2611337466182867e-5
7.917306801589263e-6
4.421348438127298e-6
2.140894219115837e-6
8.167397533558246e-7
1.9971507611348698e-7
2.3090986297801847e-5
2.239535976161103e-5
1.9892021312436542e-5
1.5967528393851983e-5
1.1383394565135951e-5
7.161344903064701e-6
3.883960929947798e-6
1.7798871846711571e-6
6.262546026898719e-7
1.457257030464932e-7
1.550436566980242e-5
1.4883512837116108e-5
1.2944716695241877e-5
9.919859171085682e-6
6.617091601846848e-6
3.711147440117712e-6
1.7120003880087683e-6
5.8032971682614e-7
1.2800648540526257e-7
9.506259966460197e-6
9.092163527974662e-6
7.687155277579319e-6
5.65683183600439e-6
3.46906161659253e-6
1.728109392172547e-6
6.230425677089853e-7
1.4849228176357941e-7
5.260987867863454e-6
4.96567741467514e-6
4.127424481803707e-6
2.8588978036073472e-6
1.6143168748753191e-6
6.516163264084838e-7
1.7231289839528231e-7
2.5146758629838158e-6
2.3865799171565826e-6
1.9021675604529935e-6
1.2572328676685037e-6
5.994462519479866e-7
1.875580638765318e-7
1.000668007431244e-6
9.205527625063885e-7
7.291032662654805e-7
4.1443682218059384e-7
1.6202278922444888e-7
2.981254993574562e-7
2.899140321292146e-7
1.9521842850123777e-7
9.843353499673915e-8
6.998470932703743e-8
5.486392814414287e-8
4.2724360174765424e-8
6.713245595927589e-9
1.2605333602614618e-8
3.6747856741305467e-10
