1.0
0.9754121524530943
0.9093042261490833
0.8116622626397316
0.6936466667174468
0.5665078522912745
0.4405483546903416
0.32432297814069727
0.22408447713625618
0.1435269794509885
0.0837518836377291
0.043466360226446316
0.01941358936043031
0.007127126852238473
0.0020204316041461403
0.00041246906178976455
8.135043675535868e-5
3.904248721394663e-5
2.0098009623889054e-5
6.419289898640243e-6
1.1256564784667543e-6
1.9607473640913265e-10
0.9754121524530943
0.9522266470177554
0.8881135263017097
0.7929073447207381
0.6776014610674976
0.5532674820433787
0.4300689316723596
0.3164296791492199
0.218498308108612
0.13987174895161347
0.08158889789252036
0.042348266937686015
0.018948654309053545
0.006989869841244816
0.0020004638847809625
0.00041813570720225523
8.235374108540057e-5
3.713318784540938e-5
1.6985247430085414e-5
5.03351779083731e-6
6.532937114841403e-7
0.9093042261490833
0.8881135263017097
0.8295256541385371
0.7410315259505901
0.6331763959732991
0.5165889398810484
0.40100393787090977
0.2944914928549034
0.20289439407715235
0.12957111303721697
0.07540931722877482
0.039095122099764276
0.017526555130369773
0.006519779166362255
0.0018982350040494035
0.00040548934003862625
7.521215425473683e-5
2.6030949419709287e-5
9.33409685635792e-6
1.9285745972973104e-6
0.8116622626397316
0.7929073447207381
0.7410315259505901
0.6626729375917207
0.5660700720488676
0.46118265649470563
0.3571098103125029
0.261339026187972
0.17925068263902938
0.11386554591398847
0.06588244030661312
0.033963375719968616
0.01517032641388797
0.00564501854119598
0.0016544504517980428
0.00035204204004101505
5.587572563585948e-5
1.2613028820771996e-5
2.5112465096691863e-6
0.6936466667174468
0.6776014610674976
0.6331763959732991
0.5660700720488676
0.4834047460038885
0.39300585883954553
0.3031586932821619
0.2206219918999879
0.1501906342990878
0.09449372244234432
0.054030151018447686
0.02745796086740211
0.012061523595302192
0.0044010146772893
0.0012572655499029366
0.00025520706273221317
3.231852155557544e-5
3.3186356583195295e-6
0.5665078522912745
0.5532674820433787
0.5165889398810484
0.46118265649470563
0.39300585883954553
0.31862689207769784
0.24445863832848402
0.1764414879334344
0.11872930409824556
0.0735410904229062
0.04118198426455665
0.02035502449215277
0.008608325541972314
0.0029768400587394514
0.0007843429159657492
0.00013776622420768225
1.0712224600457814e-5
0.4405483546903416
0.4300689316723596
0.40100393787090977
0.3571098103125029
0.3031586932821619
0.24445863832848402
0.1861941900093453
0.13283172215989406
0.08788144932326644
0.053144525918443736
0.028782616767228725
0.013561524234520186
0.00535062822683676
0.0016569380255901068
0.00036301852176890076
3.996929668563327e-5
0.32432297814069727
0.3164296791492199
0.2944914928549034
0.261339026187972
0.2206219918999879
0.1764414879334344
0.13283172215989406
0.09326153697471173
0.06023213755072817
0.03517024323269769
0.018088072579841817
0.007891299353764895
0.002754903613717149
0.0006918696918429841
9.137756794349534e-5
0.22408447713625618
0.218498308108612
0.20289439407715235
0.17925068263902938
0.1501906342990878
0.11872930409824556
0.08788144932326644
0.06023213755072817
0.03761266382593025
0.020870613827751124
0.009931562554695688
0.0038140518665728844
0.0010724789113877098
0.00016154654041427227
0.1435269794509885
0.13987174895161347
0.12957111303721697
0.11386554591398847
0.09449372244234432
0.0735410904229062
0.053144525918443736
0.03517024323269769
0.020870613827751124
0.010750700079122861
0.004524338477930568
0.0013979130578965172
0.00023628621995019144
0.0837518836377291
0.08158889789252036
0.07540931722877482
0.06588244030661312
0.054030151018447686
0.04118198426455665
0.028782616767228725
0.018088072579841817
0.009931562554695688
0.004524338477930568
0.0015494670662007653
0.00029226425903602704
0.043466360226446316
0.042348266937686015
0.039095122099764276
0.033963375719968616
0.02745796086740211
0.02035502449215277
0.013561524234520186
0.007891299353764895
0.0038140518665728844
0.0013979130578965172
0.00029226425903602704
0.01941358936043031
0.018948654309053545
0.017526555130369773
0.01517032641388797
0.012061523595302192
0.008608325541972314
0.00535062822683676
0.002754903613717149
0.0010724789113877098
0.00023628621995019144
0.007127126852238473
0.006989869841244816
0.006519779166362255
0.00564501854119598
0.0044010146772893
0.0029768400587394514
0.0016569380255901068
0.0006918696918429841
0.00016154654041427227
0.0020204316041461403
0.0020004638847809625
0.0018982350040494035
0.0016544504517980428
0.0012572655499029366
0.0007843429159657492
0.00036301852176890076
9.137756794349534e-5
0.00041246906178976455
0.00041813570720225523
0.00040548934003862625
0.00035204204004101505
0.00025520706273221317
0.00013776622420768225
3.996929668563327e-5
8.135043675535868e-5
8.235374108540057e-5
7.521215425473683e-5
5.587572563585948e-5
3.231852155557544e-5
1.0712224600457814e-5
3.904248721394663e-5
3.713318784540938e-5
2.6030949419709287e-5
1.2613028820771996e-5
3.3186356583195295e-6
2.0098009623889054e-5
1.6985247430085414e-5
9.33409685635792e-6
2.5112465096691863e-6
6.419289898640243e-6
5.03351779083731e-6
1.9285745972973104e-6
1.1256564784667543e-6
6.532937114841403e-7
1.9607473640913265e-10
