1.0
0.9869623536239925
0.9506570351961251
0.8946255271465288
0.8229126002162694
0.7398369777823147
0.6497660853161474
0.5569006627062217
0.4650902572040377
0.37767000284344454
0.29735632651708643
0.22616464724899413
0.16538761946128014
0.11558193616942546
0.0766104386004032
0.04770800183767622
0.027591262586877392
0.014614335849008734
0.006967292383660452
0.002930336984313007
0.0010664064284304495
0.0003373730508338991
0.00010931090182283753
5.357972195839762e-5
3.654394504317208e-5
2.3091356266580117e-5
1.2276197955620926e-5
5.29961365472546e-6
1.5934877433645513e-6
2.5637829562858286e-7
2.374713470352231e-10
0.9869623536239925
0.9744249294600903
0.9387997004825008
0.8835977588059271
0.812829436824531
0.7307783821271989
0.6417762295651157
0.549993419606427
0.45924731230574684
0.3728522530541448
0.29349694101157076
0.223180713945938
0.16317139511668233
0.114015702797971
0.07556774403162644
0.04706447257215232
0.027233069066046247
0.014441067700969944
0.006898737400486862
0.002911669468593485
0.0010658987672867001
0.0003402664759888726
0.00011056101728171808
5.2981967745933424e-5
3.4953767379942565e-5
2.1529044788475964e-5
1.1134759070868053e-5
4.7155322268153054e-6
1.349848193735386e-6
2.3275064879794618e-7
0.9506570351961251
0.9387997004825008
0.9051179488913899
0.8522721185655601
0.7841806915361008
0.7050319243553659
0.6190623477930116
0.5303487341232931
0.442627330656916
0.35913432080569235
0.2824970107982682
0.2146501500877683
0.15681493631068796
0.10949729061054311
0.07253684817149132
0.0451747105913149
0.02616187439729726
0.01390670647448571
0.006674275148718152
0.002838559404023459
0.0010511877102639899
0.0003393752424109462
0.00010844458446500587
4.757800516802448e-5
2.860552182454345e-5
1.6160823401029425e-5
7.711604294847356e-6
2.8577075493988076e-6
7.06516942241125e-7
0.8946255271465288
0.8835977588059271
0.8522721185655601
0.8031246083716228
0.7392276942340652
0.6646254535346685
0.5834082363082952
0.4995107722613847
0.41653283331476304
0.33759162443012003
0.26520312151650555
0.20121460140758293
0.14676878156015838
0.10232210052554792
0.06768728595051561
0.04211446904178185
0.0243911053557897
0.012989307431305037
0.006262426862338156
0.0026841336612466234
0.001003922924768203
0.0003255036079434028
9.950431741522942e-5
3.781957164495801e-5
1.9250737786142683e-5
9.326234447354507e-6
3.5977713952904846e-6
1.0183376851619432e-6
0.8229126002162694
0.812829436824531
0.7841806915361008
0.7392276942340652
0.6807885265943182
0.6120990101897725
0.5370637323428611
0.4594317047769992
0.38262566290463984
0.3095960013086799
0.2427180072330575
0.1837173636359049
0.133649410912439
0.09290653192114992
0.06127643987370424
0.03801813872332595
0.021969977302585902
0.011689177128434817
0.005640757389331992
0.0024251163145591883
0.0009099752817336365
0.0002924696283640998
8.383946163188434e-5
2.6246210079994466e-5
1.053416562656456e-5
3.816080678594172e-6
9.971744606924599e-7
0.7398369777823147
0.7307783821271989
0.7050319243553659
0.6646254535346685
0.6120990101897725
0.5503851006569804
0.48263900968421763
0.41239142784901067
0.3428507557310557
0.27677097423757374
0.2163532817259515
0.16318747703321285
0.11822485366829089
0.08179676602274513
0.05366371916895945
0.03310280237512092
0.019012722075713268
0.010053726185869414
0.00482178242439771
0.0020596492087566667
0.0007659778460475527
0.00024050206150042373
6.32038022091151e-5
1.56240273617308e-5
4.386054996436331e-6
9.512665434142479e-7
0.6497660853161474
0.6417762295651157
0.6190623477930116
0.5834082363082952
0.5370637323428611
0.48263900968421763
0.4229531110735194
0.3608578262708129
0.2993253147035491
0.2408878929939038
0.18755763725986033
0.14077151566182505
0.10137657063430511
0.06963938254149413
0.04530278191640296
0.027667344992640588
0.015704962328832953
0.008189639935976217
0.0038625886847252103
0.0016159913274224839
0.0005844473958541446
0.00017501133707746
4.0994411185582654e-5
7.363280141742186e-6
1.1245980218876195e-6
0.5569006627062217
0.549993419606427
0.5303487341232931
0.4995107722613847
0.4594317047769992
0.41239142784901067
0.3608578262708129
0.30733294958463175
0.2541969909981328
0.20375329960026692
0.15781306689057892
0.11765945661732202
0.08403074024708387
0.057136085984120434
0.03670341355823234
0.02206980071485336
0.012286504011908743
0.0062524492983980825
0.002857148129750392
0.0011468821382784255
0.0003914324838812532
0.00010671743511295028
2.0759230833128154e-5
2.1208857241280813e-6
0.4650902572040377
0.45924731230574684
0.442627330656916
0.41653283331476304
0.38262566290463984
0.3428507557310557
0.2993253147035491
0.2541969909981328
0.20951225377020313
0.16708758609726615
0.1285401045045271
0.09499618565007271
0.06709174869216945
0.04497889186160646
0.028383438769696078
0.01668220404365855
0.009018127295647495
0.004415241075202447
0.001915124680814923
0.0007142729091822832
0.0002185949694010055
4.9398284142597706e-5
6.111862513417948e-6
0.37767000284344454
0.3728522530541448
0.35913432080569235
0.33759162443012003
0.3095960013086799
0.27677097423757374
0.2408878929939038
0.20375329960026692
0.16708758609726615
0.1324204468331647
0.10099673531509544
0.07379999939245516
0.0513612359159609
0.03378808268357513
0.02080423889460968
0.011841238954107634
0.006132259112438845
0.002833001281988168
0.0011306654993853632
0.00037188945291847115
9.227678714569034e-5
1.3334187241082056e-5
0.29735632651708643
0.29349694101157076
0.2824970107982682
0.26520312151650555
0.2427180072330575
0.2163532817259515
0.18755763725986033
0.15781306689057892
0.1285401045045271
0.10099673531509544
0.07620503063373665
0.05488361773457237
0.03747780444375642
0.024044745143691044
0.014322855488619515
0.007794584144405676
0.0037957753534978767
0.0016063409804550311
0.0005611610860346764
0.00014720077275477285
2.273722277048873e-5
0.22616464724899413
0.223180713945938
0.2146501500877683
0.20121460140758293
0.1837173636359049
0.16318747703321285
0.14077151566182505
0.11765945661732202
0.09499618565007271
0.07379999939245516
0.05488361773457237
0.03881210736549683
0.025859255291583814
0.016055654563253967
0.0091442320309889
0.004675624441005629
0.0020795320179521526
0.0007683668357091204
0.0002132858926400863
3.4508437626218564e-5
0.16538761946128014
0.16317139511668233
0.15681493631068796
0.14676878156015838
0.133649410912439
0.11822485366829089
0.10137657063430511
0.08403074024708387
0.06709174869216945
0.0513612359159609
0.03747780444375642
0.025859255291583814
0.016693278836978062
0.009921710158800005
0.005317570532288113
0.002485271227075075
0.0009628286117613859
0.000282180597017208
4.8551836734850904e-5
0.11558193616942546
0.114015702797971
0.10949729061054311
0.10232210052554792
0.09290653192114992
0.08179676602274513
0.06963938254149413
0.057136085984120434
0.04497889186160646
0.03378808268357513
0.024044745143691044
0.016055654563253967
0.009921710158800005
0.005562911194303081
0.0027345395434624858
0.0011184472121959779
0.0003429002598976471
6.241816535938927e-5
0.0766104386004032
0.07556774403162644
0.07253684817149132
0.06768728595051561
0.06127643987370424
0.05366371916895945
0.04530278191640296
0.03670341355823234
0.028383438769696078
0.02080423889460968
0.014322855488619515
0.0091442320309889
0.005317570532288113
0.0027345395434624858
0.0011843856308086857
0.0003876516024332888
7.411968912484715e-5
0.04770800183767622
0.04706447257215232
0.0451747105913149
0.04211446904178185
0.03801813872332595
0.03310280237512092
0.027667344992640588
0.02206980071485336
0.01668220404365855
0.011841238954107634
0.007794584144405676
0.004675624441005629
0.002485271227075075
0.0011184472121959779
0.0003876516024332888
8.21516771395255e-5
0.027591262586877392
0.027233069066046247
0.02616187439729726
0.0243911053557897
0.021969977302585902
0.019012722075713268
0.015704962328832953
0.012286504011908743
0.009018127295647495
0.006132259112438845
0.0037957753534978767
0.0020795320179521526
0.0009628286117613859
0.0003429002598976471
7.411968912484715e-5
0.014614335849008734
0.014441067700969944
0.01390670647448571
0.012989307431305037
0.011689177128434817
0.010053726185869414
0.008189639935976217
0.0062524492983980825
0.004415241075202447
0.002833001281988168
0.0016063409804550311
0.0007683668357091204
0.000282180597017208
6.241816535938927e-5
0.006967292383660452
0.006898737400486862
0.006674275148718152
0.006262426862338156
0.005640757389331992
0.00482178242439771
0.0038625886847252103
0.002857148129750392
0.001915124680814923
0.0011306654993853632
0.0005611610860346764
0.0002132858926400863
4.8551836734850904e-5
0.002930336984313007
0.002911669468593485
0.002838559404023459
0.0026841336612466234
0.0024251163145591883
0.0020596492087566667
0.0016159913274224839
0.0011468821382784255
0.0007142729091822832
0.00037188945291847115
0.00014720077275477285
3.4508437626218564e-5
0.0010664064284304495
0.0010658987672867001
0.0010511877102639899
0.001003922924768203
0.0009099752817336365
0.0007659778460475527
0.0005844473958541446
0.0003914324838812532
0.0002185949694010055
9.227678714569034e-5
2.273722277048873e-5
0.0003373730508338991
0.0003402664759888726
0.0003393752424109462
0.0003255036079434028
0.0002924696283640998
0.00024050206150042373
0.00017501133707746
0.00010671743511295028
4.9398284142597706e-5
1.3334187241082056e-5
0.00010931090182283753
0.00011056101728171808
0.00010844458446500587
9.950431741522942e-5
8.383946163188434e-5
6.32038022091151e-5
4.0994411185582654e-5
2.0759230833128154e-5
6.111862513417948e-6
5.357972195839762e-5
5.2981967745933424e-5
4.757800516802448e-5
3.781957164495801e-5
2.6246210079994466e-5
1.56240273617308e-5
7.363280141742186e-6
2.1208857241280813e-6
3.654394504317208e-5
3.4953767379942565e-5
2.860552182454345e-5
1.9250737786142683e-5
1.053416562656456e-5
4.386054996436331e-6
1.1245980218876195e-6
2.3091356266580117e-5
2.1529044788475964e-5
1.6160823401029425e-5
9.326234447354507e-6
3.816080678594172e-6
9.512665434142479e-7
1.2276197955620926e-5
1.1134759070868053e-5
7.711604294847356e-6
3.5977713952904846e-6
9.971744606924599e-7
5.29961365472546e-6
4.7155322268153054e-6
2.8577075493988076e-6
1.0183376851619432e-6
1.5934877433645513e-6
1.349848193735386e-6
7.06516942241125e-7
2.5637829562858286e-7
2.3275064879794618e-7
2.374713470352231e-10
