1.0
0.9831336362497108
0.9367485705578507
0.8662375114555668
0.7777305398380998
0.6776567612402228
0.5723282912870556
0.4675529261216609
0.3683328890319746
0.27862483629708884
0.20122119769712346
0.13768098612394442
0.08835944218010519
0.05249750172937174
0.02839894385677386
0.013701638114057724
0.005741643354947263
0.0020261057046925125
0.0005882468660935882
0.00015364729071166438
6.037136540742851e-5
3.8888525188337356e-5
2.3005320006596265e-5
1.075549617288708e-5
3.5815733228118452e-6
6.550197044442824e-7
3.5857327931974067e-9
0.9831336362497108
0.9670255480912291
0.9216915979338668
0.85246674454584
0.765413221940928
0.6668953152216932
0.5631580180200995
0.45995765126228977
0.3622404027744647
0.27392765343026226
0.19776281734004467
0.1352775386209892
0.08680249910242308
0.051576239473860495
0.027919397193967445
0.013493231112311235
0.00567330383935622
0.002014424385195374
0.0005913364834352453
0.00015631325146789682
6.000625001332457e-5
3.687479331823841e-5
2.098933736544301e-5
9.456990133279518e-6
3.0155180596644924e-6
5.355004047731338e-7
0.9367485705578507
0.9216915979338668
0.8793303391362105
0.8137175650055513
0.7307426041217868
0.6365881975062273
0.5373262380198396
0.43854566347646873
0.34505483706150913
0.26064222742384935
0.1879489934205176
0.12841275997415272
0.08231606067108481
0.0488889686112002
0.026486528064100855
0.012843334089970265
0.005437965530216917
0.0019542566963562796
0.0005832783165341634
0.0001534379731179835
5.316386297047734e-5
2.8441110594213804e-5
1.4377500080015422e-5
5.5479829387431145e-6
1.4362889777844777e-6
0.8662375114555668
0.85246674454584
0.8137175650055513
0.7537011219172597
0.6770340158976624
0.5896326718696189
0.49729860618467026
0.4053677681797408
0.31841080858255716
0.24002036300130217
0.1726670184737151
0.11767041245008285
0.0752366919318478
0.04458842245191617
0.024133880332168574
0.011720055833541267
0.004989452253476827
0.0018102796388274902
0.0005445252154660272
0.00013880667587645447
4.021636290833329e-5
1.6988739741997117e-5
6.63040550093389e-6
1.8220122676232443e-6
0.7777305398380998
0.765413221940928
0.7307426041217868
0.6770340158976624
0.6084420577384686
0.5296797938744732
0.44621123375397587
0.363037047587871
0.28442325347868536
0.21369452727133117
0.15311936083377023
0.10386858569935047
0.06607300491877727
0.03894559021209716
0.02096959638871816
0.01014048882486888
0.004305070658246881
0.0015595537187986313
0.0004653776677356786
0.00011151443063280467
2.5575126176214467e-5
7.413764189597495e-6
1.7740998307277806e-6
0.6776567612402228
0.6668953152216932
0.6365881975062273
0.5896326718696189
0.5296797938744732
0.4609022875324069
0.3876632041394912
0.3145781433282499
0.2455502453596413
0.18360013276887382
0.13075829793816457
0.08804475484685224
0.05551168841974115
0.03237931281693305
0.017220642520481874
0.008209332139188872
0.003426024758911389
0.001214545758712136
0.0003499975013957287
7.627148653778051e-5
1.2718644329725409e-5
1.9231764429604976e-6
0.5723282912870556
0.5631580180200995
0.5373262380198396
0.49729860618467026
0.44621123375397587
0.3876632041394912
0.3254343961857884
0.26317334363427436
0.20440007636845942
0.15180367595063107
0.10717130829242606
0.07136435521127597
0.04437069935160048
0.02542856124007474
0.013223863678521054
0.006123096163975206
0.002458839113687596
0.0008262286876269702
0.00021900506588616372
4.026643451205962e-5
3.8060789985493696e-6
0.4675529261216609
0.45995765126228977
0.43854566347646873
0.4053677681797408
0.363037047587871
0.3145781433282499
0.26317334363427436
0.21190406355829627
0.16349953456372704
0.1203269002592172
0.08392387602702821
0.05500508918424868
0.03349850911706794
0.018682891897141115
0.00936773826710388
0.004127697679643427
0.0015435281551187646
0.00046621536230959446
0.00010321826859065392
1.2112226512128917e-5
0.3683328890319746
0.3622404027744647
0.34505483706150913
0.31841080858255716
0.28442325347868536
0.2455502453596413
0.20440007636845942
0.16349953456372704
0.12509358432872622
0.0909604695451264
0.06241323036142459
0.040017469178432435
0.023664333224270504
0.012677872475780944
0.006011834851746479
0.00244451858787699
0.0008079803214428869
0.00019779401435768482
2.7941951506745874e-5
0.27862483629708884
0.27392765343026226
0.26064222742384935
0.24002036300130217
0.21369452727133117
0.18360013276887382
0.15180367595063107
0.1203269002592172
0.0909604695451264
0.065119364049569
0.04371918223176888
0.027209810858433207
0.015439378875793698
0.0078050624837581175
0.003398666464228602
0.0012139383811629796
0.0003210792509081722
4.8526547109209034e-5
0.20122119769712346
0.19776281734004467
0.1879489934205176
0.1726670184737151
0.15311936083377023
0.13075829793816457
0.10717130829242606
0.08392387602702821
0.06241323036142459
0.04371918223176888
0.028524153236607057
0.017047387655275453
0.009133750782502708
0.004238413041034914
0.0016155685261300013
0.00046038420655955997
7.513977329525471e-5
0.13768098612394442
0.1352775386209892
0.12841275997415272
0.11767041245008285
0.10386858569935047
0.08804475484685224
0.07136435521127597
0.05500508918424868
0.040017469178432435
0.027209810858433207
0.017047387655275453
0.009642714618002335
0.004755732581206872
0.001938705143325989
0.000587627006868306
0.00010379132578950605
0.08835944218010519
0.08680249910242308
0.08231606067108481
0.0752366919318478
0.06607300491877727
0.05551168841974115
0.04437069935160048
0.03349850911706794
0.023664333224270504
0.015439378875793698
0.009133750782502708
0.004755732581206872
0.002074191608117075
0.0006794001039801209
0.00012803108637749193
0.05249750172937174
0.051576239473860495
0.0488889686112002
0.04458842245191617
0.03894559021209716
0.03237931281693305
0.02542856124007474
0.018682891897141115
0.012677872475780944
0.0078050624837581175
0.004238413041034914
0.001938705143325989
0.0006794001039801209
0.0001436139144036864
0.02839894385677386
0.027919397193967445
0.026486528064100855
0.024133880332168574
0.02096959638871816
0.017220642520481874
0.013223863678521054
0.00936773826710388
0.006011834851746479
0.003398666464228602
0.0016155685261300013
0.000587627006868306
0.00012803108637749193
0.013701638114057724
0.013493231112311235
0.012843334089970265
0.011720055833541267
0.01014048882486888
0.008209332139188872
0.006123096163975206
0.004127697679643427
0.00244451858787699
0.0012139383811629796
0.00046038420655955997
0.00010379132578950605
0.005741643354947263
0.00567330383935622
0.005437965530216917
0.004989452253476827
0.004305070658246881
0.003426024758911389
0.002458839113687596
0.0015435281551187646
0.0008079803214428869
0.0003210792509081722
7.513977329525471e-5
0.0020261057046925125
0.002014424385195374
0.0019542566963562796
0.0018102796388274902
0.0015595537187986313
0.001214545758712136
0.0008262286876269702
0.00046621536230959446
0.00019779401435768482
4.8526547109209034e-5
0.0005882468660935882
0.0005913364834352453
0.0005832783165341634
0.0005445252154660272
0.0004653776677356786
0.0003499975013957287
0.00021900506588616372
0.00010321826859065392
2.7941951506745874e-5
0.00015364729071166438
0.00015631325146789682
0.0001534379731179835
0.00013880667587645447
0.00011151443063280467
7.627148653778051e-5
4.026643451205962e-5
1.2112226512128917e-5
6.037136540742851e-5
6.000625001332457e-5
5.316386297047734e-5
4.021636290833329e-5
2.5575126176214467e-5
1.2718644329725409e-5
3.8060789985493696e-6
3.8888525188337356e-5
3.687479331823841e-5
2.8441110594213804e-5
1.6988739741997117e-5
7.413764189597495e-6
1.9231764429604976e-6
2.3005320006596265e-5
2.098933736544301e-5
1.4377500080015422e-5
6.63040550093389e-6
1.7740998307277806e-6
1.075549617288708e-5
9.456990133279518e-6
5.5479829387431145e-6
1.8220122676232443e-6
3.5815733228118452e-6
3.0155180596644924e-6
1.4362889777844777e-6
6.550197044442824e-7
5.355004047731338e-7
3.5857327931974067e-9
