1.0
0.9564711576649809
0.8449781451185054
0.6908014696712398
0.5205894424324619
0.3580755538402615
0.22080555851596292
0.11849638040531742
0.0527512363119083
0.01803551873180433
0.004162543583168579
0.0005164434526485728
5.082865514028103e-5
2.8200557474579907e-5
6.27226800135312e-6
2.5560766028580334e-10
0.9564711576649809
0.9165518848042465
0.8103470701668944
0.6624946555737238
0.4989242351955408
0.34274666954829475
0.2110335952006491
0.11309100453979795
0.05030154330942679
0.017258724347645787
0.004043952326303167
0.0005223050755892433
5.19843423035249e-5
2.143667144442835e-5
3.0618869347080523e-6
0.8449781451185054
0.8103470701668944
0.7181843656609465
0.5870396814224852
0.44107013657259225
0.30170228904408614
0.18464764204330333
0.09821915729731842
0.043370206429361756
0.014862341225163524
0.0035336886467007547
0.00047096248779229604
3.502333677832677e-5
6.833901968121245e-6
0.6908014696712398
0.6624946555737238
0.5870396814224852
0.4797534895646573
0.3589028175643166
0.24347310553708942
0.1471220378612736
0.07689061760103094
0.033171921840745015
0.011047048890573653
0.0025328823385557405
0.00031997441500207556
1.1542478265619373e-5
0.5205894424324619
0.4989242351955408
0.44107013657259225
0.3589028175643166
0.2667480147822505
0.17846937284980716
0.10543179400477487
0.05321810763493013
0.021783193302209007
0.00666284793164563
0.001321169699892271
0.0001143496542191509
0.3580755538402615
0.34274666954829475
0.30170228904408614
0.24347310553708942
0.17846937284980716
0.11689466655730757
0.06652780537527873
0.03158360002887232
0.011644289616404924
0.002962976402159638
0.0003713513371458612
0.22080555851596292
0.2110335952006491
0.18464764204330333
0.1471220378612736
0.10543179400477487
0.06652780537527873
0.035688702060445124
0.015247509294358304
0.004614078787272654
0.0007335680308493815
0.11849638040531742
0.11309100453979795
0.09821915729731842
0.07689061760103094
0.05321810763493013
0.03158360002887232
0.015247509294358304
0.005402023199264993
0.0010287330182497246
0.0527512363119083
0.05030154330942679
0.043370206429361756
0.033171921840745015
0.021783193302209007
0.011644289616404924
0.004614078787272654
0.0010287330182497246
0.01803551873180433
0.017258724347645787
0.014862341225163524
0.011047048890573653
0.00666284793164563
0.002962976402159638
0.0007335680308493815
0.004162543583168579
0.004043952326303167
0.0035336886467007547
0.0025328823385557405
0.001321169699892271
0.0003713513371458612
0.0005164434526485728
0.0005223050755892433
0.00047096248779229604
0.00031997441500207556
0.0001143496542191509
5.082865514028103e-5
5.19843423035249e-5
3.502333677832677e-5
1.1542478265619373e-5
2.8200557474579907e-5
2.143667144442835e-5
6.833901968121245e-6
6.27226800135312e-6
3.0618869347080523e-6
2.5560766028580334e-10
