1.0
0.9707701940576137
0.8931662553409798
0.7804319807333088
0.6471833492131279
0.5077527991580894
0.37467200632082737
0.25760438184921464
0.1627143621466539
0.09248893205675116
0.04591997438519351
0.01908758659089699
0.006246802923572586
0.0014733479347502339
0.00022881566020889745
4.857509962078828e-5
2.854570653860273e-5
1.0226912839831439e-5
1.652729473499647e-6
6.697802426522105e-11
0.9707701940576137
0.943403527263461
0.8684786257345611
0.7590047056926874
0.6293353085921778
0.4935383733497284
0.3639444227575916
0.25003141691225456
0.15780946624549957
0.0896476435314858
0.04450899265170339
0.01854293525550353
0.00610883047161002
0.001462173478190406
0.0002345297942720283
4.8855550414207985e-5
2.467541517726958e-5
7.579526573911294e-6
8.888702920565545e-7
0.8931662553409798
0.8684786257345611
0.8008938689862162
0.7003032948495371
0.5803810119896435
0.45452298928789275
0.33444145960913757
0.22911139310650114
0.14413556926338947
0.08160774740963628
0.04042581758428038
0.016872790650510498
0.005616126508662785
0.0013746197573411669
0.00022451858049719504
3.773655185085091e-5
1.3450696286844737e-5
2.5257107644526268e-6
0.7804319807333088
0.7590047056926874
0.7003032948495371
0.6129401746793599
0.5075335307452679
0.3964822976507798
0.290559436005558
0.19794287740530445
0.1236478039662329
0.06942762301605378
0.03408849455777715
0.014120264896016914
0.004683450311325428
0.0011477436854196682
0.00018098962854834195
2.02996872808926e-5
3.4828885363743984e-6
0.6471833492131279
0.6293353085921778
0.5803810119896435
0.5075335307452679
0.41976638705353475
0.3266777620278959
0.23787561686625322
0.16054721694504845
0.09902713730768044
0.054686377540157094
0.026281052653641782
0.010589891176593562
0.003385659658616723
0.0007868514924028446
0.00011100575680437905
6.072396689716333e-6
0.5077527991580894
0.4935383733497284
0.45452298928789275
0.3964822976507798
0.3266777620278959
0.25291508591687545
0.1824343575948974
0.12137574878537054
0.07333498250980712
0.03934205887967286
0.01813958260975432
0.0068819946419556525
0.0020010409328737734
0.00039736387913290723
3.646429442610349e-5
0.37467200632082737
0.3639444227575916
0.33444145960913757
0.290559436005558
0.23787561686625322
0.1824343575948974
0.12986472869987092
0.08459506630489722
0.04952219213540427
0.025340825713385744
0.010881462834032418
0.0036820573072229423
0.0008782064115367283
0.0001085761264401406
0.25760438184921464
0.25003141691225456
0.22911139310650114
0.19794287740530445
0.16054721694504845
0.12137574878537054
0.08459506630489722
0.05346364855215482
0.029852789515259378
0.014192115475339445
0.005393738831557129
0.001479845583145638
0.00021368968200307663
0.1627143621466539
0.15780946624549957
0.14413556926338947
0.1236478039662329
0.09902713730768044
0.07333498250980712
0.04952219213540427
0.029852789515259378
0.01553535395523869
0.006561922996491384
0.002015398345908664
0.0003357722203626751
0.09248893205675116
0.0896476435314858
0.08160774740963628
0.06942762301605378
0.054686377540157094
0.03934205887967286
0.025340825713385744
0.014192115475339445
0.006561922996491384
0.0022654804491788303
0.0004284926786229821
0.04591997438519351
0.04450899265170339
0.04042581758428038
0.03408849455777715
0.026281052653641782
0.01813958260975432
0.010881462834032418
0.005393738831557129
0.002015398345908664
0.0004284926786229821
0.01908758659089699
0.01854293525550353
0.016872790650510498
0.014120264896016914
0.010589891176593562
0.0068819946419556525
0.0036820573072229423
0.001479845583145638
0.0003357722203626751
0.006246802923572586
0.00610883047161002
0.005616126508662785
0.004683450311325428
0.003385659658616723
0.0020010409328737734
0.0008782064115367283
0.00021368968200307663
0.0014733479347502339
0.001462173478190406
0.0013746197573411669
0.0011477436854196682
0.0007868514924028446
0.00039736387913290723
0.0001085761264401406
0.00022881566020889745
0.0002345297942720283
0.00022451858049719504
0.00018098962854834195
0.00011100575680437905
3.646429442610349e-5
4.857509962078828e-5
4.8855550414207985e-5
3.773655185085091e-5
2.02996872808926e-5
6.072396689716333e-6
2.854570653860273e-5
2.467541517726958e-5
1.3450696286844737e-5
3.4828885363743984e-6
1.0226912839831439e-5
7.579526573911294e-6
2.5257107644526268e-6
1.652729473499647e-6
8.888702920565545e-7
6.697802426522105e-11
