1.0
0.9896220189791827
0.9604501580946881
0.9149260074290941
0.8558410100958128
0.7862077345186822
0.709130498676345
0.6276801085402468
0.5447799016524465
0.46310016485224026
0.3849787068666037
0.312353177264717
0.24672672012864075
0.18914030970496337
0.1401734806323252
0.09994918755402585
0.0681693856806143
0.04416096984687204
0.026945742580135858
0.015334135152271165
0.008041188155541223
0.0038326996523799506
0.0016371548780732556
0.0006217624564549907
0.00021812473399775034
8.621433544043943e-5
4.945159383780148e-5
3.501276759455036e-5
2.3139679110824392e-5
1.3336193004240911e-5
6.54124363579035e-6
2.5470251369879848e-6
6.836044106589239e-7
9.852661528077897e-8
4.23172481072928e-10
0.9896220189791827
0.9795909440565419
0.9508822894252267
0.9059204437893504
0.8474780985048018
0.7785476627222911
0.7022133341991833
0.6215272998111468
0.5393937231605062
0.45846908427723804
0.3810745259972484
0.3091382719327927
0.2441478519725767
0.18713607406540964
0.1386698004156639
0.09886880853925643
0.06743209820985399
0.043689120347813235
0.02666841287069593
0.015188458943554339
0.007975438191160743
0.003809587684136964
0.0016329274298352533
0.0006235224201397469
0.0002200118859560963
8.679447813531852e-5
4.8747135603155616e-5
3.3772061829374765e-5
2.1850690265105768e-5
1.2416569510170764e-5
5.947925735498409e-6
2.3104055074210682e-6
5.814379044978845e-7
1.0188493157981931e-7
0.9604501580946881
0.9508822894252267
0.9235076085252946
0.8801564710952464
0.8235493467082631
0.756625140885607
0.6824127380639494
0.6039095800234795
0.5239696904549588
0.4452012213264375
0.3698863496583777
0.29991318746400236
0.23673819728458675
0.1813597508477203
0.13432273691135876
0.09572929899650942
0.0652755406212985
0.0422971578200898
0.025838592188368075
0.014742396832952089
0.007765960601400397
0.003728337649917416
0.0016103258362430675
0.0006209036246900702
0.00022029922397054082
8.461349378667314e-5
4.440050041636342e-5
2.8716052339835083e-5
1.7583248240938033e-5
9.369845282963419e-6
4.249708881319536e-6
1.462880442774824e-6
3.354518371637785e-7
0.9149260074290941
0.9059204437893504
0.8801564710952464
0.8393581791624306
0.7856547227948384
0.7219018051348355
0.6510445163167744
0.5759960342977969
0.49952851213200733
0.4241759478867269
0.352150203874286
0.2852808222916895
0.22496726760035687
0.17216469375379512
0.12737934001018794
0.0906924149542691
0.061792310044785616
0.04002583188659347
0.024461774981312204
0.013980783399582628
0.007391080066049306
0.0035691052771485146
0.0015540081932625498
0.0006043632892112803
0.00021379776338588204
7.806598310972468e-5
3.641474740923548e-5
2.1043400586216252e-5
1.1518329733004739e-5
5.501389441400957e-6
2.081410125014631e-6
5.737029045935708e-7
0.8558410100958128
0.8474780985048018
0.8235493467082631
0.7856547227948384
0.7357744685916116
0.6761948664826455
0.6097521602716486
0.5392509625832931
0.46735684646696457
0.39650128228262604
0.3288040180227529
0.26600935484524474
0.20944840477144674
0.16001630342100154
0.11817786815167318
0.08398570776248576
0.05712219181548902
0.03694650302848297
0.02256138526644401
0.012898858427324137
0.006832110145447898
0.0033118610255072553
0.0014495731710639091
0.0005654586122078924
0.0001975097529817911
6.713063473674101e-5
2.68434141601259e-5
1.3055570464410864e-5
6.01072825667232e-6
2.2662628500517282e-6
6.202278020270972e-7
0.7862077345186822
0.7785476627222911
0.756625140885607
0.7219018051348355
0.6761948664826455
0.6216099554524972
0.5604495911033368
0.4953888930678973
0.4289653546956658
0.3634869962247486
0.3009574639209833
0.24302128101302395
0.19092312481278906
0.14549361034336541
0.10714825736927937
0.0759135740653323
0.05146432695439633
0.03317771957841503
0.020197412915652357
0.011517770805631596
0.006089448588041388
0.002948724633224268
0.0012895042685523788
0.000500670500355129
0.00017063317908836578
5.3261687555328505e-5
1.757287243267468e-5
6.7735074809254255e-6
2.2953864050092824e-6
5.788184879028112e-7
0.709130498676345
0.7022133341991833
0.6824127380639494
0.6510445163167744
0.6097521602716486
0.5604495911033368
0.5052361965012078
0.4462967304217019
0.3860233487155795
0.32658270520268656
0.269848211588252
0.21734820854453413
0.17023386654751582
0.12926215248493086
0.09480110999773995
0.06684946509036213
0.04507989155322744
0.02889082862201378
0.017474480800717975
0.009895504441061275
0.005191938028541821
0.002492678151009884
0.0010787697936493965
0.00041212906438740037
0.0001353892613284796
3.812696670445851e-5
9.978073597210015e-6
2.720802615710744e-6
5.463133703554348e-7
0.6276801085402468
0.6215272998111468
0.6039095800234795
0.5759960342977969
0.5392509625832931
0.4953888930678973
0.4462967304217019
0.3939412440607811
0.3402729800090417
0.2873069210031569
0.23677444073135645
0.19008077793932915
0.14827539453670782
0.11204174868784132
0.08169762730037658
0.05721906188040134
0.038278843146503844
0.024303804525074933
0.014538840873204046
0.008126725136407243
0.0041978109116742445
0.00197756761058393
0.0008354752408975388
0.0003085619974620698
9.562928241947392e-5
2.366090253493431e-5
4.513675591775902e-6
6.820987215567485e-7
0.5447799016524465
0.5393937231605062
0.5239696904549588
0.49952851213200733
0.46735684646696457
0.4289653546956658
0.3860233487155795
0.3402729800090417
0.2934439256013818
0.24716721749012285
0.20302954224306977
0.16230772437982427
0.12594958242975646
0.09456256110347493
0.06841813278941478
0.04747023712278214
0.03139914478588189
0.019662629183037697
0.01156574814516476
0.006331518194456643
0.0031862271001222766
0.0014516184796100967
0.0005869907441565911
0.0002036896233118937
5.696375662783044e-5
1.156339439709485e-5
1.2709845459727544e-6
0.46310016485224026
0.45846908427723804
0.4452012213264375
0.4241759478867269
0.39650128228262604
0.3634869962247486
0.32658270520268656
0.2873069210031569
0.24716721749012285
0.20758620124684105
0.16983255859767268
0.13505940940782393
0.10411128031707732
0.07752321843770095
0.055520038783127126
0.03804083668087521
0.024774056826047466
0.015216984217512289
0.008735487142101641
0.004636791079597422
0.0022410084719996348
0.0009674757904415851
0.0003630030496102775
0.00011265501424852216
2.5915344994944306e-5
3.341682630478874e-6
0.3849787068666037
0.3810745259972484
0.3698863496583777
0.352150203874286
0.3288040180227529
0.3009574639209833
0.269848211588252
0.23677444073135645
0.20302954224306977
0.16983255859767268
0.1382718216051875
0.10925181479358122
0.08352227203654934
0.06154399162078167
0.043502044799765445
0.029319616470622596
0.018703156520028918
0.011188552360665193
0.0062088627531802845
0.0031524077285341977
0.0014348742661090975
0.000568919226696627
0.00018810640602772203
4.733915362361098e-5
6.950480049515532e-6
0.312353177264717
0.3091382719327927
0.29991318746400236
0.2852808222916895
0.26600935484524474
0.24302128101302395
0.21734820854453413
0.19008077793932915
0.16230772437982427
0.13505940940782393
0.10925181479358122
0.0856453489891797
0.06480587444103326
0.04713156577268749
0.0327632464672165
0.021618318409474792
0.013418419050723834
0.007747524921462514
0.004101713247394215
0.001955189620359038
0.0008134134529439151
0.0002816345427882052
7.418577311739688e-5
1.1732295084002493e-5
0.24672672012864075
0.2441478519725767
0.23673819728458675
0.22496726760035687
0.20944840477144674
0.19092312481278906
0.17023386654751582
0.14827539453670782
0.12594958242975646
0.10411128031707732
0.08352227203654934
0.06480587444103326
0.04842327486792178
0.03464506558560421
0.02358286575759836
0.015141287380261204
0.009068210224305722
0.004990021207153582
0.0024747978386231353
0.0010757463502947902
0.00038985221776424624
0.0001069002035391162
1.7401886059831885e-5
0.18914030970496337
0.18713607406540964
0.1813597508477203
0.17216469375379512
0.16001630342100154
0.14549361034336541
0.12926215248493086
0.11204174868784132
0.09456256110347493
0.07752321843770095
0.06154399162078167
0.04713156577268749
0.03464506558560421
0.024289227845866318
0.01609824373014757
0.009980470000104118
0.005700268289685491
0.0029381199638477693
0.001325843248851046
0.0005012860774551689
0.00014380322486012736
2.445548117711676e-5
0.1401734806323252
0.1386698004156639
0.13432273691135876
0.12737934001018794
0.11817786815167318
0.10714825736927937
0.09480110999773995
0.08169762730037658
0.06841813278941478
0.055520038783127126
0.043502044799765445
0.0327632464672165
0.02358286575759836
0.01609824373014757
0.010315035628010226
0.006107550667423506
0.0032743170473697233
0.0015378802996605168
0.0006024869579449093
0.00017992360203166973
3.214456328686025e-5
0.09994918755402585
0.09886880853925643
0.09572929899650942
0.0906924149542691
0.08398570776248576
0.0759135740653323
0.06684946509036213
0.05721906188040134
0.04747023712278214
0.03804083668087521
0.029319616470622596
0.021618318409474792
0.015141287380261204
0.009980470000104118
0.006107550667423506
0.0034030314177752367
0.0016687514983468555
0.0006840891493078056
0.00021135720402089278
3.928442328023384e-5
0.0681693856806143
0.06743209820985399
0.0652755406212985
0.061792310044785616
0.05712219181548902
0.05146432695439633
0.04507989155322744
0.038278843146503844
0.03139914478588189
0.024774056826047466
0.018703156520028918
0.013418419050723834
0.009068210224305722
0.005700268289685491
0.0032743170473697233
0.0016687514983468555
0.0007192084367366342
0.00023522918349448753
4.549137253895033e-5
0.04416096984687204
0.043689120347813235
0.0422971578200898
0.04002583188659347
0.03694650302848297
0.03317771957841503
0.02889082862201378
0.024303804525074933
0.019662629183037697
0.015216984217512289
0.011188552360665193
0.007747524921462514
0.004990021207153582
0.0029381199638477693
0.0015378802996605168
0.0006840891493078056
0.00023522918349448753
4.9983404835888925e-5
0.026945742580135858
0.02666841287069593
0.025838592188368075
0.024461774981312204
0.02256138526644401
0.020197412915652357
0.017474480800717975
0.014538840873204046
0.01156574814516476
0.008735487142101641
0.0062088627531802845
0.004101713247394215
0.0024747978386231353
0.001325843248851046
0.0006024869579449093
0.00021135720402089278
4.549137253895033e-5
0.015334135152271165
0.015188458943554339
0.014742396832952089
0.013980783399582628
0.012898858427324137
0.011517770805631596
0.009895504441061275
0.008126725136407243
0.006331518194456643
0.004636791079597422
0.0031524077285341977
0.001955189620359038
0.0010757463502947902
0.0005012860774551689
0.00017992360203166973
3.928442328023384e-5
0.008041188155541223
0.007975438191160743
0.007765960601400397
0.007391080066049306
0.006832110145447898
0.006089448588041388
0.005191938028541821
0.0041978109116742445
0.0031862271001222766
0.0022410084719996348
0.0014348742661090975
0.0008134134529439151
0.00038985221776424624
0.00014380322486012736
3.214456328686025e-5
0.0038326996523799506
0.003809587684136964
0.003728337649917416
0.0035691052771485146
0.0033118610255072553
0.002948724633224268
0.002492678151009884
0.00197756761058393
0.0014516184796100967
0.0009674757904415851
0.000568919226696627
0.0002816345427882052
0.0001069002035391162
2.445548117711676e-5
0.0016371548780732556
0.0016329274298352533
0.0016103258362430675
0.0015540081932625498
0.0014495731710639091
0.0012895042685523788
0.0010787697936493965
0.0008354752408975388
0.0005869907441565911
0.0003630030496102775
0.00018810640602772203
7.418577311739688e-5
1.7401886059831885e-5
0.0006217624564549907
0.0006235224201397469
0.0006209036246900702
0.0006043632892112803
0.0005654586122078924
0.000500670500355129
0.00041212906438740037
0.0003085619974620698
0.0002036896233118937
0.00011265501424852216
4.733915362361098e-5
1.1732295084002493e-5
0.00021812473399775034
0.0002200118859560963
0.00022029922397054082
0.00021379776338588204
0.0001975097529817911
0.00017063317908836578
0.0001353892613284796
9.562928241947392e-5
5.696375662783044e-5
2.5915344994944306e-5
6.950480049515532e-6
8.621433544043943e-5
8.679447813531852e-5
8.461349378667314e-5
7.806598310972468e-5
6.713063473674101e-5
5.3261687555328505e-5
3.812696670445851e-5
2.366090253493431e-5
1.156339439709485e-5
3.341682630478874e-6
4.945159383780148e-5
4.8747135603155616e-5
4.440050041636342e-5
3.641474740923548e-5
2.68434141601259e-5
1.757287243267468e-5
9.978073597210015e-6
4.513675591775902e-6
1.2709845459727544e-6
3.501276759455036e-5
3.3772061829374765e-5
2.8716052339835083e-5
2.1043400586216252e-5
1.3055570464410864e-5
6.7735074809254255e-6
2.720802615710744e-6
6.820987215567485e-7
2.3139679110824392e-5
2.1850690265105768e-5
1.7583248240938033e-5
1.1518329733004739e-5
6.01072825667232e-6
2.2953864050092824e-6
5.463133703554348e-7
1.3336193004240911e-5
1.2416569510170764e-5
9.369845282963419e-6
5.501389441400957e-6
2.2662628500517282e-6
5.788184879028112e-7
6.54124363579035e-6
5.947925735498409e-6
4.249708881319536e-6
2.081410125014631e-6
6.202278020270972e-7
2.5470251369879848e-6
2.3104055074210682e-6
1.462880442774824e-6
5.737029045935708e-7
6.836044106589239e-7
5.814379044978845e-7
3.354518371637785e-7
9.852661528077897e-8
1.0188493157981931e-7
4.23172481072928e-10
