1.0
0.9284415780508285
0.7563991480339101
0.5397533271753758
0.3311635918408647
0.16759833250897893
0.06451431126992145
0.01602494288651895
0.001792245200540408
4.058178532264592e-5
2.537324314839752e-5
1.325581293335062e-10
0.9284415780508285
0.8652361881826682
0.7055180874293115
0.5028899341228151
0.3076916921259846
0.1551705684406766
0.059471567417338535
0.014851765827165058
0.001729143992822937
4.2442719443182144e-5
1.3159831965444256e-5
0.7563991480339101
0.7055180874293115
0.5767540079343741
0.4092753916537086
0.24778516944759968
0.12273884295203966
0.04591252481145621
0.011200961125681936
0.0013040487679060033
1.5252812951510013e-5
0.5397533271753758
0.5028899341228151
0.4092753916537086
0.2880774335971887
0.17049725230296311
0.08104021174536832
0.02819940158935678
0.006070604056927801
0.0005122559687898223
0.3311635918408647
0.3076916921259846
0.24778516944759968
0.17049725230296311
0.09688484398500974
0.04232248692530801
0.012459721432065392
0.0017511886067884755
0.16759833250897893
0.1551705684406766
0.12273884295203966
0.08104021174536832
0.04232248692530801
0.015688717775327227
0.00298985513934609
0.06451431126992145
0.059471567417338535
0.04591252481145621
0.02819940158935678
0.012459721432065392
0.00298985513934609
0.01602494288651895
0.014851765827165058
0.011200961125681936
0.006070604056927801
0.0017511886067884755
0.001792245200540408
0.001729143992822937
0.0013040487679060033
0.0005122559687898223
4.058178532264592e-5
4.2442719443182144e-5
1.5252812951510013e-5
2.537324314839752e-5
1.3159831965444256e-5
1.325581293335062e-10
