1.0
0.9790329217440161
0.9220753256972284
0.8368255873678806
0.7319591777326002
0.6163993543508723
0.49859621676184535
0.3859367980288466
0.2842841966312307
0.19772636146556535
0.12846194818464837
0.07682724110191919
0.04147424264205381
0.019692835617931257
0.007943001863385332
0.0025983535529172817
0.0006540328113928804
0.00013471289174139732
4.640232389205589e-5
2.8322582567227746e-5
1.3051450766250822e-5
3.829650654087476e-6
5.445574266847533e-7
2.6428455926833102e-11
0.9790329217440161
0.9591465031991288
0.9037098067085082
0.8203199505696135
0.7175416127042655
0.6041763114823167
0.4885750547245538
0.37802903947043
0.27833087064656786
0.19349606245927278
0.12566299957119947
0.07513679435168602
0.040570286804513814
0.01929244081375233
0.00780918481516372
0.002572654478799552
0.000656630487591913
0.00013838986690538677
4.540995419729882e-5
2.5988243847818595e-5
1.0916711116735387e-5
2.994171272861107e-6
3.215534568199357e-7
0.9220753256972284
0.9037098067085082
0.8525242384156405
0.7743051049345547
0.677316510047033
0.5700581830758329
0.4605791177433104
0.35591645298990465
0.2616372888809918
0.181571244739453
0.11770887683902795
0.0702723173327023
0.037923871208110575
0.018071228170581245
0.007364609518291604
0.00245914983266637
0.0006410358989094536
0.0001346240211466055
3.7578325394213824e-5
1.7361760522419047e-5
5.933766265107352e-6
1.1723080277398322e-6
0.8368255873678806
0.8203199505696135
0.7743051049345547
0.7039859204968224
0.6158381195470023
0.517903709995807
0.4177897592583108
0.32211334652682716
0.2360877504275661
0.1632588670067367
0.10541398502737989
0.06267226290338328
0.03370197052455509
0.016034253136625175
0.00655076441397507
0.0022051620902575585
0.0005794535332221791
0.00011636099205493248
2.4181835865727552e-5
7.798726985874478e-6
1.6449352291638752e-6
0.7319591777326002
0.7175416127042655
0.677316510047033
0.6158381195470023
0.538807727257957
0.4525991920669015
0.36425055719948063
0.2798465119895011
0.2041376708988897
0.14031577222193084
0.08993992159594981
0.05301521293290276
0.028233896523728957
0.013296322763328362
0.005375119828048315
0.0017894840232514939
0.00046198041332529214
8.495134196600531e-5
1.1762121041918693e-5
1.9310378560667626e-6
0.6163993543508723
0.6041763114823167
0.5700581830758329
0.517903709995807
0.4525991920669015
0.37962959877940405
0.30453654038866446
0.23279277101691873
0.16862226375036043
0.11482941237101667
0.07272568949539594
0.042221888156339496
0.022055086670743906
0.01013347637229695
0.003966035453599666
0.0012633493593945733
0.00030441747653595736
4.8144048635213687e-5
3.234920477088462e-6
0.49859621676184535
0.4885750547245538
0.4605791177433104
0.4177897592583108
0.36425055719948063
0.30453654038866446
0.24327411409687608
0.1846857285957493
0.13245448304415194
0.08897548568656459
0.055330181286367394
0.031344714666173494
0.01584098729128567
0.0069516147148967955
0.0025479963422551364
0.0007339197828766301
0.00014935877855712756
1.4864628314376697e-5
0.3859367980288466
0.37802903947043
0.35591645298990465
0.32211334652682716
0.2798465119895011
0.23279277101691873
0.1846857285957493
0.13893607556065865
0.09829555496150096
0.06477343241591994
0.039215379600619715
0.021406132039458996
0.01025996059192344
0.004171519226934549
0.0013547451776916787
0.000317908060941862
3.9789654501024776e-5
0.2842841966312307
0.27833087064656786
0.2616372888809918
0.2360877504275661
0.2041376708988897
0.16862226375036043
0.13245448304415194
0.09829555496150096
0.06828250923008593
0.04381594514010978
0.025541692243243215
0.013191818227477548
0.005826691468870053
0.0020827233063495164
0.0005440472467064514
7.57531026250057e-5
0.19772636146556535
0.19349606245927278
0.181571244739453
0.1632588670067367
0.14031577222193084
0.11482941237101667
0.08897548568656459
0.06477343241591994
0.04381594514010978
0.027110999057536823
0.014974467939991052
0.007132016305666811
0.0027597961585552827
0.0007891423427779364
0.0001231889976638547
0.12846194818464837
0.12566299957119947
0.11770887683902795
0.10541398502737989
0.08993992159594981
0.07272568949539594
0.055330181286367394
0.039215379600619715
0.025541692243243215
0.014974467939991052
0.007654232132696742
0.003212582322229588
0.0009954960601168488
0.00016984458841378972
0.07682724110191919
0.07513679435168602
0.0702723173327023
0.06267226290338328
0.05301521293290276
0.042221888156339496
0.031344714666173494
0.021406132039458996
0.013191818227477548
0.007132016305666811
0.003212582322229588
0.0010925878047350944
0.00020558447661982854
0.04147424264205381
0.040570286804513814
0.037923871208110575
0.03370197052455509
0.028233896523728957
0.022055086670743906
0.01584098729128567
0.01025996059192344
0.005826691468870053
0.0027597961585552827
0.0009954960601168488
0.00020558447661982854
0.019692835617931257
0.01929244081375233
0.018071228170581245
0.016034253136625175
0.013296322763328362
0.01013347637229695
0.0069516147148967955
0.004171519226934549
0.0020827233063495164
0.0007891423427779364
0.00016984458841378972
0.007943001863385332
0.00780918481516372
0.007364609518291604
0.00655076441397507
0.005375119828048315
0.003966035453599666
0.0025479963422551364
0.0013547451776916787
0.0005440472467064514
0.0001231889976638547
0.0025983535529172817
0.002572654478799552
0.00245914983266637
0.0022051620902575585
0.0017894840232514939
0.0012633493593945733
0.0007339197828766301
0.000317908060941862
7.57531026250057e-5
0.0006540328113928804
0.000656630487591913
0.0006410358989094536
0.0005794535332221791
0.00046198041332529214
0.00030441747653595736
0.00014935877855712756
3.9789654501024776e-5
0.00013471289174139732
0.00013838986690538677
0.0001346240211466055
0.00011636099205493248
8.495134196600531e-5
4.8144048635213687e-5
1.4864628314376697e-5
4.640232389205589e-5
4.540995419729882e-5
3.7578325394213824e-5
2.4181835865727552e-5
1.1762121041918693e-5
3.234920477088462e-6
2.8322582567227746e-5
2.5988243847818595e-5
1.7361760522419047e-5
7.798726985874478e-6
1.9310378560667626e-6
1.3051450766250822e-5
1.0916711116735387e-5
5.933766265107352e-6
1.6449352291638752e-6
3.829650654087476e-6
2.994171272861107e-6
1.1723080277398322e-6
5.445574266847533e-7
3.215534568199357e-7
2.6428455926833102e-11
