1.0
0.984232371736308
0.9407156755979511
0.874281708622173
0.7904273761271271
0.694957012394333
0.5936150418354116
0.4917641395469715
0.3940987947306123
0.30444471409638424
0.22562673768497368
0.15940833144303593
0.10648715343735458
0.06654763172681862
0.03838515806542166
0.020091917543812322
0.00933908220723046
0.0037509527549195406
0.0012616547753001592
0.00034948326353401285
9.585486610320011e-5
4.373456001391706e-5
2.8497154251945965e-5
1.4960902849864214e-5
6.0734647851223505e-6
1.5820436565758693e-6
2.1772487568552308e-7
5.787375522842955e-11
0.984232371736308
0.9691450432846574
0.9265658790125657
0.8612775800030296
0.7787245591033627
0.6846499728890411
0.5847468388320174
0.48432423044950423
0.3880373276919732
0.2996737959200628
0.22202375747396488
0.15682008991962057
0.1047360638506088
0.06544979747433563
0.03776156782218484
0.01978617113937735
0.009216476746411037
0.0037159079176324016
0.0012584252863317767
0.0003531547736586812
9.713070437725333e-5
4.3091763168779634e-5
2.6465167020258326e-5
1.3466323305770413e-5
5.0883292535959954e-6
1.316355378241726e-6
1.3541626081128148e-7
0.9407156755979511
0.9265658790125657
0.8866436832402088
0.8245854462166387
0.7456872848725487
0.6555432333002497
0.5596889786716904
0.46329524049348236
0.37088959467057414
0.28615369239508703
0.2117815312743471
0.14942350699301732
0.0996970185603141
0.06225698807797491
0.035923614966905576
0.018856747821012067
0.008823595379066589
0.0035870254326467945
0.001231285953084371
0.00035085847276127415
9.46385359891306e-5
3.6718606709093206e-5
1.9950455751332205e-5
8.810090520825551e-6
2.9052869846850122e-6
5.923266545379215e-7
0.874281708622173
0.8612775800030296
0.8245854462166387
0.7675483127026983
0.6943253417375638
0.6102788811077955
0.5207186391549077
0.4305884387813333
0.34421592021214054
0.2651040535600055
0.19579956765274104
0.13783671785450882
0.09175270211775126
0.05717511511319523
0.03294603438316633
0.017299252991495723
0.008121277687857269
0.0033261634901759715
0.0011539521874335977
0.0003304827618860455
8.400489032989097e-5
2.6346061157006442e-5
1.1279241247532154e-5
3.867123889177739e-6
9.175716843078064e-7
0.7904273761271271
0.7787245591033627
0.7456872848725487
0.6943253417375638
0.62839679949222
0.5521890657322289
0.470716524899574
0.3886393793041886
0.3100123659038798
0.238104124896183
0.17527063639043247
0.12290498328638298
0.08145824440482961
0.050524664794989585
0.028980059101450083
0.015158409471114919
0.007098988075821507
0.002906111491671657
0.0010085575899469634
0.0002852977808898672
6.632048025750968e-5
1.5447069849764115e-5
4.612466528634478e-6
9.65741256454191e-7
0.694957012394333
0.6846499728890411
0.6555432333002497
0.6102788811077955
0.5521890657322289
0.48508937587326106
0.41300980615895216
0.34027044246839194
0.27060969126092227
0.2070170442582194
0.15162728506805975
0.10568096727644685
0.06953663463664925
0.04276568930515659
0.024290330312942622
0.012565308458627727
0.0058109524057209285
0.002343610823283687
0.0007980314151025297
0.00021778030139981794
4.4805533955555676e-5
7.0509464023589515e-6
1.1015375514087047e-6
0.5936150418354116
0.5847468388320174
0.5596889786716904
0.5207186391549077
0.470716524899574
0.41300980615895216
0.3511147444873984
0.2884792963233692
0.22849374897079405
0.17384451603899967
0.12643310928461624
0.08733692049464337
0.05683147736256531
0.03447234015687979
0.01924613469002355
0.009742974566400652
0.004382610096954621
0.0017045555149076165
0.0005519567854119117
0.0001385269320309255
2.3899452635745833e-5
1.829372828505195e-6
0.4917641395469715
0.48432423044950423
0.46329524049348236
0.4305884387813333
0.3886393793041886
0.34027044246839194
0.2884792963233692
0.2362032304869773
0.1861055590775583
0.1405669458092316
0.10124558168687209
0.06906559600898701
0.04422052466625479
0.02627046291288895
0.014272340534756693
0.006969875356242539
0.0029849270914546473
0.0010835064365421932
0.0003160259001677531
6.625302243798474e-5
7.008841795005598e-6
0.3940987947306123
0.3880373276919732
0.37088959467057414
0.34421592021214054
0.3100123659038798
0.27060969126092227
0.22849374897079405
0.1861055590775583
0.14565754858031377
0.10897482690266819
0.07748713413246026
0.051958952655310496
0.03252365261185246
0.018746198766068162
0.009779152474207539
0.004514730968636887
0.0017844593608923264
0.000571601100781899
0.00013574849299295588
1.727022777277484e-5
0.30444471409638424
0.2996737959200628
0.28615369239508703
0.2651040535600055
0.238104124896183
0.2070170442582194
0.17384451603899967
0.1405669458092316
0.10897482690266819
0.08054066797367518
0.056308515017099804
0.03690482788615728
0.022391437857604106
0.012368349461027633
0.006076159329754534
0.002575762252970991
0.0008908880048383611
0.0002279235510432871
3.207616942376186e-5
0.22562673768497368
0.22202375747396488
0.2117815312743471
0.19579956765274104
0.17527063639043247
0.15162728506805975
0.12643310928461624
0.10124558168687209
0.07748713413246026
0.056308515017099804
0.0385110238315762
0.024482531218953038
0.014241637862198292
0.007404482038665415
0.0033304501974727283
0.0012305662042784973
0.0003391400967824653
5.0937706644604136e-5
0.15940833144303593
0.15682008991962057
0.14942350699301732
0.13783671785450882
0.12290498328638298
0.10568096727644685
0.08733692049464337
0.06906559600898701
0.051958952655310496
0.03690482788615728
0.024482531218953038
0.014945287710217475
0.008200811560707304
0.003912622551517628
0.0015315983699467314
0.00044915598016216727
7.336208535014188e-5
0.10648715343735458
0.1047360638506088
0.0996970185603141
0.09175270211775126
0.08145824440482961
0.06953663463664925
0.05683147736256531
0.04422052466625479
0.03252365261185246
0.022391437857604106
0.014241637862198292
0.008200811560707304
0.004144785348799833
0.0017328242134214313
0.0005401997287475036
9.356871170194995e-5
0.06654763172681862
0.06544979747433563
0.06225698807797491
0.05717511511319523
0.050524664794989585
0.04276568930515659
0.03447234015687979
0.02627046291288895
0.018746198766068162
0.012368349461027633
0.007404482038665415
0.003912622551517628
0.0017328242134214313
0.0005837652077337689
0.00010952612872752588
0.03838515806542166
0.03776156782218484
0.035923614966905576
0.03294603438316633
0.028980059101450083
0.024290330312942622
0.01924613469002355
0.014272340534756693
0.009779152474207539
0.006076159329754534
0.0033304501974727283
0.0015315983699467314
0.0005401997287475036
0.00010952612872752588
0.020091917543812322
0.01978617113937735
0.018856747821012067
0.017299252991495723
0.015158409471114919
0.012565308458627727
0.009742974566400652
0.006969875356242539
0.004514730968636887
0.002575762252970991
0.0012305662042784973
0.00044915598016216727
9.356871170194995e-5
0.00933908220723046
0.009216476746411037
0.008823595379066589
0.008121277687857269
0.007098988075821507
0.0058109524057209285
0.004382610096954621
0.0029849270914546473
0.0017844593608923264
0.0008908880048383611
0.0003391400967824653
7.336208535014188e-5
0.0037509527549195406
0.0037159079176324016
0.0035870254326467945
0.0033261634901759715
0.002906111491671657
0.002343610823283687
0.0017045555149076165
0.0010835064365421932
0.000571601100781899
0.0002279235510432871
5.0937706644604136e-5
0.0012616547753001592
0.0012584252863317767
0.001231285953084371
0.0011539521874335977
0.0010085575899469634
0.0007980314151025297
0.0005519567854119117
0.0003160259001677531
0.00013574849299295588
3.207616942376186e-5
0.00034948326353401285
0.0003531547736586812
0.00035085847276127415
0.0003304827618860455
0.0002852977808898672
0.00021778030139981794
0.0001385269320309255
6.625302243798474e-5
1.727022777277484e-5
9.585486610320011e-5
9.713070437725333e-5
9.46385359891306e-5
8.400489032989097e-5
6.632048025750968e-5
4.4805533955555676e-5
2.3899452635745833e-5
7.008841795005598e-6
4.373456001391706e-5
4.3091763168779634e-5
3.6718606709093206e-5
2.6346061157006442e-5
1.5447069849764115e-5
7.0509464023589515e-6
1.829372828505195e-6
2.8497154251945965e-5
2.6465167020258326e-5
1.9950455751332205e-5
1.1279241247532154e-5
4.612466528634478e-6
1.1015375514087047e-6
1.4960902849864214e-5
1.3466323305770413e-5
8.810090520825551e-6
3.867123889177739e-6
9.65741256454191e-7
6.0734647851223505e-6
5.0883292535959954e-6
2.9052869846850122e-6
9.175716843078064e-7
1.5820436565758693e-6
1.316355378241726e-6
5.923266545379215e-7
2.1772487568552308e-7
1.3541626081128148e-7
5.787375522842955e-11
