1.0
0.9805546434273484
0.9274969912004153
0.8476319740326368
0.7486585480861748
0.63854466921741
0.5249479122181427
0.4146890813177184
0.3133712478073239
0.22510064795274481
0.15238309352860044
0.09608727525109075
0.05556757053305987
0.028879889558533975
0.013143967675384496
0.005066219456372161
0.0015887742928784364
0.00039670677799790073
0.00010015496914510541
4.876631392038901e-5
3.0864901898661116e-5
1.5292360793581255e-5
5.378664369851246e-6
1.0846321938879876e-6
1.13107549004428e-8
0.9805546434273484
0.9620648941088338
0.9103453465406222
0.8321182679949085
0.7349846782328907
0.6268217530678248
0.5151933939244805
0.40685181773210843
0.3073245073167305
0.22066818505478777
0.1493246935011377
0.09413552935046565
0.05444079573040613
0.028314603965262208
0.012915404376806343
0.004999786866536177
0.0015815972916457522
0.00040122150788013606
0.00010206027485433655
4.7341822682088895e-5
2.8471748594532336e-5
1.3420784276489072e-5
4.507753669338579e-6
8.406426669694047e-7
0.9274969912004153
0.9103453465406222
0.8623849351973947
0.7887254302296978
0.6967232166735386
0.5939979160401481
0.4878742828539419
0.38487623321941433
0.2903468623464477
0.20816694570944164
0.14065149581411823
0.08854427681640543
0.05116567943862376
0.02663112663758264
0.012194537524296755
0.004762631658380947
0.0015298444508673617
0.0003949451207035159
9.684594837563459e-5
3.809468125438661e-5
1.9707976586145894e-5
7.800035993476952e-6
2.036507429731372e-6
0.8476319740326368
0.8321182679949085
0.7887254302296978
0.7220838749011046
0.6379517974053506
0.543575977303792
0.4459044783873298
0.3511154072244423
0.26423396633077323
0.18889371651840203
0.12720841187935542
0.07980586634007727
0.04596975055517274
0.023880286132872994
0.010944506924283058
0.004298070092567639
0.001393907807367531
0.00036036777630059813
8.06100781544453e-5
2.4046571106800384e-5
9.249331820346315e-6
2.4837325114375907e-6
0.7486585480861748
0.7349846782328907
0.6967232166735386
0.6379517974053506
0.563788191968564
0.47997791322801786
0.39300116710062394
0.3085773619040243
0.23133378073954963
0.1645724079476083
0.11018284790604208
0.06865608290869787
0.03924937178970979
0.02022654850490918
0.00919988429888274
0.00358732599496891
0.0011549011827509468
0.00029111014282692826
5.6933444435796994e-5
1.1223567073109304e-5
2.419083933048553e-6
0.63854466921741
0.6268217530678248
0.5939979160401481
0.543575977303792
0.47997791322801786
0.40820788743808717
0.33338595195822796
0.2607169044369028
0.19435946871650855
0.13725335399321673
0.09103471627947843
0.05606851763689572
0.03159548829840172
0.015996327812402403
0.007115951397989853
0.0026976254208578732
0.0008349706967524592
0.00019673446239039638
3.15645574987038e-5
2.942056178571e-6
0.5249479122181427
0.5151933939244805
0.4878742828539419
0.4459044783873298
0.39300116710062394
0.33338595195822796
0.27140223399765984
0.21109304511332277
0.15614058813701198
0.10909848195436332
0.07135579696888363
0.04315168838833882
0.023742401015646432
0.011642387956755897
0.004959891699242204
0.0017678072765971577
0.0004991836846227908
9.979197491016541e-5
1.0335324138811536e-5
0.4146890813177184
0.40685181773210843
0.38487623321941433
0.3511154072244423
0.3085773619040243
0.2607169044369028
0.21109304511332277
0.16303440083323475
0.11932435678201939
0.08215625725721555
0.05266737198457391
0.031000896994170406
0.01643546336454561
0.007653065870201907
0.0030250913948129884
0.0009610145965933443
0.00022306620669773375
2.8647434368228857e-5
0.3133712478073239
0.3073245073167305
0.2903468623464477
0.26423396633077323
0.23133378073954963
0.19435946871650855
0.15614058813701198
0.11932435678201939
0.08612947155466423
0.058124633478512044
0.03623965064906221
0.02051549491639566
0.010292451324274513
0.004417009273128687
0.0015404183444986557
0.00039411062376942194
5.67703672722034e-5
0.22510064795274481
0.22066818505478777
0.20816694570944164
0.18889371651840203
0.1645724079476083
0.13725335399321673
0.10909848195436332
0.08215625725721555
0.058124633478512044
0.03819256746137679
0.02291183096941118
0.01227436177566912
0.005668094021779887
0.0021364594117450307
0.0005964502294892581
9.39686858096721e-5
0.15238309352860044
0.1493246935011377
0.14065149581411823
0.12720841187935542
0.11018284790604208
0.09103471627947843
0.07135579696888363
0.05266737198457391
0.03623965064906221
0.02291183096941118
0.01303623687954636
0.006443498256537793
0.0026207902903021513
0.0007881899078453534
0.0001360518335661949
0.09608727525109075
0.09413552935046565
0.08854427681640543
0.07980586634007727
0.06865608290869787
0.05606851763689572
0.04315168838833882
0.031000896994170406
0.02051549491639566
0.01227436177566912
0.006443498256537793
0.0028233372402420684
0.000925034010672336
0.00017282379146103122
0.05556757053305987
0.05444079573040613
0.05116567943862376
0.04596975055517274
0.03924937178970979
0.03159548829840172
0.023742401015646432
0.01643546336454561
0.010292451324274513
0.005668094021779887
0.0026207902903021513
0.000925034010672336
0.0001950273232377768
0.028879889558533975
0.028314603965262208
0.02663112663758264
0.023880286132872994
0.02022654850490918
0.015996327812402403
0.011642387956755897
0.007653065870201907
0.004417009273128687
0.0021364594117450307
0.0007881899078453534
0.00017282379146103122
0.013143967675384496
0.012915404376806343
0.012194537524296755
0.010944506924283058
0.00919988429888274
0.007115951397989853
0.004959891699242204
0.0030250913948129884
0.0015404183444986557
0.0005964502294892581
0.0001360518335661949
0.005066219456372161
0.004999786866536177
0.004762631658380947
0.004298070092567639
0.00358732599496891
0.0026976254208578732
0.0017678072765971577
0.0009610145965933443
0.00039411062376942194
9.39686858096721e-5
0.0015887742928784364
0.0015815972916457522
0.0015298444508673617
0.001393907807367531
0.0011549011827509468
0.0008349706967524592
0.0004991836846227908
0.00022306620669773375
5.67703672722034e-5
0.00039670677799790073
0.00040122150788013606
0.0003949451207035159
0.00036036777630059813
0.00029111014282692826
0.00019673446239039638
9.979197491016541e-5
2.8647434368228857e-5
0.00010015496914510541
0.00010206027485433655
9.684594837563459e-5
8.06100781544453e-5
5.6933444435796994e-5
3.15645574987038e-5
1.0335324138811536e-5
4.876631392038901e-5
4.7341822682088895e-5
3.809468125438661e-5
2.4046571106800384e-5
1.1223567073109304e-5
2.942056178571e-6
3.0864901898661116e-5
2.8471748594532336e-5
1.9707976586145894e-5
9.249331820346315e-6
2.419083933048553e-6
1.5292360793581255e-5
1.3420784276489072e-5
7.800035993476952e-6
2.4837325114375907e-6
5.378664369851246e-6
4.507753669338579e-6
2.036507429731372e-6
1.0846321938879876e-6
8.406426669694047e-7
1.13107549004428e-8
