1.0
0.885065255319606
0.6329164096265241
0.3580263718539687
0.14828568241300746
0.03662959605662743
0.003107809301949881
3.278781798306923e-5
-1.8426747332850456e-9
0.885065255319606
0.7890736385906754
0.563938171471002
0.3172976927855252
0.13022465705434172
0.03202864509954256
0.002878384986111842
4.280180688894182e-5
0.6329164096265241
0.563938171471002
0.40224108277695914
0.2206548041631376
0.08616354525421266
0.019413037490303545
0.0014445781533741237
0.3580263718539687
0.3172976927855252
0.2206548041631376
0.1143952072495348
0.03867939108605813
0.006202285148194922
0.14828568241300746
0.13022465705434172
0.08616354525421266
0.03867939108605813
0.009156404590742245
0.03662959605662743
0.03202864509954256
0.019413037490303545
0.006202285148194922
0.003107809301949881
0.002878384986111842
0.0014445781533741237
3.278781798306923e-5
4.280180688894182e-5
-1.8426747332850456e-9
