1.0
0.977336142436219
0.9160751045755009
0.824957769244127
0.7138035158980767
0.5925988099311293
0.47067274712771595
0.3559803008326001
0.25463161451485705
0.170586482141158
0.10559508290614132
0.05928117746638278
0.02943230946355122
0.01250735326848091
0.00435416369005645
0.0011790654648314127
0.0002482020795650924
6.898439326708963e-5
4.047525490894155e-5
2.1821410643226285e-5
8.039701040353945e-6
1.7852697017853297e-6
7.364280570024184e-9
0.977336142436219
0.9558993440657386
0.896374385639137
0.8073804639090375
0.6985923085494774
0.579865988707655
0.46039793199692386
0.3480498612514811
0.2488259929121939
0.1666147741580039
0.10309742880557761
0.05787415091744532
0.02875951697923302
0.012254672084924504
0.004292190321417091
0.0011767295686865643
0.00025322725292479116
6.948042316493866e-5
3.812317187063903e-5
1.9152324191699675e-5
6.702730404662573e-6
1.3334321240551601e-6
0.9160751045755009
0.896374385639137
0.8416874263194167
0.7585661743092795
0.6563292191040888
0.5444597916078382
0.43181598877182986
0.3259436564064673
0.23259524674597365
0.1554331889606108
0.09599207982314138
0.05381296735376751
0.02675249459426265
0.011452208677918787
0.004055549913080899
0.001133338453997949
0.0002471144765166915
6.0605557236134934e-5
2.7019659703055675e-5
1.1080252799540936e-5
2.904232053163538e-6
0.824957769244127
0.8073804639090375
0.7585661743092795
0.6843772177215163
0.5920871529530095
0.4906444851606661
0.38837089057306257
0.29233138911327383
0.20786067519796939
0.13831487593887842
0.08501872578705613
0.04743852607229144
0.023499557951316096
0.010054071837710218
0.0035774585257430406
0.0010075509629997605
0.00021490998211331577
4.280729603323853e-5
1.3115796838549273e-5
3.4308561220711824e-6
0.7138035158980767
0.6985923085494774
0.6563292191040888
0.5920871529530095
0.5122311879767059
0.4238019294019383
0.3344595644009898
0.2506423038089678
0.1771686021670584
0.11701094354310228
0.0712716739147574
0.03934362598558486
0.019252953310567082
0.008128020779362723
0.002849113331458786
0.000786271087188624
0.00015750163806244652
2.3102458356823508e-5
3.590574565689269e-6
0.5925988099311293
0.579865988707655
0.5444597916078382
0.4906444851606661
0.4238019294019383
0.349936442729725
0.27500965349303536
0.20477025177241354
0.14345279848450648
0.09362172336775815
0.056149497158114514
0.030383084554419248
0.014484527234056218
0.005906548270898682
0.0019724936222815983
0.000506161921397874
8.762340396812708e-5
7.252394132884116e-6
0.47067274712771595
0.46039793199692386
0.43181598877182986
0.38837089057306257
0.3344595644009898
0.27500965349303536
0.21494151607762735
0.15861840383984888
0.10969849174972764
0.070329222089137
0.04117228083408606
0.021552224195121632
0.00980874128858965
0.0037397217951601293
0.001126362369192174
0.0002425665117136785
2.720246572883076e-5
0.3559803008326001
0.3480498612514811
0.3259436564064673
0.29233138911327383
0.2506423038089678
0.20477025177241354
0.15861840383984888
0.1156636277714077
0.07856662025198935
0.0491010452148442
0.027724955571180467
0.013783140257127248
0.00580978366360457
0.001966773460933095
0.0004813489689757199
6.563033583741472e-5
0.25463161451485705
0.2488259929121939
0.23259524674597365
0.20786067519796939
0.1771686021670584
0.14345279848450648
0.10969849174972764
0.07856662025198935
0.052081969465578394
0.03139470601866184
0.016820520476977133
0.0077236368018136735
0.002871460560355234
0.0007826136709810394
0.00011813435919260599
0.170586482141158
0.1666147741580039
0.1554331889606108
0.13831487593887842
0.11701094354310228
0.09362172336775815
0.070329222089137
0.0491010452148442
0.03139470601866184
0.01799461809150911
0.008919817628992778
0.0036187100403974825
0.0010777124091491007
0.00018213421320618852
0.10559508290614132
0.10309742880557761
0.09599207982314138
0.08501872578705613
0.0712716739147574
0.056149497158114514
0.04117228083408606
0.027724955571180467
0.016820520476977133
0.008919817628992778
0.003930670168936148
0.001288798298232579
0.00023862246701780555
0.05928117746638278
0.05787415091744532
0.05381296735376751
0.04743852607229144
0.03934362598558486
0.030383084554419248
0.021552224195121632
0.013783140257127248
0.0077236368018136735
0.0036187100403974825
0.001288798298232579
0.0002724343050668007
0.02943230946355122
0.02875951697923302
0.02675249459426265
0.023499557951316096
0.019252953310567082
0.014484527234056218
0.00980874128858965
0.00580978366360457
0.002871460560355234
0.0010777124091491007
0.00023862246701780555
0.01250735326848091
0.012254672084924504
0.011452208677918787
0.010054071837710218
0.008128020779362723
0.005906548270898682
0.0037397217951601293
0.001966773460933095
0.0007826136709810394
0.00018213421320618852
0.00435416369005645
0.004292190321417091
0.004055549913080899
0.0035774585257430406
0.002849113331458786
0.0019724936222815983
0.001126362369192174
0.0004813489689757199
0.00011813435919260599
0.0011790654648314127
0.0011767295686865643
0.001133338453997949
0.0010075509629997605
0.000786271087188624
0.000506161921397874
0.0002425665117136785
6.563033583741472e-5
0.0002482020795650924
0.00025322725292479116
0.0002471144765166915
0.00021490998211331577
0.00015750163806244652
8.762340396812708e-5
2.720246572883076e-5
6.898439326708963e-5
6.948042316493866e-5
6.0605557236134934e-5
4.280729603323853e-5
2.3102458356823508e-5
7.252394132884116e-6
4.047525490894155e-5
3.812317187063903e-5
2.7019659703055675e-5
1.3115796838549273e-5
3.590574565689269e-6
2.1821410643226285e-5
1.9152324191699675e-5
1.1080252799540936e-5
3.4308561220711824e-6
8.039701040353945e-6
6.702730404662573e-6
2.904232053163538e-6
1.7852697017853297e-6
1.3334321240551601e-6
7.364280570024184e-9
