1.0
0.9819089029682435
0.9323403007199829
0.8573424272439651
0.7637710584671424
0.6587842714491894
0.5493319783971137
0.441720608016674
0.3412490311456125
0.2519757791096716
0.17658536451633206
0.11635107553821913
0.07118708868182506
0.03979358954373601
0.019904713610755152
0.008668486189880033
0.00317430045262767
0.0009384685285724104
0.00022579560805929607
6.627331178219787e-5
3.820584917748787e-5
2.1652167706472562e-5
9.4113499335201e-6
2.6481672195363947e-6
3.806288171265865e-7
3.4613664481609195e-10
0.9819089029682435
0.9646678841320268
0.916282936789221
0.8427326653376177
0.7507978376084943
0.6475504202996837
0.5398698871004729
0.4339916372624402
0.3351622072421406
0.24738880944579178
0.17330859844189478
0.11415948820269123
0.06983738579281132
0.03904852252492563
0.01955573415052566
0.008540184850687483
0.003142658881636437
0.0009388799552785679
0.00022887885899118448
6.709024967514384e-5
3.604368971046555e-5
1.9663403788012468e-5
7.87653919838597e-6
2.1619422968257996e-6
2.355701976017879e-7
0.9323403007199829
0.916282936789221
0.8712310337374082
0.8017364766085674
0.7143702987753964
0.6159949286090959
0.5132732029401976
0.41225476247214154
0.31801801201357377
0.23442968796024014
0.16400398230845875
0.10788679855278167
0.06593106852392479
0.03685913374130354
0.018494339482828828
0.008121225886516974
0.0030202183535449553
0.000917169675808457
0.00022665152590828927
6.120473330668071e-5
2.804231759169003e-5
1.2918950411760643e-5
4.446100386413305e-6
9.245351305102269e-7
0.8573424272439651
0.8427326653376177
0.8017364766085674
0.7384962704496184
0.6581706815004182
0.5672987887364892
0.47223092813033857
0.3787097385859622
0.2915483148776611
0.21438527175387673
0.14955715760781407
0.09808437609470248
0.05976342906560911
0.03333572375407908
0.016720307018590064
0.007364567929274604
0.0027609802226466625
0.0008471606576888194
0.00020711246818361356
4.858293644604508e-5
1.6498303447023456e-5
5.688388555133386e-6
1.3493632733799976e-6
0.7637710584671424
0.7507978376084943
0.7143702987753964
0.6581706815004182
0.5868045803871025
0.5054847611896705
0.4201542423263667
0.33616935522136354
0.25798492246160293
0.18894789590566904
0.13117480800742207
0.08554536093778359
0.05179644547655421
0.028700132929481422
0.014304339997779908
0.006266874071250965
0.0023388671206764707
0.0007136189403003314
0.00016806203468426736
3.231109252400345e-5
7.248565825073724e-6
1.404875994378232e-6
0.6587842714491894
0.6475504202996837
0.6159949286090959
0.5672987887364892
0.5054847611896705
0.43512278850460145
0.3609514811730087
0.28786961858824933
0.21992194924041866
0.16011601893336458
0.11032481302225491
0.0712837547898303
0.04267576617254881
0.023325886550741696
0.01143696025794529
0.004910619037748535
0.0017866567267123237
0.0005255660031599026
0.00011481464447632527
1.715407791913762e-5
1.8095601659911849e-6
0.5493319783971137
0.5398698871004729
0.5132732029401976
0.47223092813033857
0.4201542423263667
0.3609514811730087
0.2986759504217909
0.23718420433978815
0.18007929475753603
0.1300095357299936
0.08859958824319089
0.05643866588969381
0.03317937254821767
0.017711286750408457
0.008418740755201548
0.0034661080907490292
0.001189488406975329
0.00031996816453432964
5.924940572742643e-5
5.318297102741039e-6
0.441720608016674
0.4339916372624402
0.41225476247214154
0.3787097385859622
0.33616935522136354
0.28786961858824933
0.23718420433978815
0.1873191490772861
0.1410493571923675
0.10066899686192742
0.06754721851138162
0.04215068479839361
0.024104989290000777
0.012396949832335358
0.005595818322426617
0.002139103002770502
0.0006544673332011614
0.000145835861017749
1.6438698003408674e-5
0.3412490311456125
0.3351622072421406
0.31801801201357377
0.2915483148776611
0.25798492246160293
0.21992194924041866
0.18007929475753603
0.1410493571923675
0.1050716568675516
0.07384618564679125
0.04851187373060898
0.029402160001023206
0.01615379955414445
0.007848786662847461
0.0032660675972532387
0.0010980995906386285
0.0002706253777706031
3.632263440440292e-5
0.2519757791096716
0.24738880944579178
0.23442968796024014
0.21438527175387673
0.18894789590566904
0.16011601893336458
0.1300095357299936
0.10066899686192742
0.07384618564679125
0.050858044847550785
0.032464665787093554
0.018901077614644764
0.009797616977100755
0.004371612569456929
0.0015918737169062214
0.0004283344501426378
6.216709632097456e-5
0.17658536451633206
0.17330859844189478
0.16400398230845875
0.14955715760781407
0.13117480800742207
0.11032481302225491
0.08859958824319089
0.06754721851138162
0.04851187373060898
0.032464665787093554
0.01993664683269509
0.010970658713402397
0.005230043232042841
0.0020371218395836286
0.0005913408894404032
9.45600833553145e-5
0.11635107553821913
0.11415948820269123
0.10788679855278167
0.09808437609470248
0.08554536093778359
0.0712837547898303
0.05643866588969381
0.04215068479839361
0.029402160001023206
0.018901077614644764
0.010970658713402397
0.005571999230833408
0.002333216553353457
0.0007259015070359632
0.00012501799403521652
0.07118708868182506
0.06983738579281132
0.06593106852392479
0.05976342906560911
0.05179644547655421
0.04267576617254881
0.03317937254821767
0.024104989290000777
0.01615379955414445
0.009797616977100755
0.005230043232042841
0.002333216553353457
0.0007896259186477909
0.0001483596286098532
0.03979358954373601
0.03904852252492563
0.03685913374130354
0.03333572375407908
0.028700132929481422
0.023325886550741696
0.017711286750408457
0.012396949832335358
0.007848786662847461
0.004371612569456929
0.0020371218395836286
0.0007259015070359632
0.0001483596286098532
0.019904713610755152
0.01955573415052566
0.018494339482828828
0.016720307018590064
0.014304339997779908
0.01143696025794529
0.008418740755201548
0.005595818322426617
0.0032660675972532387
0.0015918737169062214
0.0005913408894404032
0.00012501799403521652
0.008668486189880033
0.008540184850687483
0.008121225886516974
0.007364567929274604
0.006266874071250965
0.004910619037748535
0.0034661080907490292
0.002139103002770502
0.0010980995906386285
0.0004283344501426378
9.45600833553145e-5
0.00317430045262767
0.003142658881636437
0.0030202183535449553
0.0027609802226466625
0.0023388671206764707
0.0017866567267123237
0.001189488406975329
0.0006544673332011614
0.0002706253777706031
6.216709632097456e-5
0.0009384685285724104
0.0009388799552785679
0.000917169675808457
0.0008471606576888194
0.0007136189403003314
0.0005255660031599026
0.00031996816453432964
0.000145835861017749
3.632263440440292e-5
0.00022579560805929607
0.00022887885899118448
0.00022665152590828927
0.00020711246818361356
0.00016806203468426736
0.00011481464447632527
5.924940572742643e-5
1.6438698003408674e-5
6.627331178219787e-5
6.709024967514384e-5
6.120473330668071e-5
4.858293644604508e-5
3.231109252400345e-5
1.715407791913762e-5
5.318297102741039e-6
3.820584917748787e-5
3.604368971046555e-5
2.804231759169003e-5
1.6498303447023456e-5
7.248565825073724e-6
1.8095601659911849e-6
2.1652167706472562e-5
1.9663403788012468e-5
1.2918950411760643e-5
5.688388555133386e-6
1.404875994378232e-6
9.4113499335201e-6
7.87653919838597e-6
4.446100386413305e-6
1.3493632733799976e-6
2.6481672195363947e-6
2.1619422968257996e-6
9.245351305102269e-7
3.806288171265865e-7
2.355701976017879e-7
3.4613664481609195e-10
