1.0
0.9901587002857205
0.9624394994168378
0.9190823416742189
0.8626461823594609
0.7958999019706585
0.7217057049686066
0.6429128981339802
0.5622513315682682
0.48224107227423146
0.4051135353178488
0.3327540675891227
0.26666262524332857
0.20793022688788337
0.1572321683184226
0.11482951198297948
0.08059198997707534
0.05403179706866433
0.03435816466888135
0.02054795307589959
0.011440417364551139
0.005858638730228774
0.0027225322597113264
0.0011325393244658447
0.0004208048678691264
0.00014917437056685362
6.435823462509015e-5
3.9507251615655516e-5
2.762660582453791e-5
1.7132495220902834e-5
9.207732904303515e-6
4.004358641733321e-6
1.3386720111247813e-6
2.6358134491478525e-7
3.612671859769636e-8
4.103405179681895e-11
0.9901587002857205
0.9806364196002957
0.9533406503288312
0.9104966695919066
0.8546482554245443
0.7885451959029187
0.7150337322253998
0.6369443665334235
0.5569921356103089
0.47768197160430337
0.40123330736047796
0.32952041804667465
0.2640321338709916
0.20585009062623907
0.15563912409057296
0.11365507951599434
0.07976393194115075
0.05347945612621271
0.03401438901976817
0.02035361100189828
0.011342979930895215
0.005817463035144692
0.00270970671692661
0.0011316236601385974
0.0004226423138354959
0.00015072267138149963
6.43866898149501e-5
3.880137406418117e-5
2.6375865980535582e-5
1.6147339891229477e-5
8.418514718489859e-6
3.647212686872863e-6
1.156636995599783e-6
2.469130707816693e-7
2.3755510373317695e-8
0.9624394994168378
0.9533406503288312
0.9272661297780863
0.8858952255555789
0.831726244860714
0.7674634851761295
0.6959025692623287
0.6198272556221893
0.5419050677654594
0.46460016925172826
0.39009445367451623
0.32022943567922696
0.25646393899540204
0.19985059482645592
0.15103091360746052
0.11024271571495181
0.07734533518046315
0.05185404165530436
0.03299372308236482
0.01976595700444211
0.011040564881916693
0.005683025179999945
0.0026619654392006616
0.0011206202421250575
0.00042267235591341963
0.00015064876234908438
6.20261061621451e-5
3.462404182816104e-5
2.2191988558097213e-5
1.2725125478687432e-5
6.315834131603765e-6
2.528836325257193e-6
7.605226623421067e-7
1.2972788310671938e-7
0.9190823416742189
0.9104966695919066
0.8858952255555789
0.8468640693613287
0.7953581134577056
0.7340083475579475
0.6655382428925645
0.5926543754412509
0.5179532442073643
0.44383005720995833
0.372406340787362
0.30546878051931475
0.24442723331590566
0.19029191959011044
0.1436685843111412
0.10477103911996195
0.07344647696644833
0.04921456526720695
0.03131564526533457
0.01877947233856694
0.010515081758272583
0.005436239924667178
0.002562910787540916
0.0010881144217771222
0.0004133414673489392
0.00014581777457424124
5.585608335818067e-5
2.7619369893716027e-5
1.5752811326929533e-5
8.158583760638463e-6
3.5776152007342305e-6
1.252998434612659e-6
2.943925995381069e-7
0.8626461823594609
0.8546482554245443
0.831726244860714
0.7953581134577056
0.7473669802615737
0.6898602472757862
0.6254645304941242
0.5567922916733307
0.4863425327308509
0.4164208958702468
0.34906400464796955
0.2859838237857137
0.22852494551191785
0.1776430781906073
0.1339016932685946
0.09748461987770571
0.06822663749434127
0.0456507298053994
0.029019087885551027
0.01739988996277618
0.00975396911350801
0.005057286972355221
0.00239567670224606
0.001022649512694462
0.00038894077671830003
0.00013408867925464128
4.679648730591653e-5
1.939361028848345e-5
9.361593734078857e-6
3.990973819310576e-6
1.4165029790959642e-6
3.6645045180433947e-7
0.7958999019706585
0.7885451959029187
0.7674634851761295
0.7340083475579475
0.6898602472757862
0.6369656237470527
0.5774598812407679
0.5138396344062234
0.4484921005460994
0.3836103762945138
0.321128181103433
0.26266411469360834
0.20948421153784083
0.16248088294128818
0.12216944754400799
0.08870339745923797
0.06190321698320961
0.04129843167185576
0.026178894875991655
0.015659672733675835
0.008763696948322113
0.004540068306188242
0.0021507713750237418
0.0009178934264141999
0.00034673326636399423
0.00011554468341861704
3.607912409512844e-5
1.2031555514192152e-5
4.487718655523748e-6
1.3753559416868753e-6
3.339065393827994e-7
0.7217057049686066
0.7150337322253998
0.6959025692623287
0.6655382428925645
0.6254645304941242
0.5774598812407679
0.5234778606530394
0.4655631891551863
0.4059725099358414
0.3467740575112559
0.28978130949006714
0.23650703544281684
0.18812797622922395
0.14546625059855026
0.10898742431064612
0.07881285933965669
0.0547521981546571
0.03634470154706569
0.022913377397695056
0.013627095390898014
0.007579402926560693
0.0039007227998071573
0.0018342566861865531
0.0007755312502645948
0.00028804173472683623
9.173170072860447e-5
2.5276886179856933e-5
6.388095362073516e-6
1.6454581538929928e-6
2.760204724469345e-7
0.6429128981339802
0.6369443665334235
0.6198272556221893
0.5926543754412509
0.5567922916733307
0.5138396344062234
0.4655631891551863
0.4138116275817134
0.3604333932025043
0.30735819807712134
0.25627113755943315
0.20856951322723438
0.16533364607432408
0.1273126827565498
0.0949198428774872
0.06824747343500592
0.047096346962758294
0.031021103387876225
0.019381511422569567
0.011406542153109664
0.006267016516874015
0.0031786247404026764
0.0014686241669138575
0.0006070095114050452
0.00021802863090997248
6.526934334408908e-5
1.545115385240345e-5
2.7043895403101827e-6
3.5291273518444536e-7
0.5622513315682682
0.5569921356103089
0.5419050677654594
0.5179532442073643
0.4863425327308509
0.4484921005460994
0.4059725099358414
0.3604333932025043
0.3135219164395308
0.2668101618788811
0.22184835304537945
0.17991389469222083
0.141989150330559
0.10874671967540527
0.08055042560360756
0.05746413255000676
0.039285744974423116
0.02558697176818686
0.0157709466198498
0.009129854529144544
0.004915565190575868
0.002431116053894721
0.0010880089801885186
0.0004311523749745941
0.00014567596287509905
3.923724036301549e-5
7.598112385041321e-6
6.535412181370175e-7
0.48224107227423146
0.47768197160430337
0.46460016925172826
0.44383005720995833
0.4164208958702468
0.3836103762945138
0.3467740575112559
0.30735819807712134
0.2668101618788811
0.22650894022859955
0.18770473026994214
0.1515560230838909
0.11894451239803601
0.09047037145882637
0.0664461475057154
0.04691391115235841
0.03166887690674172
0.020307656630711476
0.012277409578165777
0.006938457636587864
0.0036229998759480437
0.0017221558247619098
0.0007311945767382688
0.000269558442843913
8.136235637087961e-5
1.801727544785535e-5
2.102182816605075e-6
0.4051135353178488
0.40123330736047796
0.39009445367451623
0.372406340787362
0.34906400464796955
0.321128181103433
0.28978130949006714
0.25627113755943315
0.22184835304537945
0.18770473026994214
0.1549193204318949
0.12441214796595487
0.0969701150766313
0.07311777265587625
0.053124048182199776
0.03700629160857838
0.024566588415324577
0.015425614797770125
0.009082026677080883
0.004961258999444981
0.0024783262393589535
0.0011090893281560433
0.0004329705420540113
0.00014062284396521542
3.4524816776601035e-5
4.557027932564606e-6
0.3327540675891227
0.32952041804667465
0.32022943567922696
0.30546878051931475
0.2859838237857137
0.26266411469360834
0.23650703544281684
0.20856951322723438
0.17991389469222083
0.1515560230838909
0.12441214796595487
0.09926193307896734
0.07671336013938483
0.0572238779998384
0.04101273786205206
0.028083316612709398
0.018240309497221163
0.011139174253972942
0.0063259021211007
0.0032971720116970636
0.0015449310198559457
0.0006316948476309252
0.0002145479603255885
5.564027129377779e-5
8.157944068561985e-6
0.26666262524332857
0.2640321338709916
0.25646393899540204
0.24442723331590566
0.22852494551191785
0.20948421153784083
0.18812797622922395
0.16533364607432408
0.141989150330559
0.11894451239803601
0.0969701150766313
0.07671336013938483
0.05867610520819201
0.043189027188245376
0.030432690089832157
0.020388143219711736
0.012875399589574404
0.007577535383517626
0.0040984738174921044
0.001999182499887975
0.0008540177470841748
0.00030253986847186734
8.117807358824093e-5
1.2285971309136844e-5
0.20793022688788337
0.20585009062623907
0.19985059482645592
0.19029191959011044
0.1776430781906073
0.16248088294128818
0.14546625059855026
0.1273126827565498
0.10874671967540527
0.09047037145882637
0.07311777265587625
0.0572238779998384
0.043189027188245376
0.03127158499641316
0.02157099811771094
0.014059124895269707
0.008559916090312513
0.004797590872533239
0.002424451360804064
0.0010759319245769445
0.0003978367461232366
0.00011134509134996103
1.738866601536726e-5
0.1572321683184226
0.15563912409057296
0.15103091360746052
0.1436685843111412
0.1339016932685946
0.12216944754400799
0.10898742431064612
0.0949198428774872
0.08055042560360756
0.0664461475057154
0.053124048182199776
0.04101273786205206
0.030432690089832157
0.02157099811771094
0.014488291570675256
0.009114942700091168
0.005293180139142401
0.00277501283492131
0.0012746221119475003
0.0004883284297677547
0.0001425956150044885
2.3413863780592982e-5
0.11482951198297948
0.11365507951599434
0.11024271571495181
0.10477103911996195
0.09748461987770571
0.08870339745923797
0.07881285933965669
0.06824747343500592
0.05746413255000676
0.04691391115235841
0.03700629160857838
0.028083316612709398
0.020388143219711736
0.014059124895269707
0.009114942700091168
0.005478362708750699
0.0029842931318618893
0.0014271964665137926
0.0005662187331651298
0.00017081635257758755
2.928362633776123e-5
0.08059198997707534
0.07976393194115075
0.07734533518046315
0.07344647696644833
0.06822663749434127
0.06190321698320961
0.0547521981546571
0.047096346962758294
0.039285744974423116
0.03166887690674172
0.024566588415324577
0.018240309497221163
0.012875399589574404
0.008559916090312513
0.005293180139142401
0.0029842931318618893
0.001488609379454673
0.0006195485627785931
0.00019460082423184552
3.440265622668895e-5
0.05403179706866433
0.05347945612621271
0.05185404165530436
0.04921456526720695
0.0456507298053994
0.04129843167185576
0.03634470154706569
0.031021103387876225
0.02558697176818686
0.020307656630711476
0.015425614797770125
0.011139174253972942
0.007577535383517626
0.004797590872533239
0.00277501283492131
0.0014271964665137926
0.0006195485627785931
0.00020649691244408022
3.873550008723634e-5
0.03435816466888135
0.03401438901976817
0.03299372308236482
0.03131564526533457
0.029019087885551027
0.026178894875991655
0.022913377397695056
0.019381511422569567
0.0157709466198498
0.012277409578165777
0.009082026677080883
0.0063259021211007
0.0040984738174921044
0.002424451360804064
0.0012746221119475003
0.0005662187331651298
0.00019460082423184552
3.873550008723634e-5
0.02054795307589959
0.02035361100189828
0.01976595700444211
0.01877947233856694
0.01739988996277618
0.015659672733675835
0.013627095390898014
0.011406542153109664
0.009129854529144544
0.006938457636587864
0.004961258999444981
0.0032971720116970636
0.001999182499887975
0.0010759319245769445
0.0004883284297677547
0.00017081635257758755
3.440265622668895e-5
0.011440417364551139
0.011342979930895215
0.011040564881916693
0.010515081758272583
0.00975396911350801
0.008763696948322113
0.007579402926560693
0.006267016516874015
0.004915565190575868
0.0036229998759480437
0.0024783262393589535
0.0015449310198559457
0.0008540177470841748
0.0003978367461232366
0.0001425956150044885
2.928362633776123e-5
0.005858638730228774
0.005817463035144692
0.005683025179999945
0.005436239924667178
0.005057286972355221
0.004540068306188242
0.0039007227998071573
0.0031786247404026764
0.002431116053894721
0.0017221558247619098
0.0011090893281560433
0.0006316948476309252
0.00030253986847186734
0.00011134509134996103
2.3413863780592982e-5
0.0027225322597113264
0.00270970671692661
0.0026619654392006616
0.002562910787540916
0.00239567670224606
0.0021507713750237418
0.0018342566861865531
0.0014686241669138575
0.0010880089801885186
0.0007311945767382688
0.0004329705420540113
0.0002145479603255885
8.117807358824093e-5
1.738866601536726e-5
0.0011325393244658447
0.0011316236601385974
0.0011206202421250575
0.0010881144217771222
0.001022649512694462
0.0009178934264141999
0.0007755312502645948
0.0006070095114050452
0.0004311523749745941
0.000269558442843913
0.00014062284396521542
5.564027129377779e-5
1.2285971309136844e-5
0.0004208048678691264
0.0004226423138354959
0.00042267235591341963
0.0004133414673489392
0.00038894077671830003
0.00034673326636399423
0.00028804173472683623
0.00021802863090997248
0.00014567596287509905
8.136235637087961e-5
3.4524816776601035e-5
8.157944068561985e-6
0.00014917437056685362
0.00015072267138149963
0.00015064876234908438
0.00014581777457424124
0.00013408867925464128
0.00011554468341861704
9.173170072860447e-5
6.526934334408908e-5
3.923724036301549e-5
1.801727544785535e-5
4.557027932564606e-6
6.435823462509015e-5
6.43866898149501e-5
6.20261061621451e-5
5.585608335818067e-5
4.679648730591653e-5
3.607912409512844e-5
2.5276886179856933e-5
1.545115385240345e-5
7.598112385041321e-6
2.102182816605075e-6
3.9507251615655516e-5
3.880137406418117e-5
3.462404182816104e-5
2.7619369893716027e-5
1.939361028848345e-5
1.2031555514192152e-5
6.388095362073516e-6
2.7043895403101827e-6
6.535412181370175e-7
2.762660582453791e-5
2.6375865980535582e-5
2.2191988558097213e-5
1.5752811326929533e-5
9.361593734078857e-6
4.487718655523748e-6
1.6454581538929928e-6
3.5291273518444536e-7
1.7132495220902834e-5
1.6147339891229477e-5
1.2725125478687432e-5
8.158583760638463e-6
3.990973819310576e-6
1.3753559416868753e-6
2.760204724469345e-7
9.207732904303515e-6
8.418514718489859e-6
6.315834131603765e-6
3.5776152007342305e-6
1.4165029790959642e-6
3.339065393827994e-7
4.004358641733321e-6
3.647212686872863e-6
2.528836325257193e-6
1.252998434612659e-6
3.6645045180433947e-7
1.3386720111247813e-6
1.156636995599783e-6
7.605226623421067e-7
2.943925995381069e-7
2.6358134491478525e-7
2.469130707816693e-7
1.2972788310671938e-7
3.612671859769636e-8
2.3755510373317695e-8
4.103405179681895e-11
