1.0
0.8613075958750603
0.5707897727620055
0.27959624426001783
0.0878723262516559
0.01099263185600376
0.00010579388691201687
1.68339043333881e-5
0.8613075958750603
0.7486365219800616
0.4953591188052636
0.24064193234759476
0.07400921720768949
0.00932605938275994
8.9310438158594e-5
0.5707897727620055
0.4953591188052636
0.32476410228954944
0.15050520007942553
0.041736791649586436
0.003939380971675491
0.27959624426001783
0.24064193234759476
0.15050520007942553
0.06210728121700644
0.011911905769430107
0.0878723262516559
0.07400921720768949
0.041736791649586436
0.011911905769430107
0.01099263185600376
0.00932605938275994
0.003939380971675491
0.00010579388691201687
8.9310438158594e-5
1.68339043333881e-5
