1.0
0.9877140670487726
0.9534122365231924
0.9003096261659504
0.8320774533360488
0.7526520767324673
0.6660340926802427
0.5761074816845303
0.48646591624365143
0.4002753511393539
0.3201656765495949
0.2481632743594357
0.18565508401061978
0.13337653341006708
0.0914312225696444
0.05933652664800235
0.03610543340354964
0.020359021481794574
0.010485449743883083
0.0048462635223762065
0.001970598529060263
0.0006923779441362841
0.00021606690888403165
7.604945586623672e-5
4.192453220014929e-5
2.816460722403071e-5
1.650376791956428e-5
7.807911704486783e-6
2.8648676741161343e-6
6.299280117738088e-7
8.82939647277816e-8
1.0573454208891303e-10
0.9877140670487726
0.9758832121988765
0.9421963508746085
0.8898426931125348
0.8224661558754467
0.7439699774106792
0.6583268222229808
0.5693894783614274
0.4807277671653644
0.39548441161039
0.31627024756625516
0.24509362865126905
0.18332254993875086
0.13167944638742385
0.0902582786567968
0.05857650533775545
0.035651722781229404
0.02011824402207343
0.010375731095271904
0.004806666756951472
0.0019619432446849948
0.0006940615891678983
0.00021818901152879125
7.680713071250537e-5
4.089067905557013e-5
2.6821966824887036e-5
1.5107889857055525e-5
7.042075678602696e-6
2.43913367923689e-6
5.591915356652468e-7
5.7165572938926857e-8
0.9534122365231924
0.9421963508746085
0.9102698904951796
0.8600494377106215
0.7950994453182312
0.7192433490773218
0.6363669574771947
0.5502441796104376
0.4643681940337503
0.3818177463115368
0.30514554669315985
0.23630757614896666
0.1766253546088385
0.12678286456233806
0.08685356111321006
0.056350732961009516
0.0343086263033538
0.019388487293049598
0.010031040802567464
0.0046719342654023615
0.001923298466365997
0.0006884422226923278
0.0002183596400955875
7.406678844324553e-5
3.594201568360998e-5
2.1414872343961175e-5
1.1201099699414499e-5
4.72080993813878e-6
1.498669004796552e-6
2.7639982494464673e-7
0.9003096261659504
0.8898426931125348
0.8600494377106215
0.8131862339424355
0.7520495264615503
0.6803363504768005
0.6018084256349471
0.5201102564233504
0.43861840932183704
0.3603024105515922
0.28762073647435504
0.2224464178476642
0.16603122759998268
0.11900691950080591
0.08141479087620948
0.052765328640143716
0.03211288102809388
0.018163761897890266
0.009425049506781564
0.004415211831386337
0.0018333522985031882
0.000662750326066166
0.00020962210673186528
6.647893702567843e-5
2.72443961683909e-5
1.3974295229670176e-5
6.177210419200424e-6
2.1883649642067223e-6
5.278197382570501e-7
0.8320774533360488
0.8224661558754467
0.7950994453182312
0.7520495264615503
0.6958895353422015
0.6295825095897718
0.5567258109869266
0.48080492287609644
0.405036379714214
0.33224526182546743
0.264759698080073
0.2043445678694396
0.15216560795388429
0.1087914579910547
0.07422946539444394
0.04798424262440274
0.029139078701012674
0.016461194256462745
0.008544121345760105
0.0040119778498895284
0.0016731675330465916
0.0006063643615703701
0.0001886853217675147
5.443591502802445e-5
1.7869837806634843e-5
7.136132009841636e-6
2.352962624760096e-6
5.907797783363021e-7
0.7526520767324673
0.7439699774106792
0.7192433490773218
0.6803363504768005
0.6295825095897718
0.5696767692928595
0.503535534981115
0.43445056060925585
0.36545270712878736
0.2991880168923416
0.23782880138270268
0.18301068225120776
0.13580065715987596
0.0967014157055138
0.06568352875576221
0.04225119723810424
0.025524714093680678
0.014345165202144239
0.007409170179142274
0.00346254264595748
0.0014370404117509
0.00051635679508005
0.00015575892636564458
4.010648491712815e-5
9.857212907617218e-6
2.7273240738352623e-6
5.225989541824407e-7
0.6660340926802427
0.6583268222229808
0.6363669574771947
0.6018084256349471
0.5567258109869266
0.503535534981115
0.4448556191815991
0.38335952729079703
0.32186546336410277
0.2628222900724399
0.2082263071061667
0.15956974965258056
0.11781529074872171
0.08339571656486393
0.05625052104329624
0.03588833199319093
0.02147580174458931
0.01193785006220704
0.0060871232485132775
0.0028016786900698174
0.0011408908067804119
0.0003991835092493575
0.00011444546182302907
2.559820127855509e-5
4.315181855137233e-6
6.228393073949198e-7
0.5761074816845303
0.5693894783614274
0.5502441796104376
0.5201102564233504
0.48080492287609644
0.43445056060925585
0.38335952729079703
0.3298912827356277
0.2763202530800234
0.2248842336042382
0.17739369902797641
0.1351929282852018
0.09913431187010291
0.06958574992346808
0.046457948899411745
0.029274102248807964
0.017252009938528007
0.009410893266606742
0.0046866587288406794
0.0020931626296389182
0.0008195010929448869
0.0002711390737280642
7.060949241946942e-5
1.304773192226458e-5
1.0724898199042095e-6
0.48646591624365143
0.4807277671653644
0.4643681940337503
0.43861840932183704
0.405036379714214
0.36545270712878736
0.32186546336410277
0.2763202530800234
0.2307860861160708
0.1870465653252174
0.14672671178800092
0.11101784145761305
0.08066826645189307
0.055979469888731946
0.03684464890382382
0.022803367329640882
0.013136780733577918
0.006960034327203313
0.0033365275496385943
0.0014156236551462235
0.000516358497309075
0.00015329776668729806
3.3043231773694755e-5
3.705993291410281e-6
0.4002753511393539
0.39548441161039
0.3818177463115368
0.3603024105515922
0.33224526182546743
0.2991880168923416
0.2628222900724399
0.2248842336042382
0.1870465653252174
0.15082309662782187
0.11748422388483595
0.08807765756786153
0.06324289347198171
0.04322738946166021
0.027904326356629375
0.01684533876198978
0.009393740761319545
0.004768889894637679
0.002156205225780461
0.000842126261752601
0.0002707214865919897
6.547205527344425e-5
8.470477904546796e-6
0.3201656765495949
0.31627024756625516
0.30514554669315985
0.28762073647435504
0.264759698080073
0.23782880138270268
0.2082263071061667
0.17739369902797641
0.14672671178800092
0.11748422388483595
0.09072011315483554
0.06722475256986139
0.04754232318560118
0.031857522206799396
0.020041209319279874
0.011691979179407433
0.006230254978624338
0.0029719524696865496
0.001230639474321631
0.0004189612275357401
0.00010741770626388097
1.54694429291024e-5
0.2481632743594357
0.24509362865126905
0.23630757614896666
0.2224464178476642
0.2043445678694396
0.18301068225120776
0.15956974965258056
0.1351929282852018
0.11101784145761305
0.08807765756786153
0.06722475256986139
0.049092224384348036
0.034051538631456615
0.022242316662923315
0.01352074269410436
0.007531591596720942
0.0037620205133222146
0.0016387818856756552
0.0005898871114722749
0.00015917845408357003
2.380083546925006e-5
0.18565508401061978
0.18332254993875086
0.1766253546088385
0.16603122759998268
0.15216560795388429
0.13580065715987596
0.11781529074872171
0.09913431187010291
0.08066826645189307
0.06324289347198171
0.04754232318560118
0.034051538631456615
0.02304337480755358
0.014559030156186047
0.008459763464591805
0.00441957585453122
0.002012537332894711
0.000759848255063692
0.000216800693881268
3.4329102239702804e-5
0.13337653341006708
0.13167944638742385
0.12678286456233806
0.11900691950080591
0.1087914579910547
0.0967014157055138
0.08339571656486393
0.06958574992346808
0.055979469888731946
0.04322738946166021
0.031857522206799396
0.022242316662923315
0.014559030156186047
0.008806844968757891
0.00481181774572635
0.0022988594962339514
0.0009070154400198319
0.0002705271062144018
4.54953199506363e-5
0.0914312225696444
0.0902582786567968
0.08685356111321006
0.08141479087620948
0.07422946539444394
0.06568352875576221
0.05625052104329624
0.046457948899411745
0.03684464890382382
0.027904326356629375
0.020041209319279874
0.01352074269410436
0.008459763464591805
0.00481181774572635
0.0024134141018925443
0.0010063571520428415
0.00031511520064693904
5.52444785363886e-5
0.05933652664800235
0.05857650533775545
0.056350732961009516
0.052765328640143716
0.04798424262440274
0.04225119723810424
0.03588833199319093
0.029274102248807964
0.022803367329640882
0.01684533876198978
0.011691979179407433
0.007531591596720942
0.00441957585453122
0.0022988594962339514
0.0010063571520428415
0.0003369487259161805
6.319896993923516e-5
0.03610543340354964
0.035651722781229404
0.0343086263033538
0.03211288102809388
0.029139078701012674
0.025524714093680678
0.02147580174458931
0.017252009938528007
0.013136780733577918
0.009393740761319545
0.006230254978624338
0.0037620205133222146
0.002012537332894711
0.0009070154400198319
0.00031511520064693904
6.319896993923516e-5
0.020359021481794574
0.02011824402207343
0.019388487293049598
0.018163761897890266
0.016461194256462745
0.014345165202144239
0.01193785006220704
0.009410893266606742
0.006960034327203313
0.004768889894637679
0.0029719524696865496
0.0016387818856756552
0.000759848255063692
0.0002705271062144018
5.52444785363886e-5
0.010485449743883083
0.010375731095271904
0.010031040802567464
0.009425049506781564
0.008544121345760105
0.007409170179142274
0.0060871232485132775
0.0046866587288406794
0.0033365275496385943
0.002156205225780461
0.001230639474321631
0.0005898871114722749
0.000216800693881268
4.54953199506363e-5
0.0048462635223762065
0.004806666756951472
0.0046719342654023615
0.004415211831386337
0.0040119778498895284
0.00346254264595748
0.0028016786900698174
0.0020931626296389182
0.0014156236551462235
0.000842126261752601
0.0004189612275357401
0.00015917845408357003
3.4329102239702804e-5
0.001970598529060263
0.0019619432446849948
0.001923298466365997
0.0018333522985031882
0.0016731675330465916
0.0014370404117509
0.0011408908067804119
0.0008195010929448869
0.000516358497309075
0.0002707214865919897
0.00010741770626388097
2.380083546925006e-5
0.0006923779441362841
0.0006940615891678983
0.0006884422226923278
0.000662750326066166
0.0006063643615703701
0.00051635679508005
0.0003991835092493575
0.0002711390737280642
0.00015329776668729806
6.547205527344425e-5
1.54694429291024e-5
0.00021606690888403165
0.00021818901152879125
0.0002183596400955875
0.00020962210673186528
0.0001886853217675147
0.00015575892636564458
0.00011444546182302907
7.060949241946942e-5
3.3043231773694755e-5
8.470477904546796e-6
7.604945586623672e-5
7.680713071250537e-5
7.406678844324553e-5
6.647893702567843e-5
5.443591502802445e-5
4.010648491712815e-5
2.559820127855509e-5
1.304773192226458e-5
3.705993291410281e-6
4.192453220014929e-5
4.089067905557013e-5
3.594201568360998e-5
2.72443961683909e-5
1.7869837806634843e-5
9.857212907617218e-6
4.315181855137233e-6
1.0724898199042095e-6
2.816460722403071e-5
2.6821966824887036e-5
2.1414872343961175e-5
1.3974295229670176e-5
7.136132009841636e-6
2.7273240738352623e-6
6.228393073949198e-7
1.650376791956428e-5
1.5107889857055525e-5
1.1201099699414499e-5
6.177210419200424e-6
2.352962624760096e-6
5.225989541824407e-7
7.807911704486783e-6
7.042075678602696e-6
4.72080993813878e-6
2.1883649642067223e-6
5.907797783363021e-7
2.8648676741161343e-6
2.43913367923689e-6
1.498669004796552e-6
5.278197382570501e-7
6.299280117738088e-7
5.591915356652468e-7
2.7639982494464673e-7
8.82939647277816e-8
5.7165572938926857e-8
1.0573454208891303e-10
