1.0
0.988405666369377
0.955957442721941
0.9055800476101049
0.8406166331254608
0.7646583589854833
0.6813749716580149
0.5943513996456219
0.5069428453961291
0.42214367874257425
0.34249477763564956
0.27000806086180185
0.20613554600737488
0.15174584946295103
0.10713781090386029
0.07206756145295924
0.04581214555552828
0.027252885954284135
0.014995306124582585
0.007522995784464339
0.0033847555705390194
0.0013430046190519387
0.00046790161270443293
0.00015494763281378158
6.646980338780807e-5
4.244486186557661e-5
2.9237343989147583e-5
1.7534099474267353e-5
8.911523011624491e-6
3.6251728903026315e-6
1.0182655198723753e-6
1.5732398466476242e-7
3.469741672473383e-11
0.988405666369377
0.9772256127215484
0.9453354554041271
0.8956372660509468
0.831448950693959
0.7563353240906762
0.6739394205715412
0.5878224279913142
0.5013149697554276
0.41739445082673976
0.33858058931573065
0.2668731335048708
0.20370422314022632
0.14993258896297346
0.10584475554882318
0.07119603593109793
0.04526415439724668
0.02693866238356122
0.014836813607949516
0.007455602332363532
0.0033635416492211762
0.0013406840353858151
0.0004702706357239813
0.00015675430043006288
6.647269335099626e-5
4.1334678317720706e-5
2.773941665372069e-5
1.6326572594808447e-5
8.091424244423089e-6
3.2595640850309334e-6
8.673078616478653e-7
1.4973543104532496e-7
0.955957442721941
0.9453354554041271
0.9150467346217315
0.8672863631231553
0.8053035959943623
0.7325922617043272
0.6527233539476169
0.5691867864726065
0.4852496739955112
0.40382838279957445
0.3273940948824033
0.25789589227838394
0.19672718099336697
0.14470704709953977
0.10210131523842278
0.06865393755410196
0.04365027915177367
0.02599964012386496
0.014349374275399672
0.007238412832839775
0.0032858702344640786
0.0013219572765259785
0.000469023123253065
0.00015607790644082555
6.286372888893589e-5
3.582055821640653e-5
2.2438502688428983e-5
1.2279513929334699e-5
5.69452523055384e-6
2.021879789850664e-6
4.767795902856686e-7
0.9055800476101049
0.8956372660509468
0.8672863631231553
0.8225836008588725
0.7640746778718277
0.6951447165604
0.6192548436798011
0.5397861788349726
0.4599006185866212
0.3824210436766384
0.30973055247597014
0.24370614910794566
0.1856731568364928
0.13640269167361682
0.0961225935922463
0.06456562538444952
0.041026241382792414
0.02444386475060935
0.013515187888320703
0.0068452019457168846
0.0031284210991441405
0.0012702203265794946
0.0004540636749513563
0.0001487784102254019
5.4592441645939826e-5
2.6974374910831824e-5
1.4815828414763353e-5
7.140415948422945e-6
2.7257412124761003e-6
7.616945685067451e-7
0.8406166331254608
0.831448950693959
0.8053035959943623
0.7640746778718277
0.7101146799691335
0.6461337459716056
0.5754518267826289
0.5013090009941381
0.4267305455053446
0.354408835904139
0.28661277361849286
0.2251166238655665
0.17116715861658205
0.12547013671640572
0.08821527154629608
0.0591188847979768
0.03748897170692491
0.022305379611688395
0.012330971759258746
0.0062553643909392985
0.0028693949060369724
0.0011705071676738758
0.0004182478086023349
0.00013278109569764165
4.3234814132889223e-5
1.7395994893637938e-5
7.859466981973434e-6
2.9277804719546546e-6
7.858480490179861e-7
0.7646583589854833
0.7563353240906762
0.7325922617043272
0.6951447165604
0.6461337459716056
0.588036967033176
0.5235450074108987
0.45573096777717587
0.38745504423785226
0.32125394186887557
0.2592533765884221
0.20311001369163953
0.15397320631126854
0.11248211485477391
0.07878315865331512
0.05258017694751009
0.033197454111149216
0.01966647215781974
0.010828583870482538
0.005473944773539962
0.0025030865379059145
0.001017278307715678
0.0003593125708821381
0.00010897910531370696
3.068334594453062e-5
9.486065223688264e-6
3.128614933403735e-6
7.369238695068354e-7
0.6813749716580149
0.6739394205715412
0.6527233539476169
0.6192548436798011
0.5754518267826289
0.5235450074108987
0.46596532835274884
0.4052111436286615
0.3439578490420266
0.2845645267853128
0.22899920828294798
0.17878266544299393
0.13496243787893197
0.0981046724549747
0.06831651502404681
0.045291008022521166
0.028377858482663644
0.016665670231953388
0.009086635345839278
0.004541730982427373
0.002049424241113331
0.0008187414327406624
0.0002814485662774381
8.005412834986595e-5
1.8927532681498507e-5
4.028601754706217e-6
7.582739667121022e-7
0.5943513996456219
0.5878224279913142
0.5691867864726065
0.5397861788349726
0.5013090009941381
0.45573096777717587
0.4052111436286615
0.3519726249375238
0.2981799642831802
0.24600562590656008
0.19724655424465254
0.15328341392543784
0.11505536013187541
0.0830579310919146
0.05735878548136903
0.037649223104380576
0.023308015724046192
0.013490937063011778
0.00722622426091306
0.0035335325779153946
0.0015508212555999633
0.0005973821100445535
0.00019442851830267716
5.004632546205016e-5
9.375932266585265e-6
1.0131263155424087e-6
0.5069428453961291
0.5013149697554276
0.4852496739955112
0.4599006185866212
0.4267305455053446
0.38745504423785226
0.3439578490420266
0.2981799642831802
0.25201442982782934
0.20719956213903648
0.16536301915787832
0.12774105045094591
0.09516682229043204
0.06806387482113621
0.0464686722128638
0.030072051123427777
0.01829247674475201
0.010356059333959684
0.005393833103965451
0.0025429139473230403
0.0010634130461560616
0.0003830444691558243
0.00011251814257544872
2.3975199561763653e-5
2.8634330451679377e-6
0.42214367874257425
0.41739445082673976
0.40382838279957445
0.3824210436766384
0.354408835904139
0.32125394186887557
0.2845645267853128
0.24600562590656008
0.20719956213903648
0.16963859563491981
0.13460406771195543
0.1031963104016731
0.0761406435444948
0.053796249519193935
0.03616763446546382
0.02295671757195061
0.013622514380957887
0.007470206837991347
0.0037311978625628782
0.0016623876059361387
0.000641674753388329
0.0002052900383102776
4.9447596819929465e-5
6.707944469774927e-6
0.34249477763564956
0.33858058931573065
0.3273940948824033
0.30973055247597014
0.28661277361849286
0.2592533765884221
0.22899920828294798
0.19724655424465254
0.16536301915787832
0.13460406771195543
0.10604806919608786
0.0805353264174088
0.0586967855146091
0.040823133845550585
0.026898306616245055
0.016633752220636195
0.009541133110396626
0.0050009481416759425
0.002350371600474393
0.0009599569811057564
0.000324942381756426
8.345528833979794e-5
1.2738447927252715e-5
0.27000806086180185
0.2668731335048708
0.25789589227838394
0.24370614910794566
0.2251166238655665
0.20311001369163953
0.17878266544299393
0.15328341392543784
0.12774105045094591
0.1031963104016731
0.0805353264174088
0.060446559912629275
0.043378399690605605
0.029570029044142663
0.018978269851021495
0.01133769577194142
0.006207160456710135
0.0030530896539998627
0.0013111427613037962
0.00046753683736059233
0.00012573803409921948
1.9976817076978268e-5
0.20613554600737488
0.20370422314022632
0.19672718099336697
0.1856731568364928
0.17116715861658205
0.15397320631126854
0.13496243787893197
0.11505536013187541
0.09516682229043204
0.0761406435444948
0.0586967855146091
0.043378399690605605
0.030532997088042965
0.02028513072294047
0.012584460118757254
0.007178164786099411
0.0036863074446042373
0.0016526050673570266
0.0006184187021898769
0.00017495410642495113
2.9075053044013262e-5
0.15174584946295103
0.14993258896297346
0.14470704709953977
0.13640269167361682
0.12547013671640572
0.11248211485477391
0.0981046724549747
0.0830579310919146
0.06806387482113621
0.053796249519193935
0.040823133845550585
0.029570029044142663
0.02028513072294047
0.013042305898295838
0.007735899166342434
0.004146898899407748
0.0019433379410618433
0.000757552898601553
0.00022434285509156297
3.945113487176265e-5
0.10713781090386029
0.10584475554882318
0.10210131523842278
0.0961225935922463
0.08821527154629608
0.07878315865331512
0.06831651502404681
0.05735878548136903
0.0464686722128638
0.03616763446546382
0.026898306616245055
0.018978269851021495
0.012584460118757254
0.007735899166342434
0.004322929620841193
0.002122415561660177
0.0008692524932246087
0.00026772988186031836
4.9231279973353586e-5
0.07206756145295924
0.07119603593109793
0.06865393755410196
0.06456562538444952
0.0591188847979768
0.05258017694751009
0.045291008022521166
0.037649223104380576
0.030072051123427777
0.02295671757195061
0.016633752220636195
0.01133769577194142
0.007178164786099411
0.004146898899407748
0.002122415561660177
0.0009170621947780743
0.00030016617708650495
5.777762154988791e-5
0.04581214555552828
0.04526415439724668
0.04365027915177367
0.041026241382792414
0.03748897170692491
0.033197454111149216
0.028377858482663644
0.023308015724046192
0.01829247674475201
0.013622514380957887
0.009541133110396626
0.006207160456710135
0.0036863074446042373
0.0019433379410618433
0.0008692524932246087
0.00030016617708650495
6.367107495001692e-5
0.027252885954284135
0.02693866238356122
0.02599964012386496
0.02444386475060935
0.022305379611688395
0.01966647215781974
0.016665670231953388
0.013490937063011778
0.010356059333959684
0.007470206837991347
0.0050009481416759425
0.0030530896539998627
0.0016526050673570266
0.000757552898601553
0.00026772988186031836
5.777762154988791e-5
0.014995306124582585
0.014836813607949516
0.014349374275399672
0.013515187888320703
0.012330971759258746
0.010828583870482538
0.009086635345839278
0.00722622426091306
0.005393833103965451
0.0037311978625628782
0.002350371600474393
0.0013111427613037962
0.0006184187021898769
0.00022434285509156297
4.9231279973353586e-5
0.007522995784464339
0.007455602332363532
0.007238412832839775
0.0068452019457168846
0.0062553643909392985
0.005473944773539962
0.004541730982427373
0.0035335325779153946
0.0025429139473230403
0.0016623876059361387
0.0009599569811057564
0.00046753683736059233
0.00017495410642495113
3.945113487176265e-5
0.0033847555705390194
0.0033635416492211762
0.0032858702344640786
0.0031284210991441405
0.0028693949060369724
0.0025030865379059145
0.002049424241113331
0.0015508212555999633
0.0010634130461560616
0.000641674753388329
0.000324942381756426
0.00012573803409921948
2.9075053044013262e-5
0.0013430046190519387
0.0013406840353858151
0.0013219572765259785
0.0012702203265794946
0.0011705071676738758
0.001017278307715678
0.0008187414327406624
0.0005973821100445535
0.0003830444691558243
0.0002052900383102776
8.345528833979794e-5
1.9976817076978268e-5
0.00046790161270443293
0.0004702706357239813
0.000469023123253065
0.0004540636749513563
0.0004182478086023349
0.0003593125708821381
0.0002814485662774381
0.00019442851830267716
0.00011251814257544872
4.9447596819929465e-5
1.2738447927252715e-5
0.00015494763281378158
0.00015675430043006288
0.00015607790644082555
0.0001487784102254019
0.00013278109569764165
0.00010897910531370696
8.005412834986595e-5
5.004632546205016e-5
2.3975199561763653e-5
6.707944469774927e-6
6.646980338780807e-5
6.647269335099626e-5
6.286372888893589e-5
5.4592441645939826e-5
4.3234814132889223e-5
3.068334594453062e-5
1.8927532681498507e-5
9.375932266585265e-6
2.8634330451679377e-6
4.244486186557661e-5
4.1334678317720706e-5
3.582055821640653e-5
2.6974374910831824e-5
1.7395994893637938e-5
9.486065223688264e-6
4.028601754706217e-6
1.0131263155424087e-6
2.9237343989147583e-5
2.773941665372069e-5
2.2438502688428983e-5
1.4815828414763353e-5
7.859466981973434e-6
3.128614933403735e-6
7.582739667121022e-7
1.7534099474267353e-5
1.6326572594808447e-5
1.2279513929334699e-5
7.140415948422945e-6
2.9277804719546546e-6
7.369238695068354e-7
8.911523011624491e-6
8.091424244423089e-6
5.69452523055384e-6
2.7257412124761003e-6
7.858480490179861e-7
3.6251728903026315e-6
3.2595640850309334e-6
2.021879789850664e-6
7.616945685067451e-7
1.0182655198723753e-6
8.673078616478653e-7
4.767795902856686e-7
1.5732398466476242e-7
1.4973543104532496e-7
3.469741672473383e-11
