1.0
0.9030417037534085
0.6820902414181075
0.42638229153797663
0.21062779471184281
0.0736811454361341
0.013992714225600292
0.0006646446190629302
0.00010968007845896851
9.178253095019123e-10
0.9030417037534085
0.8200830631515726
0.6196970689254652
0.3862558633653031
0.18966414843873125
0.06577159987026508
0.012586566494175427
0.0007015582447631206
4.8268235163640174e-5
0.6820902414181075
0.6196970689254652
0.46855554490676565
0.2883120256504143
0.1377036849819213
0.04553791834792684
0.008186523098226694
0.0003621893195826371
0.42638229153797663
0.3862558633653031
0.2883120256504143
0.17267768761769955
0.07713077371323339
0.022225921415207194
0.0027853978521274005
0.21062779471184281
0.18966414843873125
0.1377036849819213
0.07713077371323339
0.029882830747893892
0.00573484668325806
0.0736811454361341
0.06577159987026508
0.04553791834792684
0.022225921415207194
0.00573484668325806
0.013992714225600292
0.012586566494175427
0.008186523098226694
0.0027853978521274005
0.0006646446190629302
0.0007015582447631206
0.0003621893195826371
0.00010968007845896851
4.8268235163640174e-5
9.178253095019123e-10
