1.0
0.9512728843859695
0.8280122506308671
0.6605176320121104
0.4801194141990545
0.31366074452481296
0.17964444900467952
0.08648381700043346
0.032581628854752125
0.008583629824191913
0.0013284408530647295
0.0001286470634566657
4.888855578193304e-5
1.6677841568306985e-5
4.7850448831134614e-8
0.9512728843859695
0.9069101525552593
0.7900437613904608
0.6301487181563934
0.4575983336366468
0.2984766183948381
0.1706454825075578
0.08201488165640106
0.030937795835479745
0.008227553121099433
0.0013144654465550446
0.00013290889064398315
4.5280744811874014e-5
1.1245072573701236e-5
0.8280122506308671
0.7900437613904608
0.6900230648355784
0.5499910686231502
0.398053867450885
0.25814179711528396
0.14640419182067402
0.06973149441659142
0.026099499236556276
0.006977009327090766
0.0011308692163524909
9.971962862878153e-5
1.708835919109574e-5
0.6605176320121104
0.6301487181563934
0.5499910686231502
0.4379552455325059
0.3149437192855489
0.20186827970875187
0.11247533563561657
0.05223208891899953
0.018903971291276057
0.004817932196002002
0.0007264792520069467
3.779890967591038e-5
0.4801194141990545
0.4575983336366468
0.398053867450885
0.3149437192855489
0.224255725920358
0.14085209353079123
0.0758957069526421
0.033442310151117594
0.011088943019752676
0.002419849666761616
0.0002505345730961261
0.31366074452481296
0.2984766183948381
0.25814179711528396
0.20186827970875187
0.14085209353079123
0.08567643689285732
0.04358738783700688
0.01738888747036038
0.004786885290306516
0.0006676748246771808
0.17964444900467952
0.1706454825075578
0.14640419182067402
0.11247533563561657
0.0758957069526421
0.04358738783700688
0.020146374550150573
0.00666406679255069
0.0011695560921473173
0.08648381700043346
0.08201488165640106
0.06973149441659142
0.05223208891899953
0.033442310151117594
0.01738888747036038
0.00666406679255069
0.001455034844250987
0.032581628854752125
0.030937795835479745
0.026099499236556276
0.018903971291276057
0.011088943019752676
0.004786885290306516
0.0011695560921473173
0.008583629824191913
0.008227553121099433
0.006977009327090766
0.004817932196002002
0.002419849666761616
0.0006676748246771808
0.0013284408530647295
0.0013144654465550446
0.0011308692163524909
0.0007264792520069467
0.0002505345730961261
0.0001286470634566657
0.00013290889064398315
9.971962862878153e-5
3.779890967591038e-5
4.888855578193304e-5
4.5280744811874014e-5
1.708835919109574e-5
1.6677841568306985e-5
1.1245072573701236e-5
4.7850448831134614e-8
