1.0
0.8302360449967506
0.4966248442200348
0.19745914973540285
0.037053251672883675
0.0009683629410759469
1.0274975053968676e-10
0.8302360449967506
0.6972461279654714
0.41478839304435666
0.16213642271983814
0.030465050078263688
0.0007178523073272481
0.4966248442200348
0.41478839304435666
0.24118653043318447
0.08622671743322056
0.012346981768836416
0.19745914973540285
0.16213642271983814
0.08622671743322056
0.02307421765875572
0.037053251672883675
0.030465050078263688
0.012346981768836416
0.0009683629410759469
0.0007178523073272481
1.0274975053968676e-10
