1.0
0.9919405013972185
0.969082633350874
0.933045597897947
0.8856768361038638
0.8289861627347089
0.7650745631869006
0.6960690975316964
0.6240556319323359
0.5510198857621273
0.47879219314571375
0.40900360650686796
0.3430512579071655
0.2820743958207315
0.22694052383000782
0.17823756938684532
0.1362753780948734
0.10109224792401796
0.0724741614981015
0.04997933633568671
0.03297529684435333
0.02068461172711204
0.01224416349878007
0.006780486220814209
0.0034790738430946124
0.0016375750688606334
0.0007023939720069601
0.000278568759119806
0.00011266062453950084
5.68180986942038e-5
3.7823938547199445e-5
2.7011844767083396e-5
1.771792908910068e-5
1.0238300433766777e-5
5.1339454250553435e-6
2.06711068963734e-6
6.330049398655769e-7
1.1647368077018381e-7
1.4905113301173377e-8
3.5107360050792014e-11
0.9919405013972185
0.9841131065781793
0.961558340619546
0.9258866078937807
0.8789364222701075
0.822706013983396
0.7592868401602819
0.6907941843407187
0.6193045515634125
0.546793563294948
0.4750835373279817
0.40579795499794113
0.34032710197582766
0.27980427375906136
0.22508987483044643
0.17676686290368243
0.13513937950066224
0.10024387745864187
0.07186493603608259
0.049562447646208964
0.03270643808010457
0.020524565813889638
0.012157711951876695
0.0067395261710585614
0.003463351155722983
0.0016341279962025868
0.0007032529481511059
0.00028023727461583227
0.00011341660596700318
5.679506307809061e-5
3.703482909605936e-5
2.6127175173053467e-5
1.6791686095585268e-5
9.638826763949934e-6
4.711001171150406e-6
1.909089615334934e-6
5.528074859842678e-7
1.1387741433250481e-7
9.897764225202851e-9
0.969082633350874
0.961558340619546
0.9398828220880154
0.9052660794465399
0.8595191659054633
0.8046130136003935
0.7426081335663204
0.675591067490901
0.6056080560015192
0.5346080864432847
0.4643881045294813
0.39654974586244124
0.33246346276590283
0.273243633622336
0.21973365197882247
0.17249975535465759
0.1318344400681195
0.09776585800865394
0.07007726167093836
0.048331287010724706
0.03190655572258278
0.02004144556317222
0.011891545103440539
0.006609005638440848
0.003409322372819732
0.0016174366213259981
0.0007012033789899728
0.0002811203314518622
0.00011314200435572538
5.4467320008784966e-5
3.37090460900262e-5
2.2601314265101436e-5
1.398787200271664e-5
7.644714329461693e-6
3.6155222618887206e-6
1.3732951558290582e-6
3.8487584362148464e-7
6.311377820461028e-8
0.933045597897947
0.9258866078937807
0.9052660794465399
0.8723368633705672
0.8285112844452764
0.7757155169764408
0.7159660733470705
0.6513015531651534
0.583723471867305
0.5151359240085349
0.4472959619771682
0.38176819961291864
0.31989002798327326
0.26274590935534287
0.21115149879102615
0.16565004064276206
0.12651510245825248
0.09376407496303496
0.0671764924985635
0.046320701614691526
0.030586586674880758
0.01923069582179156
0.011432967757720775
0.006375164946634267
0.0033045515992188835
0.0015779689325519282
0.0006891739409912294
0.00027735212734564507
0.00010951431496802078
4.9393913799179615e-5
2.7751971519021965e-5
1.7205822702325002e-5
9.79475971193417e-6
4.986032971176814e-6
2.13739443309166e-6
7.324041083351292e-7
1.6129859745476298e-7
0.8856768361038638
0.8789364222701075
0.8595191659054633
0.8285112844452764
0.7872434406851482
0.7372552461932056
0.6805033446496578
0.6189680734980022
0.5545892682590761
0.4892137226895744
0.424542500690892
0.3620898494049065
0.3031471071004055
0.24875786734757113
0.19970275024926948
0.15649540457300437
0.11938760721756213
0.08838238468751194
0.06325603596092425
0.04358258891381615
0.028767831525200755
0.018093324015639487
0.010771487784240596
0.006022536410188004
0.0031350369130299103
0.0015050873640838143
0.0006606224167075102
0.0002653253738048577
0.00010176183360576766
4.1925694238442113e-5
2.066445792564835e-5
1.1252470250044637e-5
5.654351341471925e-6
2.4894997551316832e-6
9.046191501366699e-7
2.3500784127533766e-7
0.8289861627347089
0.822706013983396
0.8046130136003935
0.7757155169764408
0.7372552461932056
0.6906707008644158
0.6375524280487006
0.5798082663126481
0.5193080364475766
0.4578262406504171
0.39699663433120863
0.3382692713273836
0.2828782588933477
0.2318171851591481
0.18582472349408952
0.14538132553969008
0.11071372896343963
0.08181079944622778
0.05844433523300022
0.04019632270842827
0.026492743922744342
0.016645891004236628
0.00990737238651729
0.005543229664350428
0.002890568846862451
0.0013910542072580246
0.0006109565562631034
0.00024332026472677302
8.977640846477275e-5
3.332728430163761e-5
1.3796967027889519e-5
6.290387494951144e-6
2.5324767813320423e-6
8.715327224119098e-7
2.2725367159621162e-7
0.7650745631869006
0.7592868401602819
0.7426081335663204
0.7159660733470705
0.6805033446496578
0.6375524280487006
0.588588119863066
0.535177962244399
0.4791090705151541
0.4220762071976109
0.36563301540117765
0.3111557958867562
0.2598114465543554
0.21253615494762662
0.17002161692647888
0.1327115719449421
0.10080761206369546
0.07428337602392099
0.05290818632793826
0.03627424903768483
0.023831339885938472
0.0149273636044974
0.00885876408404792
0.004943371245639214
0.0025713462698248196
0.00123405460685917
0.0005392364208803179
0.00021145970152370747
7.447858005301966e-5
2.4581712359660728e-5
8.26345269579429e-6
2.895774293583635e-6
8.051961604898459e-7
1.7869555245463698e-7
0.6960690975316964
0.6907941843407187
0.675591067490901
0.6513015531651534
0.6189680734980022
0.5798082663126481
0.535177962244399
0.4865183467273925
0.4353047636948502
0.3831415229711483
0.33149598988598816
0.28166161437951337
0.2347315736128896
0.19157899176241416
0.15284452115989428
0.11893424078011496
0.09002336245615668
0.06607241419143349
0.04684970638362994
0.0319609201842161
0.02088239001607957
0.013001667726986499
0.007665134796515194
0.004245933069528753
0.0021902597281930154
0.001040722036372741
0.0004485933464679228
0.0001717146037539143
5.721066400421099e-5
1.6581940391590396e-5
4.270634009954237e-6
1.032332660107028e-6
1.4371529005050133e-7
0.6240556319323359
0.6193045515634125
0.6056080560015192
0.583723471867305
0.5545892682590761
0.5193080364475766
0.4791090705151541
0.4353047636948502
0.3892372103084779
0.342230023209916
0.2956570577120043
0.25072499186724506
0.20844848566759633
0.16963372514456873
0.1348691078428711
0.10452128197780587
0.0787408829136867
0.05747610785336918
0.04049779693912135
0.027426565036866773
0.017769088343381447
0.01095555129386062
0.006385391576333588
0.0034897142566629505
0.0017714482358688751
0.0008252869431474085
0.000346551073438198
0.00012750921156511418
3.960306668790251e-5
9.796894225171505e-6
1.7666804674453402e-6
2.1440809702346192e-7
0.5510198857621273
0.546793563294948
0.5346080864432847
0.5151359240085349
0.4892137226895744
0.4578262406504171
0.4220762071976109
0.3831415229711483
0.342230023209916
0.3005310693773077
0.2591728670722495
0.21927218165592358
0.1817629447162399
0.14738410798486246
0.11666954386223531
0.08994842356570075
0.06734660933682231
0.04880367283563184
0.03409359580417504
0.022856241443236343
0.01462984123166976
0.00889046619925338
0.005091829385654569
0.0027238500108697243
0.0013466313096832981
0.0006067807333870479
0.00024361848320368006
8.390364744998078e-5
2.3267735102663378e-5
4.6747762611499535e-6
4.1589817553555395e-7
0.47879219314571375
0.4750835373279817
0.4643881045294813
0.4472959619771682
0.424542500690892
0.39699663433120863
0.36563301540117765
0.33149598988598816
0.2956570577120043
0.2591728670722495
0.22304393350417812
0.18817979500456708
0.1554347234871018
0.1254787796448675
0.09879423971309394
0.07567110380705731
0.05621464209711441
0.04035538616533269
0.02787548054133024
0.01843420155665339
0.011605557088877444
0.006910916860814308
0.0038598480214774964
0.0020002294866464584
0.0009494752916990678
0.00040549869991344443
0.00015119832522589828
4.6302335300176755e-5
1.0498054775991624e-5
1.2643573823478522e-6
0.40900360650686796
0.40579795499794113
0.39654974586244124
0.38176819961291864
0.3620898494049065
0.3382692713273836
0.3111557958867562
0.28166161437951337
0.25072499186724506
0.21927218165592358
0.18817979500456708
0.15824371018415478
0.13015092459254385
0.10450653059881568
0.0817389504271027
0.06210402861897342
0.04568394123204102
0.032406138811168037
0.022059965084874626
0.014329815178949561
0.008823841517599327
0.0051118428646040525
0.0027565927562856153
0.0013648334168815674
0.0006092785204722366
0.00023915416380748902
7.850214080057476e-5
1.9496653837829335e-5
2.6230466291023836e-6
0.3430512579071655
0.34032710197582766
0.33246346276590283
0.31989002798327326
0.3031471071004055
0.2828782588933477
0.2598114465543554
0.2347315736128896
0.20844848566759633
0.1817629447162399
0.1554347234871018
0.13015092459254385
0.10650366913442873
0.08496916335309714
0.06592759278950938
0.04959649806118605
0.03604180976321275
0.025184435082430658
0.01682823764885027
0.01068009874969861
0.0063876948538015565
0.0035656502449605554
0.0018324047277410269
0.0008495883824251587
0.0003459995243546511
0.00011810050138789878
3.1001041516553525e-5
4.5938695082580495e-6
0.2820743958207315
0.27980427375906136
0.273243633622336
0.26274590935534287
0.24875786734757113
0.2318171851591481
0.21253615494762662
0.19157899176241416
0.16963372514456873
0.14738410798486246
0.1254787796448675
0.10450653059881568
0.08496916335309714
0.06726880491884792
0.05169068597167398
0.03842115659219842
0.02750409675607113
0.018862384409026982
0.012309286299892773
0.007581917930627093
0.004362998059792498
0.002317033635273183
0.001113016576907035
0.00046952049459620553
0.00016521743834758512
4.450264644601209e-5
6.841113095524006e-6
0.22694052383000782
0.22508987483044643
0.21973365197882247
0.21115149879102615
0.19970275024926948
0.18582472349408952
0.17002161692647888
0.15284452115989428
0.1348691078428711
0.11666954386223531
0.09879423971309394
0.0817389504271027
0.06592759278950938
0.05169068597167398
0.0392600347757398
0.02875656667716285
0.020210941646297588
0.013540303710457778
0.00857668538890901
0.005080679368080662
0.0027779013397936704
0.0013766520426016962
0.0006010613811176069
0.00021892701758436227
6.063263080083042e-5
9.456672752486214e-6
0.17823756938684532
0.17676686290368243
0.17249975535465759
0.16565004064276206
0.15649540457300437
0.14538132553969008
0.1327115719449421
0.11893424078011496
0.10452128197780587
0.08994842356570075
0.07567110380705731
0.06210402861897342
0.04959649806118605
0.03842115659219842
0.02875656667716285
0.02069083167029742
0.014215250284831846
0.009251110229705095
0.0056399121468938395
0.0031755405648022073
0.0016183008080712202
0.0007276321837130384
0.00027409264005443554
7.869750431357039e-5
1.269070499462541e-5
0.1362753780948734
0.13513937950066224
0.1318344400681195
0.12651510245825248
0.11938760721756213
0.11071372896343963
0.10080761206369546
0.09002336245615668
0.0787408829136867
0.06734660933682231
0.05621464209711441
0.04568394123204102
0.03604180976321275
0.02750409675607113
0.020210941646297588
0.014215250284831846
0.00949522621715642
0.005955316600353826
0.003457034068472061
0.0018170845890349498
0.0008398055960427361
0.00032498437492894114
9.638904930090254e-5
1.6207723952187656e-5
0.10109224792401796
0.10024387745864187
0.09776585800865394
0.09376407496303496
0.08838238468751194
0.08181079944622778
0.07428337602392099
0.06607241419143349
0.05747610785336918
0.04880367283563184
0.04035538616533269
0.032406138811168037
0.025184435082430658
0.018862384409026982
0.013540303710457778
0.009251110229705095
0.005955316600353826
0.003562340694445687
0.001936201196547505
0.000926569894212365
0.0003689916776122227
0.00011216143184132375
1.9454582011270433e-5
0.0724741614981015
0.07186493603608259
0.07007726167093836
0.0671764924985635
0.06325603596092425
0.05844433523300022
0.05290818632793826
0.04684970638362994
0.04049779693912135
0.03409359580417504
0.02787548054133024
0.022059965084874626
0.01682823764885027
0.012309286299892773
0.00857668538890901
0.0056399121468938395
0.003457034068472061
0.001936201196547505
0.0009617543573250166
0.0003995984697362972
0.00012574728686837755
2.233540654539688e-5
0.04997933633568671
0.049562447646208964
0.048331287010724706
0.046320701614691526
0.04358258891381615
0.04019632270842827
0.03627424903768483
0.0319609201842161
0.027426565036866773
0.022856241443236343
0.01843420155665339
0.014329815178949561
0.01068009874969861
0.007581917930627093
0.005080679368080662
0.0031755405648022073
0.0018170845890349498
0.000926569894212365
0.0003995984697362972
0.00013267493552714858
2.486275903200472e-5
0.03297529684435333
0.03270643808010457
0.03190655572258278
0.030586586674880758
0.028767831525200755
0.026492743922744342
0.023831339885938472
0.02088239001607957
0.017769088343381447
0.01462984123166976
0.011605557088877444
0.008823841517599327
0.0063876948538015565
0.004362998059792498
0.0027779013397936704
0.0016183008080712202
0.0008398055960427361
0.0003689916776122227
0.00012574728686837755
2.486275903200472e-5
0.02068461172711204
0.020524565813889638
0.02004144556317222
0.01923069582179156
0.018093324015639487
0.016645891004236628
0.0149273636044974
0.013001667726986499
0.01095555129386062
0.00889046619925338
0.006910916860814308
0.0051118428646040525
0.0035656502449605554
0.002317033635273183
0.0013766520426016962
0.0007276321837130384
0.00032498437492894114
0.00011216143184132375
2.233540654539688e-5
0.01224416349878007
0.012157711951876695
0.011891545103440539
0.011432967757720775
0.010771487784240596
0.00990737238651729
0.00885876408404792
0.007665134796515194
0.006385391576333588
0.005091829385654569
0.0038598480214774964
0.0027565927562856153
0.0018324047277410269
0.001113016576907035
0.0006010613811176069
0.00027409264005443554
9.638904930090254e-5
1.9454582011270433e-5
0.006780486220814209
0.0067395261710585614
0.006609005638440848
0.006375164946634267
0.006022536410188004
0.005543229664350428
0.004943371245639214
0.004245933069528753
0.0034897142566629505
0.0027238500108697243
0.0020002294866464584
0.0013648334168815674
0.0008495883824251587
0.00046952049459620553
0.00021892701758436227
7.869750431357039e-5
1.6207723952187656e-5
0.0034790738430946124
0.003463351155722983
0.003409322372819732
0.0033045515992188835
0.0031350369130299103
0.002890568846862451
0.0025713462698248196
0.0021902597281930154
0.0017714482358688751
0.0013466313096832981
0.0009494752916990678
0.0006092785204722366
0.0003459995243546511
0.00016521743834758512
6.063263080083042e-5
1.269070499462541e-5
0.0016375750688606334
0.0016341279962025868
0.0016174366213259981
0.0015779689325519282
0.0015050873640838143
0.0013910542072580246
0.00123405460685917
0.001040722036372741
0.0008252869431474085
0.0006067807333870479
0.00040549869991344443
0.00023915416380748902
0.00011810050138789878
4.450264644601209e-5
9.456672752486214e-6
0.0007023939720069601
0.0007032529481511059
0.0007012033789899728
0.0006891739409912294
0.0006606224167075102
0.0006109565562631034
0.0005392364208803179
0.0004485933464679228
0.000346551073438198
0.00024361848320368006
0.00015119832522589828
7.850214080057476e-5
3.1001041516553525e-5
6.841113095524006e-6
0.000278568759119806
0.00028023727461583227
0.0002811203314518622
0.00027735212734564507
0.0002653253738048577
0.00024332026472677302
0.00021145970152370747
0.0001717146037539143
0.00012750921156511418
8.390364744998078e-5
4.6302335300176755e-5
1.9496653837829335e-5
4.5938695082580495e-6
0.00011266062453950084
0.00011341660596700318
0.00011314200435572538
0.00010951431496802078
0.00010176183360576766
8.977640846477275e-5
7.447858005301966e-5
5.721066400421099e-5
3.960306668790251e-5
2.3267735102663378e-5
1.0498054775991624e-5
2.6230466291023836e-6
5.68180986942038e-5
5.679506307809061e-5
5.4467320008784966e-5
4.9393913799179615e-5
4.1925694238442113e-5
3.332728430163761e-5
2.4581712359660728e-5
1.6581940391590396e-5
9.796894225171505e-6
4.6747762611499535e-6
1.2643573823478522e-6
3.7823938547199445e-5
3.703482909605936e-5
3.37090460900262e-5
2.7751971519021965e-5
2.066445792564835e-5
1.3796967027889519e-5
8.26345269579429e-6
4.270634009954237e-6
1.7666804674453402e-6
4.1589817553555395e-7
2.7011844767083396e-5
2.6127175173053467e-5
2.2601314265101436e-5
1.7205822702325002e-5
1.1252470250044637e-5
6.290387494951144e-6
2.895774293583635e-6
1.032332660107028e-6
2.1440809702346192e-7
1.771792908910068e-5
1.6791686095585268e-5
1.398787200271664e-5
9.79475971193417e-6
5.654351341471925e-6
2.5324767813320423e-6
8.051961604898459e-7
1.4371529005050133e-7
1.0238300433766777e-5
9.638826763949934e-6
7.644714329461693e-6
4.986032971176814e-6
2.4894997551316832e-6
8.715327224119098e-7
1.7869555245463698e-7
5.1339454250553435e-6
4.711001171150406e-6
3.6155222618887206e-6
2.13739443309166e-6
9.046191501366699e-7
2.2725367159621162e-7
2.06711068963734e-6
1.909089615334934e-6
1.3732951558290582e-6
7.324041083351292e-7
2.3500784127533766e-7
6.330049398655769e-7
5.528074859842678e-7
3.8487584362148464e-7
1.6129859745476298e-7
1.1647368077018381e-7
1.1387741433250481e-7
6.311377820461028e-8
1.4905113301173377e-8
9.897764225202851e-9
3.5107360050792014e-11
