1.0
0.9375929940923159
0.7845849452650324
0.5859121028483731
0.3856369937977945
0.21754155716412463
0.09978820749004075
0.033756119962451384
0.007045381628308641
0.0006513207724500726
5.977924994831584e-5
2.7070029844196064e-5
-2.401792075345523e-10
0.9375929940923159
0.8818275635485691
0.7385448137879916
0.5511858203508873
0.3620845134404378
0.20369580141655982
0.09319374278664223
0.03153151064622481
0.006699047598800002
0.0006666181453247065
6.702382763179126e-5
1.9814911912777523e-5
0.7845849452650324
0.7385448137879916
0.6202698144377706
0.4616914966604475
0.30114232505557864
0.16747002654468426
0.07543105741910114
0.02512563222700515
0.005324920202206002
0.0005393443311410487
2.6264987897872564e-5
0.5859121028483731
0.5511858203508873
0.4616914966604475
0.3421161587318491
0.21988975297652713
0.11916861027559031
0.05152750681957674
0.016099706941976023
0.0030543642471155693
0.00022717147617413132
0.3856369937977945
0.3620845134404378
0.30114232505557864
0.21988975297652713
0.13789420348742323
0.07112471328392138
0.02820045367279321
0.007472982117751658
0.0009360091929646741
0.21754155716412463
0.20369580141655982
0.16747002654468426
0.11916861027559031
0.07112471328392138
0.03366855510536829
0.01117517839012968
0.001928607364081216
0.09978820749004075
0.09319374278664223
0.07543105741910114
0.05152750681957674
0.02820045367279321
0.01117517839012968
0.002469388037122299
0.033756119962451384
0.03153151064622481
0.02512563222700515
0.016099706941976023
0.007472982117751658
0.001928607364081216
0.007045381628308641
0.006699047598800002
0.005324920202206002
0.0030543642471155693
0.0009360091929646741
0.0006513207724500726
0.0006666181453247065
0.0005393443311410487
0.00022717147617413132
5.977924994831584e-5
6.702382763179126e-5
2.6264987897872564e-5
2.7070029844196064e-5
1.9814911912777523e-5
-2.401792075345523e-10
