1.0
0.9646768191059635
0.8723595505336823
0.7410679591377708
0.5903344079675088
0.4385747292700173
0.300863637334904
0.18754818491943617
0.10363359653298598
0.04888999155073628
0.01860754733824481
0.0052380235874920095
0.0009615562501980809
0.00011585330377510089
4.4970017094122414e-5
1.8436707314661273e-5
3.2128890946265607e-6
4.3121360672118153e-10
0.9646768191059635
0.9319024580065671
0.8432867204395738
0.7164707728750015
0.5705635127260162
0.4235763788903644
0.29028504893982454
0.1807586899928004
0.09978906831960405
0.04705679771426705
0.0179606444091318
0.005104839214356834
0.0009569754413346252
0.00012126140932150623
4.0639035043465696e-5
1.4285842806198051e-5
1.8134888775220316e-6
0.8723595505336823
0.8432867204395738
0.7646705795257442
0.6498890376246713
0.516964499323303
0.38286770101933837
0.26145611028718946
0.16208494444845448
0.0890385455906929
0.041816504210036014
0.01596724148064423
0.004596059962717489
0.0008830399214850193
0.0001056276585590914
2.407931815671577e-5
4.74486757338971e-6
0.7410679591377708
0.7164707728750015
0.6498890376246713
0.5526987791798278
0.4387649504093759
0.3235111807706805
0.2194029713967051
0.13473105196659496
0.07312452439252314
0.033856912468485496
0.012739934251580596
0.0036134858144980624
0.0006824678932284494
6.893611211432628e-5
6.159983566833185e-6
0.5903344079675088
0.5705635127260162
0.516964499323303
0.4387649504093759
0.347314183212487
0.254293324508098
0.17049093459876022
0.10293943059111756
0.05456517433335598
0.02443902679028191
0.008774825310844638
0.0023161495495797463
0.000387925534821353
2.5368128157150807e-5
0.4385747292700173
0.4235763788903644
0.38286770101933837
0.3235111807706805
0.254293324508098
0.1843058088811767
0.12139732489709132
0.07130969963400845
0.03625643799047814
0.015245970816871962
0.004940278610344602
0.001091130077215012
0.00011862311069492755
0.300863637334904
0.29028504893982454
0.26145611028718946
0.2194029713967051
0.17049093459876022
0.12139732489709132
0.07789466867301675
0.04383700521780568
0.020819192498686866
0.007808648539609132
0.002075971486167937
0.00027960029714369584
0.18754818491943617
0.1807586899928004
0.16208494444845448
0.13473105196659496
0.10293943059111756
0.07130969963400845
0.04383700521780568
0.023105921823809116
0.009803622583614892
0.002993808771938552
0.000488887033209203
0.10363359653298598
0.09978906831960405
0.0890385455906929
0.07312452439252314
0.05456517433335598
0.03625643799047814
0.020819192498686866
0.009803622583614892
0.003423233061939178
0.000649244449846446
0.04888999155073628
0.04705679771426705
0.041816504210036014
0.033856912468485496
0.02443902679028191
0.015245970816871962
0.007808648539609132
0.002993808771938552
0.000649244449846446
0.01860754733824481
0.0179606444091318
0.01596724148064423
0.012739934251580596
0.008774825310844638
0.004940278610344602
0.002075971486167937
0.000488887033209203
0.0052380235874920095
0.005104839214356834
0.004596059962717489
0.0036134858144980624
0.0023161495495797463
0.001091130077215012
0.00027960029714369584
0.0009615562501980809
0.0009569754413346252
0.0008830399214850193
0.0006824678932284494
0.000387925534821353
0.00011862311069492755
0.00011585330377510089
0.00012126140932150623
0.0001056276585590914
6.893611211432628e-5
2.5368128157150807e-5
4.4970017094122414e-5
4.0639035043465696e-5
2.407931815671577e-5
6.159983566833185e-6
1.8436707314661273e-5
1.4285842806198051e-5
4.74486757338971e-6
3.2128890946265607e-6
1.8134888775220316e-6
4.3121360672118153e-10
