1.0
0.9935619437181189
0.9751785969863431
0.9459750847299184
0.9072319082496801
0.8603466269098755
0.8067940414594809
0.7480876087523567
0.6857411188843623
0.62123236359046
0.5559696922853334
0.4912609203620137
0.42828921287803895
0.368090742351696
0.3115421622916789
0.2593477022180908
0.21203652001638107
0.1699576944438581
0.13328434356025518
0.10201745048167324
0.0759985806086455
0.054923513372126205
0.03836325052151626
0.025789211006397268
0.016604590978650958
0.010181958898533218
0.005908830056157421
0.0032234437719044456
0.0016425498000595686
0.0007790922720909092
0.0003477275809499698
0.0001545391602021189
7.83329478508147e-5
5.0119641082224625e-5
3.7301460918294845e-5
2.7652687490656142e-5
1.9018869328219884e-5
1.1939335857510474e-5
6.766020938016447e-6
3.330571421402247e-6
1.3680921814320325e-6
4.2098926860084256e-7
9.965603370546982e-8
1.0802724561515828e-8
3.183163747151161e-10
0.9935619437181189
0.9872863070708682
0.9691116306080063
0.9401577697468898
0.9017000835280653
0.8551299332795727
0.8019163227680824
0.7435663911555633
0.6815880059910738
0.6174533483399126
0.5525651014549691
0.48822695324978277
0.42561681943442087
0.3657681145097594
0.3095524407480282
0.25767183788209225
0.21065047202143558
0.16883556072114184
0.13239658233890478
0.10133417363173138
0.07548875338357616
0.0545571163290329
0.03811151198939497
0.025625705528877284
0.016505704250064885
0.010127070745775646
0.005881828689112464
0.0032126237403896545
0.0016398693958638835
0.0007797519552583238
0.0003490200951939104
0.00015545684832036995
7.849930848783946e-5
4.975695914461352e-5
3.656158608568231e-5
2.6869784610644708e-5
1.8272007558542595e-5
1.1409588963954122e-5
6.378955738022815e-6
3.1484170230192897e-6
1.2580701388821888e-6
4.0379321286477945e-7
8.041360518667539e-8
1.6682719560668873e-8
0.9751785969863431
0.9691116306080063
0.9515454910014154
0.9233169158705042
0.8856853925259441
0.8400266962145674
0.7877925301539975
0.7304731515202675
0.6695592427113918
0.6065064431669421
0.5427022842505534
0.4794357019511795
0.417872636863552
0.3590337540461832
0.3037810692423162
0.25280485776364586
0.20662081754953854
0.16556616357910664
0.12980500420249538
0.09933311806194323
0.07399057327073592
0.05347531488864399
0.037363902766862966
0.025136199008742394
0.016205687569835776
0.009957598752813946
0.005795702557625702
0.0031751405841289253
0.001627539385831406
0.0007779642574550767
0.00035004278235711817
0.00015576822423052516
7.731790356987287e-5
4.729566408905626e-5
3.3593925905727965e-5
2.393264583230601e-5
1.587524426307687e-5
9.610802357641815e-6
5.2605285053948455e-6
2.4860945722896277e-6
9.81108286908673e-7
2.711225028477919e-7
5.8708153079888036e-8
0.9459750847299184
0.9401577697468898
0.9233169158705042
0.8962560025642864
0.8599525398425071
0.8157563322057069
0.7650937107333947
0.7094277088737068
0.6502223994583533
0.5889071554480136
0.5268443472456071
0.4653001196715235
0.4054184919609736
0.3482016681588594
0.29449269924041727
0.24496647825696138
0.20012231782496456
0.16028578510132951
0.125609982833719
0.09608549686509005
0.07155004334861784
0.05170457691962439
0.03613177726318163
0.024320840164914828
0.01569799414667712
0.009664162001998574
0.0056410240381673145
0.0031026951349812566
0.0015986732244978666
0.0007688061262651069
0.00034734874382476663
0.0001535980705360271
7.371441576926822e-5
4.252168351306263e-5
2.8419458145830545e-5
1.927077625484076e-5
1.2132942427067051e-5
7.011913300024066e-6
3.595118072862321e-6
1.6104681120824288e-6
5.470683620660878e-7
1.3170276383912382e-7
0.9072319082496801
0.9017000835280653
0.8856853925259441
0.8599525398425071
0.8254312865247603
0.7831964429117146
0.7346394259371261
0.6811891741770263
0.6242741729693885
0.56528908993873
0.505562770482052
0.44632932495593425
0.3887038396254008
0.3336608080360823
0.2820196197129292
0.23443201251809087
0.1913791206098737
0.1531693064230703
0.11994430377591425
0.09168626766787678
0.0682313008412136
0.049283378142006985
0.03443343466905462
0.02318358260132032
0.014977405883115606
0.009236667398171321
0.005406522939777105
0.002985314300965665
0.0015456296013462863
0.0007468903333211986
0.0003379304856230454
0.0001474893034023967
6.76167604174693e-5
3.592172708400382e-5
2.206179196195146e-5
1.3820257556058688e-5
8.064291659823449e-6
4.2524473995707755e-6
1.9887346932053217e-6
7.471629756977964e-7
2.0559133056615442e-7
0.8603466269098755
0.8551299332795727
0.8400266962145674
0.8157563322057069
0.7831964429117146
0.7433620804393919
0.6973816292876216
0.6466414462022603
0.5925284820561105
0.5363949719859503
0.4795285154092595
0.4231238656246798
0.36825859275437955
0.3158736016339647
0.2667568643614167
0.22153422870694087
0.18066315579942713
0.14443436096774084
0.1129749398904987
0.0862592785083862
0.0641207099513065
0.04626735587667554
0.03230030309909452
0.021738094371691347
0.01404549069625266
0.008669488295490474
0.005083408885852181
0.00281438703054066
0.0014617859871552015
0.0007080294668631957
0.00031948284545409806
0.00013686269101765005
5.932845890135705e-5
2.8546834779809064e-5
1.562528323937853e-5
8.795849297263088e-6
4.5226630317268154e-6
2.0921655212593812e-6
7.853662967376563e-7
2.249568431226636e-7
0.8067940414594809
0.8019163227680824
0.7877925301539975
0.7650937107333947
0.7346394259371261
0.6973816292876216
0.6543795049608049
0.6067719743276505
0.5558969964525234
0.5030590200447631
0.44949763192228476
0.39636108193501984
0.3446832726601672
0.2953642559615832
0.24915677191229232
0.2066551586760532
0.16829204593019514
0.1343372507987299
0.10490394763766718
0.07995757586407352
0.05932968312083625
0.0427330775774824
0.029781499718950093
0.020012409670732877
0.0129152403285211
0.007965973644049983
0.004669825114407894
0.0025860559222940257
0.0013436738481264758
0.0006500560192027653
0.00029122669729303365
0.00012173121186799719
4.9598494953513743e-5
2.125324664099094e-5
1.0101186925818844e-5
4.8778709560751035e-6
2.0984531496641895e-6
7.491711272777305e-7
2.0287751200514345e-7
0.7480876087523567
0.7435663911555633
0.7304731515202675
0.7094277088737068
0.6811891741770263
0.6466414462022603
0.6067719743276505
0.5626433194542925
0.5153638159070637
0.46618359625624994
0.4162892865106271
0.366776961150828
0.31863084174882
0.2727060016348924
0.2297145819618404
0.19021739351710146
0.1546188107471917
0.12316802198784138
0.09596313638491599
0.07296179574433445
0.05399402161005164
0.03877938637676529
0.02694548850802787
0.018051394848595505
0.011613983844738746
0.007141421077668047
0.004173524387815544
0.002303783837130039
0.00119248165147421
0.0005735940753053248
0.00025380468376723597
0.00010295644418945126
3.9145344723305306e-5
1.4744679761742088e-5
5.8516821337359426e-6
2.3094121915063768e-6
7.27290164846101e-7
1.756534392499115e-7
0.6857411188843623
0.6815880059910738
0.6695592427113918
0.6502223994583533
0.6242741729693885
0.5925284820561105
0.5558969964525234
0.5153638159070637
0.47195563719746525
0.4267118695942696
0.3807609199185144
0.33514259468304
0.2907876550589722
0.2485018119102268
0.20895430202627627
0.17266908967557074
0.1400219754620476
0.11124018103945897
0.08640771419725608
0.06547452376123099
0.04827121702895949
0.034524920359425046
0.023879308074875892
0.015916638156203693
0.01018395671238801
0.006223852325050026
0.00361250067172871
0.001978632033196208
0.0010147552623851245
0.0004821560784728849
0.0002092929750158671
8.181496240901514e-5
2.8794769774373132e-5
9.327410912463793e-6
2.942124516968504e-6
8.538528948071884e-7
1.6312874401094272e-7
0.62123236359046
0.6174533483399126
0.6065064431669421
0.5889071554480136
0.56528908993873
0.5363949719859503
0.5030590200447631
0.46618359625624994
0.4267118695942696
0.38559835632880973
0.34378095100638495
0.30224008530354163
0.26185018871287424
0.22336558176565605
0.18740999138685654
0.15446998016733068
0.1248914347873099
0.09888026339229987
0.07650610228952828
0.057713261630204175
0.04233343391307521
0.030103580372317352
0.02068444744078081
0.013683798217858622
0.008680145406634776
0.005252304700454482
0.003013469104573169
0.001628218790195891
0.0008213808542328058
0.00038212573313565524
0.0001609529845173914
5.992822014136223e-5
1.924304377760294e-5
5.1783172975004275e-6
1.1650356807695632e-6
2.0291959839096467e-7
0.5559696922853334
0.5525651014549691
0.5427022842505534
0.5268443472456071
0.505562770482052
0.4795285154092595
0.44949763192228476
0.4162892865106271
0.3807609199185144
0.34378095100638495
0.30620246548994745
0.2688375679528635
0.23250339119128277
0.1979012466293845
0.16560904516599087
0.13607502392167659
0.10961560970081566
0.08641495431980761
0.0665302376588745
0.049900141411527564
0.03635990837425299
0.025656850525883124
0.017471258199564563
0.011437072679392995
0.007165881028199702
0.004272826215214566
0.002408868512034657
0.0012741739149566512
0.0006261805397042694
0.00028161200318754597
0.00011315907501775812
3.917626485598614e-5
1.1117122332207808e-5
2.3248336496085726e-6
2.845302306820661e-7
0.4912609203620137
0.48822695324978277
0.4794357019511795
0.4653001196715235
0.44632932495593425
0.4231238656246798
0.39636108193501984
0.366776961150828
0.33514259468304
0.30224008530354163
0.2688375679528635
0.2356661321670184
0.20339835695786737
0.17268370020496138
0.14405370311973345
0.11791896905240205
0.09456612748803134
0.07415919466912842
0.056742598109197885
0.04225203438755036
0.030526189032365276
0.021325655692141902
0.014350375066447825
0.00926240322049625
0.005705971888683847
0.003333312706785783
0.0018323629246150817
0.0009393481175235571
0.0004435993981891778
0.00018928475122108194
7.0543755241435e-5
2.169776990257684e-5
5.000114989266752e-6
6.668481524574429e-7
0.42828921287803895
0.42561681943442087
0.417872636863552
0.4054184919609736
0.3887038396254008
0.36825859275437955
0.3446832726601672
0.31863084174882
0.2907876550589722
0.26185018871287424
0.23250339119128277
0.20339835695786737
0.17513422319561261
0.14824067835854063
0.12320535264057288
0.10040064524220323
0.08008513550361518
0.06240217314964201
0.04738589559699729
0.03496844227684328
0.02499540464524634
0.01724008916911069
0.01142484205331389
0.007238859372344017
0.004360279127347576
0.002477072594219929
0.0013146669608312125
0.0006440746690464526
0.0002865919679164546
0.00011261657609204747
3.710704492441045e-5
9.217823566752997e-6
1.3600515905441975e-6
0.368090742351696
0.3657681145097594
0.3590337540461832
0.3482016681588594
0.3336608080360823
0.3158736016339647
0.2953642559615832
0.2727060016348924
0.2485018119102268
0.22336558176565605
0.1979012466293845
0.17268370020496138
0.14824067835854063
0.12503872849270295
0.10346931176502026
0.08387040502860901
0.06647113865488413
0.05139676662519329
0.038670029306611585
0.02822299083907989
0.01990704151911629
0.013511925053300919
0.00878076655197594
0.005432263593258299
0.003176588983920816
0.0017384145543806171
0.000878733952554242
0.0004034534197049559
0.0001640018482221731
5.6482800564356925e-5
1.494459487272405e-5
2.3595158272015984e-6
0.3115421622916789
0.3095524407480282
0.3037810692423162
0.29449269924041727
0.2820196197129292
0.2667568643614167
0.24915677191229232
0.2297145819618404
0.20895430202627627
0.18740999138685654
0.16560904516599087
0.14405370311973345
0.12320535264057288
0.10346931176502026
0.08518571704466145
0.06861791321031498
0.053970383608400285
0.041347769295224004
0.030765073292231396
0.022152470416680534
0.015371239950666435
0.010225401435659712
0.006482580194987715
0.003888458464230617
0.00218739111965085
0.0011381332471313741
0.0005377405972457738
0.00022445601912649847
7.929042447698276e-5
2.1655934885791772e-5
3.6303477349525613e-6
0.2593477022180908
0.25767183788209225
0.25280485776364586
0.24496647825696138
0.23443201251809087
0.22153422870694087
0.2066551586760532
0.19021739351710146
0.17266908967557074
0.15446998016733068
0.13607502392167659
0.11791896905240205
0.10040064524220323
0.08387040502860901
0.06861791321031498
0.0548672353239783
0.04276695459947057
0.032407202093099836
0.023791730221460826
0.016853261120815304
0.011460064240121037
0.007434895244001566
0.004566784806332329
0.002632101438326059
0.0014060889325972171
0.0006831362713356871
0.000292980184025764
0.00010593643783171695
2.9446865339648176e-5
5.016763759095974e-6
0.21203652001638107
0.21065047202143558
0.20662081754953854
0.20012231782496456
0.1913791206098737
0.18066315579942713
0.16829204593019514
0.1546188107471917
0.1400219754620476
0.1248914347873099
0.10961560970081566
0.09456612748803134
0.08008513550361518
0.06647113865488413
0.053970383608400285
0.04276695459947057
0.03298212344086671
0.02466687321240041
0.017820807334564658
0.01237449527989463
0.008208191735877998
0.005159553114575821
0.003043750843818726
0.0016638781567883511
0.0008291179264443995
0.0003654288770536599
0.00013578939609684796
3.8607879282036536e-5
6.676612929573804e-6
0.1699576944438581
0.16883556072114184
0.16556616357910664
0.16028578510132951
0.1531693064230703
0.14443436096774084
0.1343372507987299
0.12316802198784138
0.11124018103945897
0.09888026339229987
0.08641495431980761
0.07415919466912842
0.06240217314964201
0.05139676662519329
0.041347769295224004
0.032407202093099836
0.02466687321240041
0.018162280779219882
0.012868603651319994
0.008722059436077649
0.005609278652851609
0.0033882921902685004
0.001895669017258831
0.0009653890081130982
0.00043580543183335634
0.0001664126052335256
4.86795605459651e-5
8.65911282416976e-6
0.13328434356025518
0.13239658233890478
0.12980500420249538
0.125609982833719
0.11994430377591425
0.1129749398904987
0.10490394763766718
0.09596313638491599
0.08640771419725608
0.07650610228952828
0.0665302376588745
0.056742598109197885
0.04738589559699729
0.038670029306611585
0.030765073292231396
0.023791730221460826
0.017820807334564658
0.012868603651319994
0.00890592841718325
0.005857492804424983
0.0036246527037181522
0.0020793483746217485
0.0010846167308388192
0.0004996951076396957
0.000195102112552063
5.859129486826461e-5
1.0773621814185034e-5
0.10201745048167324
0.10133417363173138
0.09933311806194323
0.09608549686509005
0.09168626766787678
0.0862592785083862
0.07995757586407352
0.07296179574433445
0.06547452376123099
0.057713261630204175
0.049900141411527564
0.04225203438755036
0.03496844227684328
0.02822299083907989
0.022152470416680534
0.016853261120815304
0.01237449527989463
0.008722059436077649
0.005857492804424983
0.003711430781371496
0.0021849869071858905
0.0011718876637010075
0.0005543017492511751
0.00022066602559533431
6.757177270663215e-5
1.2750603915125624e-5
0.0759985806086455
0.07548875338357616
0.07399057327073592
0.07155004334861784
0.0682313008412136
0.0641207099513065
0.05932968312083625
0.05399402161005164
0.04827121702895949
0.04233343391307521
0.03635990837425299
0.030526189032365276
0.02499540464524634
0.01990704151911629
0.015371239950666435
0.011460064240121037
0.008208191735877998
0.005609278652851609
0.0036246527037181522
0.0021849869071858905
0.001205693251350326
0.0005888105052781762
0.00024214862161988824
7.560816233653592e-5
1.4505852188682815e-5
0.054923513372126205
0.0545571163290329
0.05347531488864399
0.05170457691962439
0.049283378142006985
0.04626735587667554
0.0427330775774824
0.03877938637676529
0.034524920359425046
0.030103580372317352
0.025656850525883124
0.021325655692141902
0.01724008916911069
0.013511925053300919
0.010225401435659712
0.007434895244001566
0.005159553114575821
0.0033882921902685004
0.0020793483746217485
0.0011718876637010075
0.0005888105052781762
0.0002517627851538411
8.216493406156043e-5
1.621632304519501e-5
0.03836325052151626
0.03811151198939497
0.037363902766862966
0.03613177726318163
0.03443343466905462
0.03230030309909452
0.029781499718950093
0.02694548850802787
0.023879308074875892
0.02068444744078081
0.017471258199564563
0.014350375066447825
0.01142484205331389
0.00878076655197594
0.006482580194987715
0.004566784806332329
0.003043750843818726
0.001895669017258831
0.0010846167308388192
0.0005543017492511751
0.00024214862161988824
8.216493406156043e-5
1.7561648635124985e-5
0.025789211006397268
0.025625705528877284
0.025136199008742394
0.024320840164914828
0.02318358260132032
0.021738094371691347
0.020012409670732877
0.018051394848595505
0.015916638156203693
0.013683798217858622
0.011437072679392995
0.00926240322049625
0.007238859372344017
0.005432263593258299
0.003888458464230617
0.002632101438326059
0.0016638781567883511
0.0009653890081130982
0.0004996951076396957
0.00022066602559533431
7.560816233653592e-5
1.621632304519501e-5
0.016604590978650958
0.016505704250064885
0.016205687569835776
0.01569799414667712
0.014977405883115606
0.01404549069625266
0.0129152403285211
0.011613983844738746
0.01018395671238801
0.008680145406634776
0.007165881028199702
0.005705971888683847
0.004360279127347576
0.003176588983920816
0.00218739111965085
0.0014060889325972171
0.0008291179264443995
0.00043580543183335634
0.000195102112552063
6.757177270663215e-5
1.4505852188682815e-5
0.010181958898533218
0.010127070745775646
0.009957598752813946
0.009664162001998574
0.009236667398171321
0.008669488295490474
0.007965973644049983
0.007141421077668047
0.006223852325050026
0.005252304700454482
0.004272826215214566
0.003333312706785783
0.002477072594219929
0.0017384145543806171
0.0011381332471313741
0.0006831362713356871
0.0003654288770536599
0.0001664126052335256
5.859129486826461e-5
1.2750603915125624e-5
0.005908830056157421
0.005881828689112464
0.005795702557625702
0.0056410240381673145
0.005406522939777105
0.005083408885852181
0.004669825114407894
0.004173524387815544
0.00361250067172871
0.003013469104573169
0.002408868512034657
0.0018323629246150817
0.0013146669608312125
0.000878733952554242
0.0005377405972457738
0.000292980184025764
0.00013578939609684796
4.86795605459651e-5
1.0773621814185034e-5
0.0032234437719044456
0.0032126237403896545
0.0031751405841289253
0.0031026951349812566
0.002985314300965665
0.00281438703054066
0.0025860559222940257
0.002303783837130039
0.001978632033196208
0.001628218790195891
0.0012741739149566512
0.0009393481175235571
0.0006440746690464526
0.0004034534197049559
0.00022445601912649847
0.00010593643783171695
3.8607879282036536e-5
8.65911282416976e-6
0.0016425498000595686
0.0016398693958638835
0.001627539385831406
0.0015986732244978666
0.0015456296013462863
0.0014617859871552015
0.0013436738481264758
0.00119248165147421
0.0010147552623851245
0.0008213808542328058
0.0006261805397042694
0.0004435993981891778
0.0002865919679164546
0.0001640018482221731
7.929042447698276e-5
2.9446865339648176e-5
6.676612929573804e-6
0.0007790922720909092
0.0007797519552583238
0.0007779642574550767
0.0007688061262651069
0.0007468903333211986
0.0007080294668631957
0.0006500560192027653
0.0005735940753053248
0.0004821560784728849
0.00038212573313565524
0.00028161200318754597
0.00018928475122108194
0.00011261657609204747
5.6482800564356925e-5
2.1655934885791772e-5
5.016763759095974e-6
0.0003477275809499698
0.0003490200951939104
0.00035004278235711817
0.00034734874382476663
0.0003379304856230454
0.00031948284545409806
0.00029122669729303365
0.00025380468376723597
0.0002092929750158671
0.0001609529845173914
0.00011315907501775812
7.0543755241435e-5
3.710704492441045e-5
1.494459487272405e-5
3.6303477349525613e-6
0.0001545391602021189
0.00015545684832036995
0.00015576822423052516
0.0001535980705360271
0.0001474893034023967
0.00013686269101765005
0.00012173121186799719
0.00010295644418945126
8.181496240901514e-5
5.992822014136223e-5
3.917626485598614e-5
2.169776990257684e-5
9.217823566752997e-6
2.3595158272015984e-6
7.83329478508147e-5
7.849930848783946e-5
7.731790356987287e-5
7.371441576926822e-5
6.76167604174693e-5
5.932845890135705e-5
4.9598494953513743e-5
3.9145344723305306e-5
2.8794769774373132e-5
1.924304377760294e-5
1.1117122332207808e-5
5.000114989266752e-6
1.3600515905441975e-6
5.0119641082224625e-5
4.975695914461352e-5
4.729566408905626e-5
4.252168351306263e-5
3.592172708400382e-5
2.8546834779809064e-5
2.125324664099094e-5
1.4744679761742088e-5
9.327410912463793e-6
5.1783172975004275e-6
2.3248336496085726e-6
6.668481524574429e-7
3.7301460918294845e-5
3.656158608568231e-5
3.3593925905727965e-5
2.8419458145830545e-5
2.206179196195146e-5
1.562528323937853e-5
1.0101186925818844e-5
5.8516821337359426e-6
2.942124516968504e-6
1.1650356807695632e-6
2.845302306820661e-7
2.7652687490656142e-5
2.6869784610644708e-5
2.393264583230601e-5
1.927077625484076e-5
1.3820257556058688e-5
8.795849297263088e-6
4.8778709560751035e-6
2.3094121915063768e-6
8.538528948071884e-7
2.0291959839096467e-7
1.9018869328219884e-5
1.8272007558542595e-5
1.587524426307687e-5
1.2132942427067051e-5
8.064291659823449e-6
4.5226630317268154e-6
2.0984531496641895e-6
7.27290164846101e-7
1.6312874401094272e-7
1.1939335857510474e-5
1.1409588963954122e-5
9.610802357641815e-6
7.011913300024066e-6
4.2524473995707755e-6
2.0921655212593812e-6
7.491711272777305e-7
1.756534392499115e-7
6.766020938016447e-6
6.378955738022815e-6
5.2605285053948455e-6
3.595118072862321e-6
1.9887346932053217e-6
7.853662967376563e-7
2.0287751200514345e-7
3.330571421402247e-6
3.1484170230192897e-6
2.4860945722896277e-6
1.6104681120824288e-6
7.471629756977964e-7
2.249568431226636e-7
1.3680921814320325e-6
1.2580701388821888e-6
9.81108286908673e-7
5.470683620660878e-7
2.0559133056615442e-7
4.2098926860084256e-7
4.0379321286477945e-7
2.711225028477919e-7
1.3170276383912382e-7
9.965603370546982e-8
8.041360518667539e-8
5.8708153079888036e-8
1.0802724561515828e-8
1.6682719560668873e-8
3.183163747151161e-10
