1.0
0.9929780076887268
0.9729775693379313
0.941293497652702
0.8994014055968315
0.8489099466681386
0.7915114266913407
0.728933836887404
0.6628938900742195
0.5950524348113655
0.5269745801730467
0.4600928402720899
0.39568008085156875
0.33482480487280286
0.2784185962991905
0.22714350730596783
0.18147122243930025
0.1416598571558981
0.10776268800194777
0.07963770571028403
0.056966876306939265
0.03927891152718459
0.025980428796172943
0.01639449486797689
0.009806119194849455
0.0055193283768716715
0.0029008471449865993
0.0014135363833308952
0.0006372728502864719
0.00027127796905055
0.00011942323780566599
6.415403243982918e-5
4.398335701780573e-5
3.2845568631366184e-5
2.3210507662403956e-5
1.4951053031741246e-5
8.686263882485539e-6
4.404927933963078e-6
1.874002286997833e-6
5.961818159121347e-7
1.416932216676777e-7
1.5164941144671495e-8
2.6345767220843017e-10
0.9929780076887268
0.9861423384588792
0.9663829707887825
0.9349881769111373
0.8934270563814811
0.8433005694941614
0.7862937246328593
0.7241267826284005
0.6585090650677294
0.5910947644986658
0.5234420293743038
0.45697863199034244
0.3929710355264381
0.33250454852328315
0.27646453583968833
0.22553026256752148
0.18016762226135002
0.14063281476302403
0.10697587664199817
0.07905491079955784
0.05655186804881212
0.03899724950144182
0.025800614674054062
0.016288149155476887
0.009748974249484654
0.005492567000066401
0.0028909713668730215
0.00141176391295385
0.0006383284396723243
0.0002726884951687751
0.00012011194521627862
6.411665866073637e-5
4.3345236917931e-5
3.2007068245104934e-5
2.2331143730479192e-5
1.4280806306867091e-5
8.181144000380774e-6
4.147476661767394e-6
1.7197845869660026e-6
5.652946969116302e-7
1.1540191310926846e-7
2.3201290144594073e-8
0.9729775693379313
0.9663829707887825
0.94732524150731
0.9167689889100008
0.8761635814689361
0.8270904424104508
0.7712131437078924
0.7102309614546455
0.6458322008608092
0.5796508016023298
0.513226822555397
0.44797030296110313
0.38513361098616816
0.32578671592968383
0.2708033961976039
0.22084877813368986
0.17637898262576712
0.13763981872346645
0.10467674475570113
0.07734497085366783
0.0553282713375219
0.03816172416014879
0.025262139574770366
0.01596521003306128
0.00957182465445315
0.005406180899191498
0.002855722515379065
0.0014014395884029242
0.0006375781445273109
0.0002736230652790338
0.00011985359937077977
6.2117497106353e-5
4.031861572873616e-5
2.866309498194546e-5
1.940884859426058e-5
1.1993250851020359e-5
6.695859414230579e-6
3.243695574397577e-6
1.319588959866263e-6
3.777955416154093e-7
8.103719952751843e-8
0.941293497652702
0.9349881769111373
0.9167689889100008
0.8875594193894911
0.8484864867096954
0.8010994716428034
0.7470303364183295
0.6879448122850486
0.6254983817499647
0.5612930976655438
0.4968384994241524
0.4335174807696795
0.3725561807772834
0.3150026709285244
0.2617080831202046
0.21331957027176698
0.1702749096201599
0.13280783948515845
0.10095394747679852
0.0745658609912271
0.0533292590591284
0.03678650652561417
0.024365663479490148
0.01541792132178305
0.009263725382775664
0.00524933439711078
0.002785567226324689
0.0013751878408589362
0.0006296423940093082
0.00027089274865547334
0.00011676321034414668
5.753946309740456e-5
3.4760555250251206e-5
2.325044364962318e-5
1.483127086890757e-5
8.686980781971801e-6
4.519477450367657e-6
2.05790759775061e-6
7.21100225971729e-7
1.7654871787812266e-7
0.8994014055968315
0.8934270563814811
0.8761635814689361
0.8484864867096954
0.8114639706660204
0.7663315532707969
0.7146781849458006
0.6581273651300068
0.5982909938319924
0.5367286350521698
0.4749093355956569
0.41417735755625684
0.3557244241552507
0.30056569370699543
0.24952475730378462
0.203222390371914
0.16207646380041954
0.12630302017292022
0.09592763362803056
0.07079812465094541
0.05060347986654047
0.034895167708291784
0.02311679414479872
0.014640785423731323
0.008813174176521285
0.00500929490483928
0.0026696162378781986
0.001324747879199912
0.0006093234773703038
0.0002616011423837009
0.00011001289208032643
5.0563745921704744e-5
2.771171377717275e-5
1.6874146927997324e-5
9.864774254680288e-6
5.22335609618916e-6
2.451856744880257e-6
9.301385962703e-7
2.601597040984834e-7
0.8489099466681386
0.8433005694941614
0.8270904424104508
0.8010994716428034
0.7663315532707969
0.7239489730108473
0.6752415573126647
0.6217805781519369
0.5651267849865662
0.5067880173301811
0.4481831306261273
0.39060901914119295
0.3352125720294926
0.28296965800028795
0.23466781275662565
0.1908989790106078
0.1520555873208176
0.11833598824889217
0.08975308370520486
0.06615083975801539
0.04722130811346189
0.03252792999270127
0.021533735471898206
0.013636947970636778
0.008214683796958775
0.0046767815789478745
0.002498871450875344
0.0012436650147711111
0.0005726169497771304
0.00024409862231351077
9.934146762466212e-5
4.2089838683007763e-5
2.034425268276173e-5
1.0943691006788398e-5
5.567961899150917e-6
2.54384340019371e-6
9.477685752986325e-7
2.688992312377078e-7
0.7915114266913407
0.7862937246328593
0.7712131437078924
0.7470303364183295
0.7146781849458006
0.6752415573126647
0.629925912483945
0.5800222943526723
0.5270315868245633
0.4724030579305585
0.4174972734070002
0.36355502433692916
0.31167145684000835
0.2627749568897131
0.2176132602795455
0.17674372338706681
0.14053274317208458
0.10915837599533568
0.08262209615700375
0.06076331435262222
0.04327916673843788
0.02974690426641008
0.019652471660525885
0.012423975348913234
0.007473936325520174
0.004251249797248636
0.002270288579700916
0.001129050647616306
0.0005181118233618195
0.00021798990476618502
8.533676378811076e-5
3.296555124062157e-5
1.3755220803352512e-5
6.2479119445725266e-6
2.6210642470018273e-6
9.040044221745997e-7
2.3718398501149068e-7
0.728933836887404
0.7241267826284005
0.7102309614546455
0.6879448122850486
0.6581273651300068
0.6217805781519369
0.5800222943526723
0.5340508915143198
0.4851083342392235
0.4345777753361033
0.3837553486622286
0.33381935122020323
0.2858063875798012
0.24059304921550229
0.19888160256268458
0.16119330833505327
0.12786566007839983
0.09905742463609322
0.07475800423116717
0.05480431216205927
0.03889958970587372
0.026637570291790227
0.017529389961411318
0.011036694442424813
0.006611171625618799
0.0037435736456207817
0.001989311543723004
0.0009833769885976616
0.0004470807157084056
0.00018451511808363305
6.895928270383616e-5
2.4073236104749136e-5
8.405381587862555e-6
3.071129937737173e-6
9.36637112000883e-7
2.0704683488099597e-7
0.6628938900742195
0.6585090650677294
0.6458322008608092
0.6254983817499647
0.5982909938319924
0.5651267849865662
0.5270315868245633
0.4851083342392235
0.4405003563770027
0.39435454453430663
0.34789699502670746
0.3022388812732319
0.2583542990221648
0.2170634445795556
0.17902114015628368
0.1447096221937369
0.11443795326899307
0.08834465476304994
0.06640898744108167
0.04846612563289436
0.03422808944670457
0.02330638846822991
0.015240277550185966
0.009527338340411862
0.005661212555381078
0.0031762340393689057
0.0016698035649783478
0.0008146625100805883
0.0003638613180137321
0.00014594737703382116
5.1609097473095256e-5
1.6014154164801408e-5
4.487145497558279e-6
1.1850343174924823e-6
2.1746588055632717e-7
0.5950524348113655
0.5910947644986658
0.5796508016023298
0.5612930976655438
0.5367286350521698
0.5067880173301811
0.4724030579305585
0.4345777753361033
0.39435454453430663
0.3527787416840651
0.3108650569007759
0.269654680658669
0.23005620387105327
0.19283174458163915
0.1585864586243667
0.1277636504900521
0.1006428843012357
0.07734403832890331
0.05783643737549639
0.04195630577201526
0.02942525642254292
0.01987548196628158
0.012875739791974818
0.007961917999432478
0.0046706194148511265
0.002580856555605682
0.0013321511960434833
0.0006353540866421098
0.00027537512918964554
0.00010568245779782644
3.4703393770028794e-5
9.312159157791987e-6
1.9113137223080166e-6
2.9110726253825e-7
0.5269745801730467
0.5234420293743038
0.513226822555397
0.4968384994241524
0.4749093355956569
0.4481831306261273
0.4174972734070002
0.3837553486622286
0.34789699502670746
0.3108650569007759
0.27357453153960415
0.23688250973222083
0.20163194342763754
0.16852555067820238
0.13811915279979897
0.11081643409818805
0.08686864243700836
0.06637688089554661
0.049303381230794155
0.03548551038188521
0.024657737878717865
0.016473691024993974
0.010534129183912498
0.006413442289763284
0.0036922738218226584
0.0019938252720671295
0.001000303476206359
0.0004601489217567208
0.00019002713646371959
6.792212011624158e-5
1.9858115777904596e-5
4.304529946376995e-6
5.192459180668286e-7
0.4600928402720899
0.45697863199034244
0.44797030296110313
0.4335174807696795
0.41417735755625684
0.39060901914119295
0.36355502433692916
0.33381935122020323
0.3022388812732319
0.269654680658669
0.23688250973222083
0.20468645898862367
0.17375466267244102
0.14473271242918384
0.11812653231440651
0.09430154353446207
0.07348042747024852
0.05574805511688805
0.041059153585046984
0.02925596667420208
0.02008574531386588
0.013226783902056147
0.008311410803475472
0.004953935372767175
0.0027778837747083397
0.0014512514128784551
0.0006977895502609547
0.00030360594602768813
0.00011602923913597919
3.683139958005045e-5
8.739052976972642e-6
1.2094423081503767e-6
0.39568008085156875
0.3929710355264381
0.38513361098616816
0.3725561807772834
0.3557244241552507
0.3352125720294926
0.31167145684000835
0.2858063875798012
0.2583542990221648
0.23005620387105327
0.20163194342763754
0.17375466267244102
0.14703082481547675
0.12198071158800665
0.09906399996050091
0.07860689679711967
0.0608061652654351
0.04572950180866599
0.033327818351793354
0.023447526898678173
0.015852898463907108
0.010245660172307875
0.006292244086710221
0.0036451654038636367
0.0019717601911342203
0.0009829141426083987
0.00044405637414793206
0.00017719408667188932
5.965964535985733e-5
1.5294380152073946e-5
2.308075244889427e-6
0.33482480487280286
0.33250454852328315
0.32578671592968383
0.3150026709285244
0.30056569370699543
0.28296965800028795
0.2627749568897131
0.24059304921550229
0.2170634445795556
0.19283174458163915
0.16852555067820238
0.14473271242918384
0.12198071158800665
0.10072190848187193
0.08131809050482984
0.06406141516919597
0.04912032640138418
0.03654919013622583
0.02629357153354014
0.018208656450847592
0.012073885785983828
0.007618507467766027
0.004540583028379761
0.00253303081948802
0.001304340690533419
0.0006086887314054957
0.0002505652256930679
8.719327909641093e-5
2.3425039871787912e-5
3.820493405190361e-6
0.2784185962991905
0.27646453583968833
0.2708033961976039
0.2617080831202046
0.24952475730378462
0.23466781275662565
0.2176132602795455
0.19888160256268458
0.17902114015628368
0.1585864586243667
0.13811915279979897
0.11812653231440651
0.09906399996050091
0.08131809050482984
0.06519775761931211
0.05092141549625925
0.038635728298258815
0.028378256800589943
0.02009416697538654
0.01364470163450996
0.008829428236899979
0.005402018083517542
0.0030962222292557576
0.0016419250567109036
0.0007902702480518679
0.0003351801265855653
0.00011969209780833693
3.2860312323083784e-5
5.530350167004886e-6
0.22714350730596783
0.22553026256752148
0.22084877813368986
0.21331957027176698
0.203222390371914
0.1908989790106078
0.17674372338706681
0.16119330833505327
0.1447096221937369
0.1277636504900521
0.11081643409818805
0.09430154353446207
0.07860689679711967
0.06406141516919597
0.05092141549625925
0.03936724430445003
0.029493170919764382
0.02132786297965828
0.014811249285545962
0.009816181260612294
0.006158409415950297
0.0036213683866794404
0.001970363214009094
0.0009755534349283817
0.00042637573663742944
0.00015679323938235027
4.405953365282468e-5
7.511920533567997e-6
0.18147122243930025
0.18016762226135002
0.17637898262576712
0.1702749096201599
0.16207646380041954
0.1520555873208176
0.14053274317208458
0.12786566007839983
0.11443795326899307
0.1006428843012357
0.08686864243700836
0.07348042747024852
0.0608061652654351
0.04912032640138418
0.038635728298258815
0.029493170919764382
0.02176364612558869
0.015442377137891766
0.010472771191050416
0.0067332224879478484
0.0040618899815215844
0.0022669587242533287
0.0011500089716840244
0.0005163476592088326
0.00019566328398403393
5.668540255425889e-5
9.93640596014728e-6
0.1416598571558981
0.14063281476302403
0.13763981872346645
0.13280783948515845
0.12630302017292022
0.11833598824889217
0.10915837599533568
0.09905742463609322
0.08834465476304994
0.07734403832890331
0.06637688089554661
0.05574805511688805
0.04572950180866599
0.03654919013622583
0.028378256800589943
0.02132786297965828
0.015442377137891766
0.01070779745427711
0.007050542655206478
0.004364059532783155
0.0025018599443283706
0.0013027146643951322
0.0005983785885439001
0.0002325698231917768
6.937761210266379e-5
1.2615972617187376e-5
0.10776268800194777
0.10697587664199817
0.10467674475570113
0.10095394747679852
0.09592763362803056
0.08975308370520486
0.08262209615700375
0.07475800423116717
0.06640898744108167
0.05783643737549639
0.049303381230794155
0.041059153585046984
0.033327818351793354
0.02629357153354014
0.02009416697538654
0.014811249285545962
0.010472771191050416
0.007050542655206478
0.0044748762373805415
0.0026367437901071754
0.001414097180097676
0.0006681879208410454
0.000265377644024971
8.09832460981018e-5
1.5157821350987267e-5
0.07963770571028403
0.07905491079955784
0.07734497085366783
0.0745658609912271
0.07079812465094541
0.06615083975801539
0.06076331435262222
0.05480431216205927
0.04846612563289436
0.04195630577201526
0.03548551038188521
0.02925596667420208
0.023447526898678173
0.018208656450847592
0.01364470163450996
0.009816181260612294
0.0067332224879478484
0.004364059532783155
0.0026367437901071754
0.001457148588648812
0.000712080388011456
0.0002927079738475995
9.124602558624013e-5
1.7432880888544767e-5
0.056966876306939265
0.05655186804881212
0.0553282713375219
0.0533292590591284
0.05060347986654047
0.04722130811346189
0.04327916673843788
0.03889958970587372
0.03422808944670457
0.02942525642254292
0.024657737878717865
0.02008574531386588
0.015852898463907108
0.012073885785983828
0.008829428236899979
0.006158409415950297
0.0040618899815215844
0.0025018599443283706
0.001414097180097676
0.000712080388011456
0.0003048380399127667
9.951991345173438e-5
1.957805103283332e-5
0.03927891152718459
0.03899724950144182
0.03816172416014879
0.03678650652561417
0.034895167708291784
0.03252792999270127
0.02974690426641008
0.026637570291790227
0.02330638846822991
0.01987548196628158
0.016473691024993974
0.013226783902056147
0.010245660172307875
0.007618507467766027
0.005402018083517542
0.0036213683866794404
0.0022669587242533287
0.0013027146643951322
0.0006681879208410454
0.0002927079738475995
9.951991345173438e-5
2.1257247847881504e-5
0.025980428796172943
0.025800614674054062
0.025262139574770366
0.024365663479490148
0.02311679414479872
0.021533735471898206
0.019652471660525885
0.017529389961411318
0.015240277550185966
0.012875739791974818
0.010534129183912498
0.008311410803475472
0.006292244086710221
0.004540583028379761
0.0030962222292557576
0.001970363214009094
0.0011500089716840244
0.0005983785885439001
0.000265377644024971
9.124602558624013e-5
1.957805103283332e-5
0.01639449486797689
0.016288149155476887
0.01596521003306128
0.01541792132178305
0.014640785423731323
0.013636947970636778
0.012423975348913234
0.011036694442424813
0.009527338340411862
0.007961917999432478
0.006413442289763284
0.004953935372767175
0.0036451654038636367
0.00253303081948802
0.0016419250567109036
0.0009755534349283817
0.0005163476592088326
0.0002325698231917768
8.09832460981018e-5
1.7432880888544767e-5
0.009806119194849455
0.009748974249484654
0.00957182465445315
0.009263725382775664
0.008813174176521285
0.008214683796958775
0.007473936325520174
0.006611171625618799
0.005661212555381078
0.0046706194148511265
0.0036922738218226584
0.0027778837747083397
0.0019717601911342203
0.001304340690533419
0.0007902702480518679
0.00042637573663742944
0.00019566328398403393
6.937761210266379e-5
1.5157821350987267e-5
0.0055193283768716715
0.005492567000066401
0.005406180899191498
0.00524933439711078
0.00500929490483928
0.0046767815789478745
0.004251249797248636
0.0037435736456207817
0.0031762340393689057
0.002580856555605682
0.0019938252720671295
0.0014512514128784551
0.0009829141426083987
0.0006086887314054957
0.0003351801265855653
0.00015679323938235027
5.668540255425889e-5
1.2615972617187376e-5
0.0029008471449865993
0.0028909713668730215
0.002855722515379065
0.002785567226324689
0.0026696162378781986
0.002498871450875344
0.002270288579700916
0.001989311543723004
0.0016698035649783478
0.0013321511960434833
0.001000303476206359
0.0006977895502609547
0.00044405637414793206
0.0002505652256930679
0.00011969209780833693
4.405953365282468e-5
9.93640596014728e-6
0.0014135363833308952
0.00141176391295385
0.0014014395884029242
0.0013751878408589362
0.001324747879199912
0.0012436650147711111
0.001129050647616306
0.0009833769885976616
0.0008146625100805883
0.0006353540866421098
0.0004601489217567208
0.00030360594602768813
0.00017719408667188932
8.719327909641093e-5
3.2860312323083784e-5
7.511920533567997e-6
0.0006372728502864719
0.0006383284396723243
0.0006375781445273109
0.0006296423940093082
0.0006093234773703038
0.0005726169497771304
0.0005181118233618195
0.0004470807157084056
0.0003638613180137321
0.00027537512918964554
0.00019002713646371959
0.00011602923913597919
5.965964535985733e-5
2.3425039871787912e-5
5.530350167004886e-6
0.00027127796905055
0.0002726884951687751
0.0002736230652790338
0.00027089274865547334
0.0002616011423837009
0.00024409862231351077
0.00021798990476618502
0.00018451511808363305
0.00014594737703382116
0.00010568245779782644
6.792212011624158e-5
3.683139958005045e-5
1.5294380152073946e-5
3.820493405190361e-6
0.00011942323780566599
0.00012011194521627862
0.00011985359937077977
0.00011676321034414668
0.00011001289208032643
9.934146762466212e-5
8.533676378811076e-5
6.895928270383616e-5
5.1609097473095256e-5
3.4703393770028794e-5
1.9858115777904596e-5
8.739052976972642e-6
2.308075244889427e-6
6.415403243982918e-5
6.411665866073637e-5
6.2117497106353e-5
5.753946309740456e-5
5.0563745921704744e-5
4.2089838683007763e-5
3.296555124062157e-5
2.4073236104749136e-5
1.6014154164801408e-5
9.312159157791987e-6
4.304529946376995e-6
1.2094423081503767e-6
4.398335701780573e-5
4.3345236917931e-5
4.031861572873616e-5
3.4760555250251206e-5
2.771171377717275e-5
2.034425268276173e-5
1.3755220803352512e-5
8.405381587862555e-6
4.487145497558279e-6
1.9113137223080166e-6
5.192459180668286e-7
3.2845568631366184e-5
3.2007068245104934e-5
2.866309498194546e-5
2.325044364962318e-5
1.6874146927997324e-5
1.0943691006788398e-5
6.2479119445725266e-6
3.071129937737173e-6
1.1850343174924823e-6
2.9110726253825e-7
2.3210507662403956e-5
2.2331143730479192e-5
1.940884859426058e-5
1.483127086890757e-5
9.864774254680288e-6
5.567961899150917e-6
2.6210642470018273e-6
9.36637112000883e-7
2.1746588055632717e-7
1.4951053031741246e-5
1.4280806306867091e-5
1.1993250851020359e-5
8.686980781971801e-6
5.22335609618916e-6
2.54384340019371e-6
9.040044221745997e-7
2.0704683488099597e-7
8.686263882485539e-6
8.181144000380774e-6
6.695859414230579e-6
4.519477450367657e-6
2.451856744880257e-6
9.477685752986325e-7
2.3718398501149068e-7
4.404927933963078e-6
4.147476661767394e-6
3.243695574397577e-6
2.05790759775061e-6
9.301385962703e-7
2.688992312377078e-7
1.874002286997833e-6
1.7197845869660026e-6
1.319588959866263e-6
7.21100225971729e-7
2.601597040984834e-7
5.961818159121347e-7
5.652946969116302e-7
3.777955416154093e-7
1.7654871787812266e-7
1.416932216676777e-7
1.1540191310926846e-7
8.103719952751843e-8
1.5164941144671495e-8
2.3201290144594073e-8
2.6345767220843017e-10
