1.0
0.9926552415462336
0.9717634727583265
0.9387175345535949
0.8951049800059501
0.8426559178905801
0.7831864905818474
0.7185471227641875
0.6505684603731424
0.5810135335477101
0.5115317404077715
0.44362121481474526
0.3785975670572685
0.31757121518985987
0.26143244273894123
0.21084189967714093
0.16622878414654013
0.12779107369040194
0.09550599273052168
0.06914411834553874
0.048292678846135945
0.03238461053172098
0.020737082635120852
0.012597770626932977
0.007206768143028382
0.0038502322824089928
0.0019047134209953871
0.0008665275245735853
0.0003647647554538998
0.00015033339795806656
7.115287377623497e-5
4.3898766357743106e-5
3.178835547418568e-5
2.217301997388698e-5
1.4112851700533679e-5
7.9060176432733e-6
3.855226687425909e-6
1.500669823598091e-6
4.487143518725276e-7
8.076914079709516e-8
1.0727226513280446e-8
1.7611236257676086e-11
0.9926552415462336
0.9855107868679318
0.9648786292488549
0.9321446802966176
0.8888895009767162
0.8368340288002466
0.7777869475181797
0.7135892328103405
0.6460640435825723
0.5769660810569148
0.5079381529828351
0.44047200782661805
0.37587764308631916
0.3152606502797625
0.25950565792935953
0.20926917547040821
0.16497504263178012
0.12681874535639293
0.09477506798762923
0.06861485781082463
0.04792616823342535
0.03214458787427835
0.020590783401936385
0.012516353802762043
0.007166269556574805
0.003833577005964241
0.001900020957754255
0.0008669017346903906
0.0003661634372642435
0.00015142515770652913
7.128809793413056e-5
4.349205957171478e-5
3.091925912679666e-5
2.1366141545398935e-5
1.3355521110832666e-5
7.452777785622258e-6
3.5463523932392517e-6
1.3977781078790456e-6
3.9335541849763114e-7
8.075943964017666e-8
7.0798660111319955e-9
0.9717634727583265
0.9648786292488549
0.9450013609236232
0.9131707231324858
0.8709455361426074
0.8200252419903664
0.7621939432490594
0.6992698009646166
0.6330515512397812
0.5652722305649294
0.4975536173618693
0.43136930787626265
0.36801276204089484
0.30857413151367724
0.25392412385912383
0.2047049234766221
0.1613291515307891
0.12398264544232403
0.09263589535060085
0.06705864876996634
0.046842484514978716
0.03142959274090659
0.02014985183531036
0.012266145207219211
0.007038608414019166
0.003777297770598911
0.0018807866271518814
0.0008633129272631899
0.0003670761518876871
0.00015171798489872431
6.993568957972522e-5
4.0687662108776936e-5
2.7736661107615433e-5
1.8370937849258305e-5
1.1134481228525623e-5
5.94718374608982e-6
2.7576800413829235e-6
1.0212553483801148e-6
2.805049429909048e-7
4.5513194672139207e-8
0.9387175345535949
0.9321446802966176
0.9131707231324858
0.8827891790851593
0.842213463386985
0.7931074241118048
0.7372202573155926
0.6763318153442688
0.6122049582306982
0.5465361568717128
0.48091443258022415
0.41678260726071076
0.35540671024583387
0.2978519604127138
0.24496563538856642
0.1973695565837629
0.15545812023607133
0.11940451026059304
0.08917118929009442
0.06452708661128018
0.04506864063700282
0.030248182607755168
0.01941002593615441
0.011836721263144128
0.006811712903583852
0.00367087442101343
0.0018380514987829707
0.0008495296881146179
0.00036309121169713797
0.00014908808935210793
6.583794745582397e-5
3.5492243308874836e-5
2.2340032164272567e-5
1.3870182085348355e-5
7.824880039561443e-6
3.933241792846704e-6
1.6670444818778903e-6
5.633276010212266e-7
1.206313434030736e-7
0.8951049800059501
0.8888895009767162
0.8709455361426074
0.842213463386985
0.803841352263815
0.7571573561035345
0.7038628250276834
0.6456910791538059
0.584355328743464
0.5215056712399312
0.45868523882832285
0.3972953046158444
0.3385634095509535
0.2835201297902086
0.2329821596047617
0.18754443305508717
0.1475798986673159
0.11324515083563219
0.08449366990590741
0.061092703216996065
0.04264505860564828
0.02861628971056997
0.01837122315268896
0.011218482404219186
0.006472261621465674
0.003501465322144973
0.001762113250346447
0.0008186850361822979
0.00035057009815997106
0.00014181220346081238
5.9158762021170074e-5
2.8597224652112384e-5
1.6109566742778305e-5
8.93340500144261e-6
4.538060884673544e-6
2.0053415279918337e-6
7.313011553532314e-7
1.882827166900371e-7
0.8426559178905801
0.8368340288002466
0.8200252419903664
0.7931074241118048
0.7571573561035345
0.7134218218771633
0.6632829736102174
0.6084158853669561
0.5504775480073101
0.49105946290697605
0.4316499754234553
0.3735972615465534
0.3180807662378812
0.2660878060615502
0.21839769376954904
0.17557430724056627
0.13796552808325382
0.10571029298241424
0.07875177531306063
0.05685602602033942
0.03963327902743888
0.026566353870798937
0.017045280464635576
0.010410178472862474
0.006012209796697486
0.0032592705165992615
0.0016449126844505025
0.0007658854531897349
0.00032689257375721173
0.00012941250006838606
5.038176883867147e-5
2.1370732529002338e-5
1.026980345751467e-5
4.846751354826434e-6
2.0300163810422255e-6
7.227999902002025e-7
1.911992805427328e-7
0.7831864905818474
0.7777869475181797
0.7621939432490594
0.7372202573155926
0.7038628250276834
0.6632829736102174
0.6167691450546706
0.5656983442876364
0.5116607971550962
0.45618363460565947
0.40068970368736
0.3464661169306326
0.29463512293944233
0.2461338434201972
0.20169875921017227
0.16185882316899283
0.12693516541481642
0.09704790609733419
0.07213060708075897
0.05194830895176552
0.03612141703145367
0.024152874234974763
0.015461786261423171
0.009424816453903863
0.005434605718586308
0.0029427288170772712
0.0014835692076989328
0.0006891543701994341
0.00029159502509881204
0.0001121794203309297
4.048694763748636e-5
1.471624807713064e-5
5.788884011779825e-6
2.1081919463709236e-6
6.32207561485118e-7
1.535485240672161e-7
0.7185471227641875
0.7135892328103405
0.6992698009646166
0.6763318153442688
0.6456910791538059
0.6084158853669561
0.5656983442876364
0.5188126472652869
0.46907450978834137
0.4179375066014836
0.36675385107182407
0.3167412750365593
0.268958972921023
0.2242879998467263
0.18341783321038055
0.14683993146105945
0.1148473173775445
0.08754186614516282
0.06484754969510584
0.04653113034404178
0.03222468011012829
0.021454118119588556
0.013671176500848847
0.008292697631548381
0.004756886574061679
0.0025610268799565114
0.0012826702181278206
0.0005905831763991228
0.0002460575370599396
9.13802658367135e-5
3.029353745042125e-5
9.268873938207257e-6
2.7749292084214857e-6
6.814110312295557e-7
1.076527534003959e-7
0.6505684603731424
0.6460640435825723
0.6330515512397812
0.6122049582306982
0.584355328743464
0.5504775480073101
0.5116607971550962
0.46907450978834137
0.4239252113197196
0.3774171687822655
0.3308250593977734
0.28529367391503324
0.24181401072604086
0.2012073839635723
0.1641135137910798
0.13098460556680697
0.10208576543787375
0.07750032667449858
0.05714537135150407
0.040790214772107126
0.028081571674971044
0.018570206750411326
0.011743445616958689
0.00706164671527912
0.0040102741750768535
0.002134036514122677
0.0010539656790388555
0.0004766947349881991
0.00019348772435886418
6.863347605008072e-5
2.068507210387954e-5
5.106148938408191e-6
1.0580383896402482e-6
1.2375879493173554e-7
0.5810135335477101
0.5769660810569148
0.5652722305649294
0.5465361568717128
0.5215056712399312
0.49105946290697605
0.45618363460565947
0.4179375066014836
0.3774171687822655
0.33571504397208884
0.29388443612945025
0.25299333302492216
0.2139625089984817
0.17755157619794507
0.14434861826675868
0.11476690882282237
0.08904276561768225
0.06724352022902569
0.04927967319054079
0.03492637319357833
0.02384577587692341
0.015616699314268834
0.00976368666393714
0.005792391521798472
0.0032368441446061122
0.001689284776075542
0.000814649638461572
0.0003573023845010174
0.00013886757467485055
4.6029872755447884e-5
1.2223672506174507e-5
2.3010845200305127e-6
2.2131875286911414e-7
0.5115317404077715
0.5079381529828351
0.4975536173618693
0.48091443258022415
0.45868523882832285
0.4316499754234553
0.40068970368736
0.36675385107182407
0.3308250593977734
0.29388443612945025
0.2568762780223354
0.22067796527790803
0.18613922650155218
0.15395698930006635
0.12466886295452971
0.09864756228294594
0.07610338406615626
0.05708716786818452
0.04150643324474584
0.029142275086560962
0.019676111675849685
0.012715107110056547
0.007823358736301356
0.00455176554908435
0.002483421655484508
0.0012580473002186243
0.0005842558686365859
0.00024375684443057928
8.822863436108486e-5
2.6013299797331908e-5
5.65556029259222e-6
6.161447656344207e-7
0.44362121481474526
0.44047200782661805
0.43136930787626265
0.41678260726071076
0.3972953046158444
0.3735972615465534
0.3464661169306326
0.3167412750365593
0.28529367391503324
0.25299333302492216
0.22067796527790803
0.18912446691018733
0.1590245361623266
0.13101443249937295
0.10557977390716512
0.08305626763062152
0.06362620854748159
0.047328108043176054
0.034065697278015575
0.023630623983931728
0.0157231077877816
0.009982059213720737
0.006009794804223102
0.0034037643781143724
0.001794727349928031
0.0008701259233740028
0.00038126437863258235
0.00014690187983449588
4.699533813275539e-5
1.1251876317396218e-5
1.4538772985067798e-6
0.3785975670572685
0.37587764308631916
0.36801276204089484
0.35540671024583387
0.3385634095509535
0.3180807662378812
0.29463512293944233
0.268958972921023
0.24181401072604086
0.2139625089984817
0.18613922650155218
0.1590245361623266
0.13322324159376986
0.10924558070676353
0.08752937026379504
0.06837052241101296
0.051928282565223416
0.03822605035409638
0.02716929176003551
0.01855879700215579
0.01211839515095239
0.007516695783551664
0.0043969954957232575
0.0024005761583680793
0.001206840639134152
0.0005485526098003378
0.0002199238894710511
7.411292749811687e-5
1.9103398649607137e-5
2.719432594890452e-6
0.31757121518985987
0.3152606502797625
0.30857413151367724
0.2978519604127138
0.2835201297902086
0.2660878060615502
0.2461338434201972
0.2242879998467263
0.2012073839635723
0.17755157619794507
0.15395698930006635
0.13101443249937295
0.10924558070676353
0.08908988712875718
0.07088890434779235
0.054904066235624605
0.041267256206169056
0.02999318106931775
0.020985405996261752
0.01406013149731809
0.008961899024256082
0.005393722699114264
0.0030364685278605405
0.001577630513487817
0.0007413440279204843
0.00030662874503624497
0.00010640169281394358
2.847597584043628e-5
4.351671841408333e-6
0.26143244273894123
0.25950565792935953
0.25392412385912383
0.24496563538856642
0.2329821596047617
0.21839769376954904
0.20169875921017227
0.18341783321038055
0.1641135137910798
0.14434861826675868
0.12466886295452971
0.10557977390716512
0.08752937026379504
0.07088890434779235
0.05594567628666511
0.042890690936413456
0.031835137776272164
0.022779475293345165
0.01563278817550154
0.010221623915769307
0.0063178957430185395
0.0036548058345718536
0.0019552760995098033
0.0009483170330672637
0.00040488565228211977
0.0001443932831947447
3.9406956450542805e-5
6.126586104869843e-6
0.21084189967714093
0.20926917547040821
0.2047049234766221
0.1973695565837629
0.18754443305508717
0.17557430724056627
0.16185882316899283
0.14683993146105945
0.13098460556680697
0.11476690882282237
0.09864756228294594
0.08305626763062152
0.06837052241101296
0.054904066235624605
0.042890690936413456
0.03248349041013087
0.023746104332399626
0.016672529696269235
0.011170263117500445
0.00708429696852874
0.00420768028385885
0.0023105050320923067
0.0011521425268239294
0.0005072966717496499
0.0001867713294478522
5.237675530721617e-5
8.262966999473422e-6
0.16622878414654013
0.16497504263178012
0.1613291515307891
0.15545812023607133
0.1475798986673159
0.13796552808325382
0.12693516541481642
0.1148473173775445
0.10208576543787375
0.08904276561768225
0.07610338406615626
0.06362620854748159
0.051928282565223416
0.041267256206169056
0.031835137776272164
0.023746104332399626
0.01704212381035379
0.011689579181490363
0.007603005460232629
0.00463764080361959
0.0026160142930438525
0.001337591651845964
0.0006044943447627396
0.00022929822599117796
6.649177385126447e-5
1.0864060829197544e-5
0.12779107369040194
0.12681874535639293
0.12398264544232403
0.11940451026059304
0.11324515083563219
0.10571029298241424
0.09704790609733419
0.08754186614516282
0.07750032667449858
0.06724352022902569
0.05708716786818452
0.047328108043176054
0.03822605035409638
0.02999318106931775
0.022779475293345165
0.016672529696269235
0.011689579181490363
0.007790654301146528
0.0048800753966426556
0.0028323492346375764
0.0014902140286721824
0.0006904258869884136
0.0002681979976281634
7.998961153810608e-5
1.3572569847100933e-5
0.09550599273052168
0.09477506798762923
0.09263589535060085
0.08917118929009442
0.08449366990590741
0.07875177531306063
0.07213060708075897
0.06484754969510584
0.05714537135150407
0.04927967319054079
0.04150643324474584
0.034065697278015575
0.02716929176003551
0.020985405996261752
0.01563278817550154
0.011170263117500445
0.007603005460232629
0.0048800753966426556
0.00291339776718476
0.0015819031279112644
0.0007571651148136283
0.00030196713842182483
9.205928494121793e-5
1.6022570656210894e-5
0.06914411834553874
0.06861485781082463
0.06705864876996634
0.06452708661128018
0.061092703216996065
0.05685602602033942
0.05194830895176552
0.04653113034404178
0.040790214772107126
0.03492637319357833
0.029142275086560962
0.023630623983931728
0.01855879700215579
0.01406013149731809
0.010221623915769307
0.00708429696852874
0.00463764080361959
0.0028323492346375764
0.0015819031279112644
0.0007843228233975066
0.00032556943988990374
0.00010251900501122067
1.8251094945926394e-5
0.048292678846135945
0.04792616823342535
0.046842484514978716
0.04506864063700282
0.04264505860564828
0.03963327902743888
0.03612141703145367
0.03222468011012829
0.028081571674971044
0.02384577587692341
0.019676111675849685
0.0157231077877816
0.01211839515095239
0.008961899024256082
0.0063178957430185395
0.00420768028385885
0.0026160142930438525
0.0014902140286721824
0.0007571651148136283
0.00032556943988990374
0.00010787983397079908
2.0198171881519402e-5
0.03238461053172098
0.03214458787427835
0.03142959274090659
0.030248182607755168
0.02861628971056997
0.026566353870798937
0.024152874234974763
0.021454118119588556
0.018570206750411326
0.015616699314268834
0.012715107110056547
0.009982059213720737
0.007516695783551664
0.005393722699114264
0.0036548058345718536
0.0023105050320923067
0.001337591651845964
0.0006904258869884136
0.00030196713842182483
0.00010251900501122067
2.0198171881519402e-5
0.020737082635120852
0.020590783401936385
0.02014985183531036
0.01941002593615441
0.01837122315268896
0.017045280464635576
0.015461786261423171
0.013671176500848847
0.011743445616958689
0.00976368666393714
0.007823358736301356
0.006009794804223102
0.0043969954957232575
0.0030364685278605405
0.0019552760995098033
0.0011521425268239294
0.0006044943447627396
0.0002681979976281634
9.205928494121793e-5
1.8251094945926394e-5
0.012597770626932977
0.012516353802762043
0.012266145207219211
0.011836721263144128
0.011218482404219186
0.010410178472862474
0.009424816453903863
0.008292697631548381
0.00706164671527912
0.005792391521798472
0.00455176554908435
0.0034037643781143724
0.0024005761583680793
0.001577630513487817
0.0009483170330672637
0.0005072966717496499
0.00022929822599117796
7.998961153810608e-5
1.6022570656210894e-5
0.007206768143028382
0.007166269556574805
0.007038608414019166
0.006811712903583852
0.006472261621465674
0.006012209796697486
0.005434605718586308
0.004756886574061679
0.0040102741750768535
0.0032368441446061122
0.002483421655484508
0.001794727349928031
0.001206840639134152
0.0007413440279204843
0.00040488565228211977
0.0001867713294478522
6.649177385126447e-5
1.3572569847100933e-5
0.0038502322824089928
0.003833577005964241
0.003777297770598911
0.00367087442101343
0.003501465322144973
0.0032592705165992615
0.0029427288170772712
0.0025610268799565114
0.002134036514122677
0.001689284776075542
0.0012580473002186243
0.0008701259233740028
0.0005485526098003378
0.00030662874503624497
0.0001443932831947447
5.237675530721617e-5
1.0864060829197544e-5
0.0019047134209953871
0.001900020957754255
0.0018807866271518814
0.0018380514987829707
0.001762113250346447
0.0016449126844505025
0.0014835692076989328
0.0012826702181278206
0.0010539656790388555
0.000814649638461572
0.0005842558686365859
0.00038126437863258235
0.0002199238894710511
0.00010640169281394358
3.9406956450542805e-5
8.262966999473422e-6
0.0008665275245735853
0.0008669017346903906
0.0008633129272631899
0.0008495296881146179
0.0008186850361822979
0.0007658854531897349
0.0006891543701994341
0.0005905831763991228
0.0004766947349881991
0.0003573023845010174
0.00024375684443057928
0.00014690187983449588
7.411292749811687e-5
2.847597584043628e-5
6.126586104869843e-6
0.0003647647554538998
0.0003661634372642435
0.0003670761518876871
0.00036309121169713797
0.00035057009815997106
0.00032689257375721173
0.00029159502509881204
0.0002460575370599396
0.00019348772435886418
0.00013886757467485055
8.822863436108486e-5
4.699533813275539e-5
1.9103398649607137e-5
4.351671841408333e-6
0.00015033339795806656
0.00015142515770652913
0.00015171798489872431
0.00014908808935210793
0.00014181220346081238
0.00012941250006838606
0.0001121794203309297
9.13802658367135e-5
6.863347605008072e-5
4.6029872755447884e-5
2.6013299797331908e-5
1.1251876317396218e-5
2.719432594890452e-6
7.115287377623497e-5
7.128809793413056e-5
6.993568957972522e-5
6.583794745582397e-5
5.9158762021170074e-5
5.038176883867147e-5
4.048694763748636e-5
3.029353745042125e-5
2.068507210387954e-5
1.2223672506174507e-5
5.65556029259222e-6
1.4538772985067798e-6
4.3898766357743106e-5
4.349205957171478e-5
4.0687662108776936e-5
3.5492243308874836e-5
2.8597224652112384e-5
2.1370732529002338e-5
1.471624807713064e-5
9.268873938207257e-6
5.106148938408191e-6
2.3010845200305127e-6
6.161447656344207e-7
3.178835547418568e-5
3.091925912679666e-5
2.7736661107615433e-5
2.2340032164272567e-5
1.6109566742778305e-5
1.026980345751467e-5
5.788884011779825e-6
2.7749292084214857e-6
1.0580383896402482e-6
2.2131875286911414e-7
2.217301997388698e-5
2.1366141545398935e-5
1.8370937849258305e-5
1.3870182085348355e-5
8.93340500144261e-6
4.846751354826434e-6
2.1081919463709236e-6
6.814110312295557e-7
1.2375879493173554e-7
1.4112851700533679e-5
1.3355521110832666e-5
1.1134481228525623e-5
7.824880039561443e-6
4.538060884673544e-6
2.0300163810422255e-6
6.32207561485118e-7
1.076527534003959e-7
7.9060176432733e-6
7.452777785622258e-6
5.94718374608982e-6
3.933241792846704e-6
2.0053415279918337e-6
7.227999902002025e-7
1.535485240672161e-7
3.855226687425909e-6
3.5463523932392517e-6
2.7576800413829235e-6
1.6670444818778903e-6
7.313011553532314e-7
1.911992805427328e-7
1.500669823598091e-6
1.3977781078790456e-6
1.0212553483801148e-6
5.633276010212266e-7
1.882827166900371e-7
4.487143518725276e-7
3.9335541849763114e-7
2.805049429909048e-7
1.206313434030736e-7
8.076914079709516e-8
8.075943964017666e-8
4.5513194672139207e-8
1.0727226513280446e-8
7.0798660111319955e-9
1.7611236257676086e-11
