1.0
0.9911161421403014
0.9660021851995335
0.9265546338937521
0.8749391740043931
0.8135062819984782
0.7447007179661029
0.6709787126219353
0.5947237079744997
0.5181733501270672
0.4433534674030996
0.37202729529193806
0.3056582743908777
0.24538490043211178
0.19201013621885768
0.14599581763541294
0.1074718726736498
0.07625353975282843
0.05187363484145946
0.03362487081719327
0.020618298610810028
0.01185599491058713
0.006328424530815486
0.00310002340626326
0.0013777375822446839
0.0005523181552620031
0.000206635667729077
8.439576460534766e-5
4.703318424089637e-5
3.2800690419610695e-5
2.229225220634327e-5
1.3331208034886025e-5
6.923795501033757e-6
2.908270824516684e-6
9.394765994465995e-7
1.788909447712962e-7
2.4656760520716545e-8
2.9218109494300365e-11
0.9911161421403014
0.9825032805054481
0.9577460221213157
0.9187296002942108
0.8676081040408468
0.8067172318420421
0.7384894976281033
0.6653663074243482
0.5897193634037338
0.5137739815332142
0.43954623401710213
0.3687902752450491
0.30296087933587384
0.24318915587312911
0.1902691978730424
0.14465734277227385
0.10647832864587431
0.0755466590028346
0.051395745687552875
0.03332206211041617
0.020442146457745593
0.011764325174538941
0.006287072716941547
0.0030857713195210907
0.0013753412944316943
0.0005539161511536481
0.00020810187112090342
8.500529538416491e-5
4.6489678941216055e-5
3.190703266623166e-5
2.1174879095909106e-5
1.2550151078357973e-5
6.338720436657097e-6
2.671162657418318e-6
8.174821259223245e-7
1.721693816493994e-7
1.6328892313758344e-8
0.9660021851995335
0.9577460221213157
0.9340206726272882
0.896245781479972
0.8465402415685057
0.7872047385730115
0.7206324260876171
0.6492282392299135
0.5753260986573334
0.5011184610770026
0.42859064459975943
0.35947021337931967
0.2951877260951016
0.2368508119618885
0.18523316798112993
0.14077285091861455
0.10358402897990031
0.07347648710476351
0.04998706206740045
0.032421545956018996
0.019910579791313308
0.01148058207540897
0.006154385014943071
0.003034443384384911
0.0013616020045646732
0.0005528942045826559
0.00020882372073906304
8.359752125982292e-5
4.3326963530933085e-5
2.7894498075249712e-5
1.767206026552989e-5
9.90672025028476e-6
4.810747487550499e-6
1.8877912157125181e-6
5.549348736945285e-7
9.270170255871281e-8
0.9265546338937521
0.9187296002942108
0.896245781479972
0.8604501684977793
0.8129982120834274
0.7561335610143697
0.6921933126122833
0.6235218835500298
0.5523970819718287
0.4809559347256655
0.4111348385658429
0.3446164985427908
0.2827912306362588
0.2267308048557185
0.1771768074877364
0.13454261666990527
0.09892497306647252
0.0701277152407477
0.0476921453426124
0.03093809713815778
0.019018287927878255
0.010990142331290715
0.005913721556849257
0.0029322382114661144
0.001325479362238604
0.0005424976232765794
0.00020458295562848065
7.884825917363823e-5
3.7039169478162e-5
2.1579094515159694e-5
1.239604294591339e-5
6.39475389936448e-6
2.7848465393555255e-6
9.711532987084189e-7
2.2305366145151083e-7
0.8749391740043931
0.8676081040408468
0.8465402415685057
0.8129982120834274
0.7685341830138
0.7149438046154083
0.6544883391229084
0.5894385107802195
0.521994961497818
0.4542233623360208
0.38799139196223276
0.3249203997611803
0.2663456477075493
0.21329127176350673
0.16645956354107824
0.12623284791162356
0.09268804522392206
0.06562109544435822
0.044579131635757954
0.028900291202801222
0.017768273084944632
0.01028126574722834
0.005547933239102832
0.0027633749092447865
0.0012561777842325925
0.0005160267821898019
0.00019286281251790511
7.031536024332137e-5
2.9073298667709702e-5
1.4492228375409198e-5
7.205438167692405e-6
3.149238277871855e-6
1.1415725654431906e-6
2.970566393104787e-7
0.8135062819984782
0.8067172318420421
0.7872047385730115
0.7561335610143697
0.7149438046154083
0.6653040846591285
0.6090533234754758
0.5483709610866652
0.4853695955979327
0.42202505129360596
0.3601218819274844
0.3012038298969782
0.24653867024401682
0.19709355167747455
0.15352498206621892
0.11618137878060318
0.08511790838730372
0.06012317028316906
0.04075130354342941
0.026364307626660307
0.016183761474070548
0.009356649545884648
0.00504962696965993
0.002517931869575961
0.0011462609429549952
0.00046991641530926996
0.00017250021685808755
5.88833544877216e-5
2.080027368506425e-5
8.460013347683248e-6
3.2977820912168463e-6
1.0836227090173394e-6
2.786405083607355e-7
0.7447007179661029
0.7384894976281033
0.7206324260876171
0.6921933126122833
0.6544883391229084
0.6090533234754758
0.5575826995442814
0.5018653105229438
0.44391019450217606
0.3855936280036126
0.3286019747072124
0.274390297885275
0.22414819918950057
0.17877854739624294
0.1388877198173142
0.1047881819932132
0.07651415959631976
0.05384734646321254
0.03635306503237221
0.023420938132643038
0.014316041003468838
0.008241823896702702
0.004428920149049327
0.0021986770516470447
0.0009955280325030856
0.00040421891357089523
0.00014448093755057624
4.566081532936558e-5
1.3518555640665318e-5
4.1459872188709385e-6
1.1083856417728131e-6
2.1458430107465615e-7
0.6709787126219353
0.6653663074243482
0.6492282392299135
0.6235218835500298
0.5894385107802195
0.5483709610866652
0.5018653105229438
0.45155358707093796
0.3990891575165995
0.3462363993930074
0.29457630844799676
0.24546554682668612
0.20000873009321077
0.159039237193915
0.12311052193864708
0.09249934556265872
0.06721902064395906
0.04704864994799483
0.031566724922456484
0.020195037722372362
0.012246976471562558
0.006987483326211452
0.003716348286619824
0.001822655097247367
0.0008130277069316932
0.00032313522189463006
0.00011113557836985369
3.2151067655944884e-5
7.662051212334058e-6
1.609159877403567e-6
2.1316729949103992e-7
0.5947237079744997
0.5897193634037338
0.5753260986573334
0.5523970819718287
0.521994961497818
0.4853695955979327
0.44391019450217606
0.3990891575165995
0.3523962997071284
0.30527951003410214
0.2592070688723998
0.21543318393741426
0.17497330268809247
0.13858813399837985
0.10677832287987911
0.07978403726580018
0.05760178725272005
0.04000910497994626
0.026602641653181103
0.016838635144016664
0.010083296738648538
0.005666609638093683
0.002959086249733081
0.0014191030601432121
0.0006152228220463738
0.00023508989147364071
7.600957226511752e-5
1.9524274264645606e-5
3.5510078602722395e-6
3.474348433513323e-7
0.5181733501270672
0.5137739815332142
0.5011184610770026
0.4809559347256655
0.4542233623360208
0.42202505129360596
0.3855936280036126
0.3462363993930074
0.30527951003410214
0.2640095306893997
0.22362294980658484
0.1852693911753639
0.14987342436672388
0.11812426375675811
0.09046759252750593
0.06711126869849805
0.04803485882686769
0.03301986845565056
0.02168196844954643
0.013517166042045389
0.007945412171418283
0.004363813771587292
0.002213973841131301
0.0010234562192851264
0.0004227668227150802
0.00015094288059626463
4.366281423299382e-5
9.228247684577293e-6
9.747543531481449e-7
0.4433534674030996
0.43954623401710213
0.42859064459975943
0.4111348385658429
0.38799139196223276
0.3601218819274844
0.3286019747072124
0.29457630844799676
0.2592070688723998
0.22362294980658484
0.1888714869430181
0.15587921538329377
0.1254825369027508
0.09829707208866982
0.07471870942229192
0.05492057494629772
0.0388717741448276
0.026357340932196327
0.01701867733268134
0.010390898821141787
0.005951288353711852
0.003162122623489645
0.0015367779095896374
0.0006706767197409729
0.0002560205363521375
8.102475895282774e-5
1.9126708296520383e-5
2.406315173312981e-6
0.37202729529193806
0.3687902752450491
0.35947021337931967
0.3446164985427908
0.3249203997611803
0.3012038298969782
0.274390297885275
0.24546554682668612
0.21543318393741426
0.1852693911753639
0.15587921538329377
0.12806173298400286
0.10247875701938121
0.07967856011932462
0.0600032274598026
0.04359857228919976
0.03041989725685241
0.020264233060669243
0.012796880225837885
0.00759811235009689
0.0041991701470857805
0.002129888401798223
0.000971566359135052
0.0003881211114209801
0.00012955582695104654
3.3059664204574204e-5
4.670168167041657e-6
0.3056582743908777
0.30296087933587384
0.2951877260951016
0.2827912306362588
0.2663456477075493
0.24653867024401682
0.22414819918950057
0.20000873009321077
0.17497330268809247
0.14987342436672388
0.1254825369027508
0.10247875701938121
0.08142240554567248
0.06273211921126012
0.0467041137472999
0.03345081345762095
0.022923412086788796
0.014926106589728998
0.00915697797378582
0.005237167195436904
0.002757276915480644
0.0013092692169449156
0.0005443755415094489
0.00018840347044285914
4.9864431312415825e-5
7.51620629357175e-6
0.24538490043211178
0.24318915587312911
0.2368508119618885
0.2267308048557185
0.21329127176350673
0.19709355167747455
0.17877854739624294
0.159039237193915
0.13858813399837985
0.11812426375675811
0.09829707208866982
0.07967856011932462
0.06273211921126012
0.047801328268007724
0.03509163231878344
0.024692131051965382
0.016541854690020178
0.01046289979123616
0.006179136553339231
0.003361549701275798
0.0016537240307960112
0.0007147228665741588
0.0002569434474928202
7.008834999281908e-5
1.075668971305648e-5
0.19201013621885768
0.1902691978730424
0.18523316798112993
0.1771768074877364
0.16645956354107824
0.15352498206621892
0.1388877198173142
0.12311052193864708
0.10677832287987911
0.09046759252750593
0.07471870942229192
0.0600032274598026
0.0467041137472999
0.03509163231878344
0.02532241233788149
0.017429199284506536
0.011350182854666163
0.006915160561836992
0.0038851887883016123
0.001972243163220952
0.0008814429668717471
0.0003291255329079427
9.337634145640582e-5
1.4825983343590355e-5
0.14599581763541294
0.14465734277227385
0.14077285091861455
0.13454261666990527
0.12623284791162356
0.11618137878060318
0.1047881819932132
0.09249934556265872
0.07978403726580018
0.06711126869849805
0.05492057494629772
0.04359857228919976
0.03345081345762095
0.024692131051965382
0.017429199284506536
0.011671462162060752
0.007330399775741538
0.0042558022628787755
0.0022341833337101947
0.001029657747428678
0.0003966017493604779
0.00011675450595843421
1.9424183308778312e-5
0.1074718726736498
0.10647832864587431
0.10358402897990031
0.09892497306647252
0.09268804522392206
0.08511790838730372
0.07651415959631976
0.06721902064395906
0.05760178725272005
0.04803485882686769
0.0388717741448276
0.03041989725685241
0.022923412086788796
0.016541854690020178
0.011350182854666163
0.007330399775741538
0.004394371385668067
0.0023907341781793105
0.0011437049897507058
0.0004546756779437594
0.0001377463614691002
2.3747512853229436e-5
0.07625353975282843
0.0755466590028346
0.07347648710476351
0.0701277152407477
0.06562109544435822
0.06012317028316906
0.05384734646321254
0.04704864994799483
0.04000910497994626
0.03301986845565056
0.026357340932196327
0.020264233060669243
0.014926106589728998
0.01046289979123616
0.006915160561836992
0.0042558022628787755
0.0023907341781793105
0.0011897313595373427
0.0004946035125676353
0.00015551264603076413
2.757671393535673e-5
0.05187363484145946
0.051395745687552875
0.04998706206740045
0.0476921453426124
0.044579131635757954
0.04075130354342941
0.03635306503237221
0.031566724922456484
0.026602641653181103
0.02168196844954643
0.01701867733268134
0.012796880225837885
0.00915697797378582
0.006179136553339231
0.0038851887883016123
0.0022341833337101947
0.0011437049897507058
0.0004946035125676353
0.00016446546116486178
3.082349674159791e-5
0.03362487081719327
0.03332206211041617
0.032421545956018996
0.03093809713815778
0.028900291202801222
0.026364307626660307
0.023420938132643038
0.020195037722372362
0.016838635144016664
0.013517166042045389
0.010390898821141787
0.00759811235009689
0.005237167195436904
0.003361549701275798
0.001972243163220952
0.001029657747428678
0.0004546756779437594
0.00015551264603076413
3.082349674159791e-5
0.020618298610810028
0.020442146457745593
0.019910579791313308
0.019018287927878255
0.017768273084944632
0.016183761474070548
0.014316041003468838
0.012246976471562558
0.010083296738648538
0.007945412171418283
0.005951288353711852
0.0041991701470857805
0.002757276915480644
0.0016537240307960112
0.0008814429668717471
0.0003966017493604779
0.0001377463614691002
2.757671393535673e-5
0.01185599491058713
0.011764325174538941
0.01148058207540897
0.010990142331290715
0.01028126574722834
0.009356649545884648
0.008241823896702702
0.006987483326211452
0.005666609638093683
0.004363813771587292
0.003162122623489645
0.002129888401798223
0.0013092692169449156
0.0007147228665741588
0.0003291255329079427
0.00011675450595843421
2.3747512853229436e-5
0.006328424530815486
0.006287072716941547
0.006154385014943071
0.005913721556849257
0.005547933239102832
0.00504962696965993
0.004428920149049327
0.003716348286619824
0.002959086249733081
0.002213973841131301
0.0015367779095896374
0.000971566359135052
0.0005443755415094489
0.0002569434474928202
9.337634145640582e-5
1.9424183308778312e-5
0.00310002340626326
0.0030857713195210907
0.003034443384384911
0.0029322382114661144
0.0027633749092447865
0.002517931869575961
0.0021986770516470447
0.001822655097247367
0.0014191030601432121
0.0010234562192851264
0.0006706767197409729
0.0003881211114209801
0.00018840347044285914
7.008834999281908e-5
1.4825983343590355e-5
0.0013777375822446839
0.0013753412944316943
0.0013616020045646732
0.001325479362238604
0.0012561777842325925
0.0011462609429549952
0.0009955280325030856
0.0008130277069316932
0.0006152228220463738
0.0004227668227150802
0.0002560205363521375
0.00012955582695104654
4.9864431312415825e-5
1.075668971305648e-5
0.0005523181552620031
0.0005539161511536481
0.0005528942045826559
0.0005424976232765794
0.0005160267821898019
0.00046991641530926996
0.00040421891357089523
0.00032313522189463006
0.00023508989147364071
0.00015094288059626463
8.102475895282774e-5
3.3059664204574204e-5
7.51620629357175e-6
0.000206635667729077
0.00020810187112090342
0.00020882372073906304
0.00020458295562848065
0.00019286281251790511
0.00017250021685808755
0.00014448093755057624
0.00011113557836985369
7.600957226511752e-5
4.366281423299382e-5
1.9126708296520383e-5
4.670168167041657e-6
8.439576460534766e-5
8.500529538416491e-5
8.359752125982292e-5
7.884825917363823e-5
7.031536024332137e-5
5.88833544877216e-5
4.566081532936558e-5
3.2151067655944884e-5
1.9524274264645606e-5
9.228247684577293e-6
2.406315173312981e-6
4.703318424089637e-5
4.6489678941216055e-5
4.3326963530933085e-5
3.7039169478162e-5
2.9073298667709702e-5
2.080027368506425e-5
1.3518555640665318e-5
7.662051212334058e-6
3.5510078602722395e-6
9.747543531481449e-7
3.2800690419610695e-5
3.190703266623166e-5
2.7894498075249712e-5
2.1579094515159694e-5
1.4492228375409198e-5
8.460013347683248e-6
4.1459872188709385e-6
1.609159877403567e-6
3.474348433513323e-7
2.229225220634327e-5
2.1174879095909106e-5
1.767206026552989e-5
1.239604294591339e-5
7.205438167692405e-6
3.2977820912168463e-6
1.1083856417728131e-6
2.1316729949103992e-7
1.3331208034886025e-5
1.2550151078357973e-5
9.90672025028476e-6
6.39475389936448e-6
3.149238277871855e-6
1.0836227090173394e-6
2.1458430107465615e-7
6.923795501033757e-6
6.338720436657097e-6
4.810747487550499e-6
2.7848465393555255e-6
1.1415725654431906e-6
2.786405083607355e-7
2.908270824516684e-6
2.671162657418318e-6
1.8877912157125181e-6
9.711532987084189e-7
2.970566393104787e-7
9.394765994465995e-7
8.174821259223245e-7
5.549348736945285e-7
2.2305366145151083e-7
1.788909447712962e-7
1.721693816493994e-7
9.270170255871281e-8
2.4656760520716545e-8
1.6328892313758344e-8
2.9218109494300365e-11
