1.0
0.9861353940110377
0.9476328566502372
0.88840833637166
0.8129278244682746
0.7259480745031307
0.6322470723000726
0.5363837893764482
0.4424756003042446
0.3540304344576442
0.2738254226067213
0.20383678775047978
0.14521537058583994
0.09829282491869683
0.06263899750020784
0.037156887996613985
0.020230926891852186
0.009933095501028588
0.004303434311820168
0.001604342601533306
0.0005054073602673181
0.00014503676144387358
5.6884217446813356e-5
3.555981771858094e-5
2.2151961792521567e-5
1.1064869028267519e-5
4.330980063565655e-6
1.0713699894790267e-6
1.5525638838711775e-7
4.0823038160688936e-11
0.9861353940110377
0.9728235764043367
0.9350752012053157
0.8767709554372469
0.8023393914888719
0.7164923957661139
0.6239705316155654
0.5292920873395635
0.436543908200205
0.3492045994509715
0.2700256727920269
0.20095988367635237
0.14313502876146467
0.09687067343263045
0.06173180035632467
0.0366282583261066
0.019960125914922584
0.009817245497127843
0.004265325066792658
0.0015987575595058981
0.000507735683791651
0.00014734146034013656
5.6547149867533706e-5
3.4290563218207206e-5
2.0347274935096994e-5
9.982510594516443e-6
3.6590750786495174e-6
9.270604497991785e-7
1.0139777530319806e-7
0.9476328566502372
0.9350752012053157
0.8994756298521337
0.8437803424374836
0.7723099182011461
0.6896683068037222
0.6004798086455768
0.5091590099269894
0.41969450346601517
0.33548296563094876
0.25920150227159616
0.1927361227041301
0.13716058136031886
0.09275789686221951
0.05908409772181337
0.03506582106957762
0.019139455505207167
0.009448884903907634
0.004132888281870562
0.001565435538574795
0.0005045169840167377
0.0001461500174221749
5.221434393901712e-5
2.7972374027653775e-5
1.5131478666418071e-5
6.605209538607215e-6
2.1779148733775734e-6
4.363132419708083e-7
0.88840833637166
0.8767709554372469
0.8437803424374836
0.7921674111762501
0.725324904840326
0.6476866713894377
0.5637110064511528
0.4776421204602519
0.39331690882112963
0.31399276184690794
0.2422282521080885
0.179809207209718
0.1277309483274016
0.08622734345001745
0.05484102778092343
0.03252187247049228
0.01776304290287359
0.00879693347752806
0.0038731812026519836
0.0014815854140524981
0.00048166280940312183
0.00013683574334592957
4.272877620374723e-5
1.8872443507159957e-5
8.353209236965009e-6
2.9823065801140534e-6
7.249725863377805e-7
0.8129278244682746
0.8023393914888719
0.7723099182011461
0.725324904840326
0.6644796935804842
0.5933260385532881
0.5161032503534734
0.4368447387978787
0.35917903688252995
0.28617920305269234
0.22024430350118998
0.163034240680858
0.11545145212978865
0.07767391816299847
0.049230379140708304
0.02910170677021231
0.015858801074202438
0.007848527160301736
0.003460176243120726
0.0013278155180877344
0.0004306355945915307
0.00011734356904243884
3.0926836049671484e-5
1.0152773450539181e-5
3.246300347717018e-6
7.821977985444793e-7
0.7259480745031307
0.7164923957661139
0.6896683068037222
0.6476866713894377
0.5933260385532881
0.5297847578129972
0.46048890634740575
0.38921606983691776
0.31935286673876245
0.2537471235454463
0.1946102419349101
0.14345608505021004
0.1010862933352706
0.06762322581340655
0.042584559257713275
0.024994899110726908
0.013518666978850475
0.006637219215714619
0.0029013574455531562
0.0011019156752709413
0.00035098603462626124
8.990956314779297e-5
1.9142468129207887e-5
4.221097370333455e-6
7.372785976537296e-7
0.6322470723000726
0.6239705316155654
0.6004798086455768
0.5637110064511528
0.5161032503534734
0.46048890634740575
0.3999042917451052
0.3373958467362976
0.2760770986287782
0.2185501889630416
0.16681873646216666
0.12223939693953688
0.08551157714573082
0.056702969923358056
0.03533269672571879
0.020476468762067702
0.010906591297178627
0.0052557584148597075
0.0022443416699380794
0.0008268808085327408
0.00025149663626501326
5.860298348270638e-5
9.580912126845004e-6
9.95273414786173e-7
0.5363837893764482
0.5292920873395635
0.5091590099269894
0.4776421204602519
0.4368447387978787
0.38921606983691776
0.3373958467362976
0.28402967565410264
0.2316024668319863
0.1824583890538652
0.13838545604985972
0.1005825728929116
0.06964381536620864
0.04559470650063882
0.027959283399440083
0.015879314570874783
0.008242500696673413
0.0038407272122337093
0.0015683641606052934
0.0005432506672373607
0.00014990731468729918
2.9210279172238275e-5
2.808464552441515e-6
0.4424756003042446
0.436543908200205
0.41969450346601517
0.39331690882112963
0.35917903688252995
0.31935286673876245
0.2760770986287782
0.2316024668319863
0.18803921242456237
0.147226683994567
0.11074214776383522
0.0796219878025494
0.05436807048263857
0.03496213659415998
0.02095123790552918
0.011545656271079304
0.00575963343621987
0.002541502967955299
0.0009609777456188101
0.00029621811209689313
6.741439017050567e-5
7.895017843216941e-6
0.3540304344576442
0.3492045994509715
0.33548296563094876
0.31399276184690794
0.28617920305269234
0.2537471235454463
0.2185501889630416
0.1824583890538652
0.147226683994567
0.11438172061720053
0.08512527208025332
0.060346794793198384
0.04044739542375326
0.025385201416791424
0.014727708128047317
0.007772325425946072
0.003653162954498494
0.0014811826388486126
0.0004906602819821913
0.00012176482088433746
1.669019930712725e-5
0.2738254226067213
0.2700256727920269
0.25920150227159616
0.2422282521080885
0.22024430350118998
0.1946102419349101
0.16681873646216666
0.13838545604985972
0.11074214776383522
0.08512527208025332
0.06250279947522308
0.04350794380527195
0.028461241402867574
0.01728517006233673
0.009591415300713361
0.004754952747085893
0.002046060525111873
0.0007231646395883538
0.0001905599493664548
2.772647776506088e-5
0.20383678775047978
0.20095988367635237
0.1927361227041301
0.179809207209718
0.163034240680858
0.14345608505021004
0.12223939693953688
0.1005825728929116
0.0796219878025494
0.060346794793198384
0.04350794380527195
0.029584139066053606
0.018743146132348374
0.01089583250567871
0.005679795838093654
0.002572210120541419
0.0009618579080747387
0.0002702320113146024
4.179920723961009e-5
0.14521537058583994
0.14313502876146467
0.13716058136031886
0.1277309483274016
0.11545145212978865
0.1010862933352706
0.08551157714573082
0.06964381536620864
0.05436807048263857
0.04044739542375326
0.028461241402867574
0.018743146132348374
0.011384264940974385
0.006231702563157701
0.002975450399483432
0.0011699728313584725
0.0003465965236301671
5.752526018426742e-5
0.09829282491869683
0.09687067343263045
0.09275789686221951
0.08622734345001745
0.07767391816299847
0.06762322581340655
0.056702969923358056
0.04559470650063882
0.03496213659415998
0.025385201416791424
0.01728517006233673
0.01089583250567871
0.006231702563157701
0.0031361432990291566
0.0013091376813973636
0.0004093454603803622
7.147107637692947e-5
0.06263899750020784
0.06173180035632467
0.05908409772181337
0.05484102778092343
0.049230379140708304
0.042584559257713275
0.03533269672571879
0.027959283399440083
0.02095123790552918
0.014727708128047317
0.009591415300713361
0.005679795838093654
0.002975450399483432
0.0013091376813973636
0.00043968903921152525
8.251775764632146e-5
0.037156887996613985
0.0366282583261066
0.03506582106957762
0.03252187247049228
0.02910170677021231
0.024994899110726908
0.020476468762067702
0.015879314570874783
0.011545656271079304
0.007772325425946072
0.004754952747085893
0.002572210120541419
0.0011699728313584725
0.0004093454603803622
8.251775764632146e-5
0.020230926891852186
0.019960125914922584
0.019139455505207167
0.01776304290287359
0.015858801074202438
0.013518666978850475
0.010906591297178627
0.008242500696673413
0.00575963343621987
0.003653162954498494
0.002046060525111873
0.0009618579080747387
0.0003465965236301671
7.147107637692947e-5
0.009933095501028588
0.009817245497127843
0.009448884903907634
0.00879693347752806
0.007848527160301736
0.006637219215714619
0.0052557584148597075
0.0038407272122337093
0.002541502967955299
0.0014811826388486126
0.0007231646395883538
0.0002702320113146024
5.752526018426742e-5
0.004303434311820168
0.004265325066792658
0.004132888281870562
0.0038731812026519836
0.003460176243120726
0.0029013574455531562
0.0022443416699380794
0.0015683641606052934
0.0009609777456188101
0.0004906602819821913
0.0001905599493664548
4.179920723961009e-5
0.001604342601533306
0.0015987575595058981
0.001565435538574795
0.0014815854140524981
0.0013278155180877344
0.0011019156752709413
0.0008268808085327408
0.0005432506672373607
0.00029621811209689313
0.00012176482088433746
2.772647776506088e-5
0.0005054073602673181
0.000507735683791651
0.0005045169840167377
0.00048166280940312183
0.0004306355945915307
0.00035098603462626124
0.00025149663626501326
0.00014990731468729918
6.741439017050567e-5
1.669019930712725e-5
0.00014503676144387358
0.00014734146034013656
0.0001461500174221749
0.00013683574334592957
0.00011734356904243884
8.990956314779297e-5
5.860298348270638e-5
2.9210279172238275e-5
7.895017843216941e-6
5.6884217446813356e-5
5.6547149867533706e-5
5.221434393901712e-5
4.272877620374723e-5
3.0926836049671484e-5
1.9142468129207887e-5
9.580912126845004e-6
2.808464552441515e-6
3.555981771858094e-5
3.4290563218207206e-5
2.7972374027653775e-5
1.8872443507159957e-5
1.0152773450539181e-5
4.221097370333455e-6
9.95273414786173e-7
2.2151961792521567e-5
2.0347274935096994e-5
1.5131478666418071e-5
8.353209236965009e-6
3.246300347717018e-6
7.372785976537296e-7
1.1064869028267519e-5
9.982510594516443e-6
6.605209538607215e-6
2.9823065801140534e-6
7.821977985444793e-7
4.330980063565655e-6
3.6590750786495174e-6
2.1779148733775734e-6
7.249725863377805e-7
1.0713699894790267e-6
9.270604497991785e-7
4.363132419708083e-7
1.5525638838711775e-7
1.0139777530319806e-7
4.0823038160688936e-11
