1.0
0.985232192939992
0.9443453641450329
0.8816799769041762
0.8021845276388564
0.7111016095881411
0.6136646061228713
0.5148100793649968
0.4189416622666793
0.32972983438486164
0.2499978765982606
0.18164029499717085
0.12561626062870257
0.08196733484234965
0.049910831111954976
0.02797181953947648
0.014186478184923341
0.006374619783890899
0.0024755212139153347
0.0008121552908068925
0.00023200176943211407
7.870193485204993e-5
4.540139610269619e-5
3.0188888279670088e-5
1.673316672894641e-5
7.4907534041728035e-6
2.3808111643773434e-6
4.107128129318784e-7
5.832980327416051e-10
0.985232192939992
0.9710759229355534
0.9310285303661804
0.869388932381343
0.7910577426751407
0.7012304601610028
0.6050916640342053
0.5075384611891374
0.4129325827036397
0.32491797563515135
0.24628127553187656
0.17889523233007373
0.1236909073001847
0.0807030291162397
0.04914654321719893
0.02755896728834594
0.013996945512330815
0.006305560284232751
0.0024599294195098375
0.0008136268671137513
0.00023494089142860712
7.932212679369678e-5
4.407923695754964e-5
2.830562074801012e-5
1.5198031932884862e-5
6.613574690169833e-6
2.0137595006213327e-6
3.4574174627754607e-7
0.9443453641450329
0.9310285303661804
0.8933684088655123
0.8346270230615174
0.7595802926048708
0.6732932235183884
0.5808231210826099
0.4869424998822289
0.39590820712978975
0.3112631507289357
0.23571497527505633
0.17105549587774677
0.11816457787606302
0.07704234576252718
0.04690737947139716
0.026326523386681736
0.01340860454627318
0.0060749178315193456
0.0023927220064005102
0.0008024500051592752
0.00023380384339874365
7.498444539849089e-5
3.706094776699988e-5
2.1413371642739142e-5
1.0434185923476668e-5
3.931637740178909e-6
1.0016699179417015e-6
0.8816799769041762
0.869388932381343
0.8346270230615174
0.7804077832164192
0.7104767608576895
0.6297046459943823
0.5429516877973127
0.45480236642097327
0.3693341323506095
0.2899373886437431
0.21918038586684271
0.15875148795184651
0.10944504673074741
0.07122198510413415
0.04330093969075191
0.024294457256111658
0.012395699088271678
0.005644339614486942
0.0022426281078101423
0.000759784682999267
0.0002198404185446416
6.422737899749821e-5
2.5933452002112395e-5
1.2488458538156013e-5
4.8319421202011176e-6
1.345350723169098e-6
0.8021845276388564
0.7910577426751407
0.7595802926048708
0.7104767608576895
0.6471527904038049
0.5734995068025653
0.4941289085242973
0.41337768820430865
0.33509188961457786
0.26244866310590426
0.19784584711281888
0.14283220422956558
0.0981129755005188
0.06359934407339722
0.038516373519942027
0.021535776983476
0.010964197326887661
0.004990631555687791
0.0019860357192098884
0.0006724016742068093
0.00018985735423509144
4.870138080717929e-5
1.495281117467497e-5
5.259771363455547e-6
1.3041418792358414e-6
0.7111016095881411
0.7012304601610028
0.6732932235183884
0.6297046459943823
0.5734995068025653
0.5081673151575528
0.4374175124756496
0.3652983322747092
0.2953761392185679
0.23058268449214347
0.17310716464322803
0.12434914843183997
0.08491322316834178
0.05466893702301946
0.032851720440949174
0.018210882002374303
0.00918464474080038
0.0041376892975000775
0.0016265797800429575
0.0005410875368207355
0.00014569272119921087
3.1782713109628126e-5
6.617312967891747e-6
1.3172295398664033e-6
0.6136646061228713
0.6050916640342053
0.5808231210826099
0.5429516877973127
0.4941289085242973
0.4374175124756496
0.37608647910347487
0.31337583024024684
0.2525509294981968
0.19626839431691462
0.146497961841159
0.10447613374784842
0.07071201369880867
0.045035005837867965
0.026708507800826002
0.014567966069844646
0.007202506678809447
0.0031637671720019843
0.0012038540456439976
0.00038195136990799806
9.438508313152132e-5
1.649981868425741e-5
1.7018593256239976e-6
0.5148100793649968
0.5075384611891374
0.4869424998822289
0.45480236642097327
0.41337768820430865
0.3652983322747092
0.31337583024024684
0.26040535326411407
0.2089653556833389
0.1614375576639062
0.11956219686858072
0.08441708429946211
0.056413790453436634
0.03535757716105482
0.020544734802978082
0.010915074229315088
0.0052133968236965575
0.0021866511428793177
0.0007798324387142794
0.00022449778304455456
4.6428975439500965e-5
5.177297308571644e-6
0.4189416622666793
0.4129325827036397
0.39590820712978975
0.3693341323506095
0.33509188961457786
0.2953761392185679
0.2525509294981968
0.2089653556833389
0.16679286343051972
0.12787519597651936
0.0937377737008163
0.06529615397495776
0.04287935348691599
0.026269049937505607
0.014814162709135952
0.007561156798487293
0.0034202296401989254
0.001326796256001795
0.0004206843887465051
9.944465964626734e-5
1.3142043730551404e-5
0.32972983438486164
0.32491797563515135
0.3112631507289357
0.2899373886437431
0.26244866310590426
0.23058268449214347
0.19626839431691462
0.1614375576639062
0.12787519597651936
0.09709551943555769
0.07023179392717742
0.04806117228485839
0.030823969095364244
0.018299127179927165
0.009887283880077308
0.004757458707476137
0.0019775004438083786
0.0006742960626369811
0.00017165179124362773
2.544769544197871e-5
0.2499978765982606
0.24628127553187656
0.23571497527505633
0.21918038586684271
0.19784584711281888
0.17310716464322803
0.146497961841159
0.11956219686858072
0.0937377737008163
0.07023179392717742
0.04994334586608235
0.033390130341014845
0.020752944705005848
0.011798733829706337
0.006001321723008429
0.0026436231101891047
0.0009619017112064442
0.0002614451491077932
4.093652768680003e-5
0.18164029499717085
0.17889523233007373
0.17105549587774677
0.15875148795184651
0.14283220422956558
0.12434914843183997
0.10447613374784842
0.08441708429946211
0.06529615397495776
0.04806117228485839
0.033390130341014845
0.021658517001008307
0.01290459635087518
0.0069149743367318646
0.0032210329555426116
0.0012385826341511866
0.0003582263723679421
6.017931838290956e-5
0.12561626062870257
0.1236909073001847
0.11816457787606302
0.10944504673074741
0.0981129755005188
0.08491322316834178
0.07071201369880867
0.056413790453436634
0.04287935348691599
0.030823969095364244
0.020752944705005848
0.01290459635087518
0.007264250571427601
0.00357621365575878
0.001460367004983464
0.0004453517317777105
7.968546689551825e-5
0.08196733484234965
0.0807030291162397
0.07704234576252718
0.07122198510413415
0.06359934407339722
0.05466893702301946
0.045035005837867965
0.03535757716105482
0.026269049937505607
0.018299127179927165
0.011798733829706337
0.0069149743367318646
0.00357621365575878
0.0015539845928188268
0.0005087483917714099
9.654391866502732e-5
0.049910831111954976
0.04914654321719893
0.04690737947139716
0.04330093969075191
0.038516373519942027
0.032851720440949174
0.026708507800826002
0.020544734802978082
0.014814162709135952
0.009887283880077308
0.006001321723008429
0.0032210329555426116
0.001460367004983464
0.0005087483917714099
0.0001074688507973403
0.02797181953947648
0.02755896728834594
0.026326523386681736
0.024294457256111658
0.021535776983476
0.018210882002374303
0.014567966069844646
0.010915074229315088
0.007561156798487293
0.004757458707476137
0.0026436231101891047
0.0012385826341511866
0.0004453517317777105
9.654391866502732e-5
0.014186478184923341
0.013996945512330815
0.01340860454627318
0.012395699088271678
0.010964197326887661
0.00918464474080038
0.007202506678809447
0.0052133968236965575
0.0034202296401989254
0.0019775004438083786
0.0009619017112064442
0.0003582263723679421
7.968546689551825e-5
0.006374619783890899
0.006305560284232751
0.0060749178315193456
0.005644339614486942
0.004990631555687791
0.0041376892975000775
0.0031637671720019843
0.0021866511428793177
0.001326796256001795
0.0006742960626369811
0.0002614451491077932
6.017931838290956e-5
0.0024755212139153347
0.0024599294195098375
0.0023927220064005102
0.0022426281078101423
0.0019860357192098884
0.0016265797800429575
0.0012038540456439976
0.0007798324387142794
0.0004206843887465051
0.00017165179124362773
4.093652768680003e-5
0.0008121552908068925
0.0008136268671137513
0.0008024500051592752
0.000759784682999267
0.0006724016742068093
0.0005410875368207355
0.00038195136990799806
0.00022449778304455456
9.944465964626734e-5
2.544769544197871e-5
0.00023200176943211407
0.00023494089142860712
0.00023380384339874365
0.0002198404185446416
0.00018985735423509144
0.00014569272119921087
9.438508313152132e-5
4.6428975439500965e-5
1.3142043730551404e-5
7.870193485204993e-5
7.932212679369678e-5
7.498444539849089e-5
6.422737899749821e-5
4.870138080717929e-5
3.1782713109628126e-5
1.649981868425741e-5
5.177297308571644e-6
4.540139610269619e-5
4.407923695754964e-5
3.706094776699988e-5
2.5933452002112395e-5
1.495281117467497e-5
6.617312967891747e-6
1.7018593256239976e-6
3.0188888279670088e-5
2.830562074801012e-5
2.1413371642739142e-5
1.2488458538156013e-5
5.259771363455547e-6
1.3172295398664033e-6
1.673316672894641e-5
1.5198031932884862e-5
1.0434185923476668e-5
4.8319421202011176e-6
1.3041418792358414e-6
7.4907534041728035e-6
6.613574690169833e-6
3.931637740178909e-6
1.345350723169098e-6
2.3808111643773434e-6
2.0137595006213327e-6
1.0016699179417015e-6
4.107128129318784e-7
3.4574174627754607e-7
5.832980327416051e-10
