1.0
0.9609102607695517
0.8597203106429963
0.7176645696605375
0.5574732157733181
0.39999984764593366
0.2616389302443913
0.15269244146587618
0.07685877231921509
0.03165200854830041
0.009850321908346924
0.002058722697827162
0.00025644379224450185
5.547010791080148e-5
2.8592925496046028e-5
9.033937246499325e-6
1.6657887926384257e-7
0.9609102607695517
0.9248420331617583
0.8280448213143476
0.6912808883969496
0.5367168790207314
0.3847506385771113
0.25135589206525616
0.14651371258384605
0.07368756253729272
0.030371963977157048
0.009521144306906896
0.0020295692562386112
0.0002666517483542817
5.482008497200744e-5
2.537658682132662e-5
6.282288016260141e-6
0.8597203106429963
0.8280448213143476
0.7430537975103149
0.6203875581931145
0.4808915298630367
0.34363522221788445
0.22348246715659525
0.129548332946124
0.06478269145851277
0.02661496321418109
0.00839354943630961
0.0018290269628330642
0.00024208055487368637
3.594696411177771e-5
9.876882295166924e-6
0.7176645696605375
0.6912808883969496
0.6203875581931145
0.5181591850620852
0.40043787092404065
0.2844177792800614
0.1832707684883299
0.10490516472405864
0.05162825785948532
0.02081278694252372
0.006426489343861479
0.0013685134702137805
0.00016587389627476984
1.027707126296784e-5
0.5574732157733181
0.5367168790207314
0.4808915298630367
0.40043787092404065
0.3081241762944307
0.2166973432575372
0.13742510566081656
0.07682908893592316
0.03654968706083832
0.014018250100536901
0.0040068135868904535
0.0007471443756536397
6.222533869326134e-5
0.39999984764593366
0.3847506385771113
0.34363522221788445
0.2844177792800614
0.2166973432575372
0.15020169344717038
0.09285784148395018
0.04988545777095677
0.022296291276911174
0.007720498931226825
0.0018367880216309817
0.00022227544944480174
0.2616389302443913
0.25135589206525616
0.22348246715659525
0.1832707684883299
0.13742510566081656
0.09285784148395018
0.05524573108273719
0.027812282340718683
0.011153639457007205
0.003161939128936994
0.0004721594798394021
0.15269244146587618
0.14651371258384605
0.129548332946124
0.10490516472405864
0.07682908893592316
0.04988545777095677
0.027812282340718683
0.012618132186631326
0.004152726164652311
0.0007426586535032017
0.07685877231921509
0.07368756253729272
0.06478269145851277
0.05162825785948532
0.03654968706083832
0.022296291276911174
0.011153639457007205
0.004152726164652311
0.0008886118834785507
0.03165200854830041
0.030371963977157048
0.02661496321418109
0.02081278694252372
0.014018250100536901
0.007720498931226825
0.003161939128936994
0.0007426586535032017
0.009850321908346924
0.009521144306906896
0.00839354943630961
0.006426489343861479
0.0040068135868904535
0.0018367880216309817
0.0004721594798394021
0.002058722697827162
0.0020295692562386112
0.0018290269628330642
0.0013685134702137805
0.0007471443756536397
0.00022227544944480174
0.00025644379224450185
0.0002666517483542817
0.00024208055487368637
0.00016587389627476984
6.222533869326134e-5
5.547010791080148e-5
5.482008497200744e-5
3.594696411177771e-5
1.027707126296784e-5
2.8592925496046028e-5
2.537658682132662e-5
9.876882295166924e-6
9.033937246499325e-6
6.282288016260141e-6
1.6657887926384257e-7
