1.0
0.993279009851267
0.9741110499783162
0.9437025421154781
0.9034268244592669
0.8547825275721977
0.7993481936181245
0.7387408123178665
0.6745719970669923
0.6084090449887845
0.541736576566662
0.4759244392856125
0.4121999670061224
0.35162691413500924
0.29509071934443853
0.2432879067587265
0.1967224791357295
0.1557030912647867
0.12034792942649264
0.09059179709165616
0.06620110658419695
0.046791728404443685
0.03185470377854822
0.020786789711333423
0.012929025073838231
0.0076155403041516445
0.0042179391474004065
0.0021803476829687736
0.0010452207943290554
0.0004650750161191751
0.00019852433340642391
9.077839419681732e-5
5.177971632314367e-5
3.629279189414204e-5
2.661991271820984e-5
1.804112007509954e-5
1.114324732705048e-5
6.0537362718499435e-6
2.852688363276114e-6
1.0612153583471212e-6
3.0608383390773676e-7
5.457100112846558e-8
6.76211894589936e-9
4.444368053006035e-11
0.993279009851267
0.9867320671175507
0.9677880707552136
0.9376479200783947
0.8976794431517173
0.8493739362673679
0.7943040315972093
0.7340790787251259
0.6703046650240712
0.6045412035618176
0.5382678505138396
0.47284903264283307
0.40950745494136337
0.34930280923787715
0.2931160595375039
0.24164031261733684
0.1953749292346445
0.1546260171686861
0.11950868773215255
0.08995726639196681
0.06573772822021046
0.04646737319814645
0.03163901920426675
0.020652760488015752
0.012852165662334825
0.007575816798397258
0.004200370790118025
0.002174737837076709
0.0010448197999834486
0.00046639353616019925
0.0001996116291162128
9.128657017746116e-5
5.151866865143215e-5
3.5711011317907024e-5
2.5788563902240798e-5
1.7351722304349165e-5
1.0544590575770161e-5
5.716183112745154e-6
2.631869698898186e-6
9.942374379547098e-7
2.685995709635825e-7
5.5686549038807575e-8
4.584327964434302e-9
0.9741110499783162
0.9677880707552136
0.9494967025634335
0.920135317558966
0.8810544070492453
0.8337281642093738
0.7797095079275225
0.7205895009704668
0.6579539088311743
0.5933454315269657
0.5282257065459776
0.46394397299312584
0.4017089962185774
0.34256773454468437
0.28738965460618004
0.23685596134762063
0.1914560249720109
0.15148626923505004
0.11705613495200848
0.08809627535599604
0.06437321633459181
0.045506950236095176
0.030996379764329816
0.020248692903620184
0.012616852496130983
0.007451168859063014
0.004142514237551106
0.002152979869971585
0.001039792001376893
0.00046685890409269026
0.0002004876628122361
9.062123122164827e-5
4.950763652759311e-5
3.2843458931457504e-5
2.2953813221299825e-5
1.489607782230632e-5
8.819732521858722e-6
4.5950522156425256e-6
2.0724191712955277e-6
7.369346850745233e-7
1.9565541241089817e-7
3.2463318836932e-8
0.9437025421154781
0.9376479200783947
0.920135317558966
0.8920265299446362
0.8543707128795566
0.8086135459141531
0.7562800070914193
0.6989302799830288
0.6381211205223021
0.5753652648839763
0.5120973231127377
0.4496407725533095
0.3891814632440758
0.33174544496172315
0.2781825686806616
0.22915650278853456
0.18514005035730477
0.14641689699730262
0.11308640099687087
0.08507479933966669
0.062148310545047526
0.043932115240674856
0.029933244937561013
0.019570966761192535
0.012213962948442519
0.007231507685140321
0.004034917149553416
0.002107346146300321
0.0010239437370699498
0.0004625104682052156
0.0001984328596977334
8.764505307459385e-5
4.507392888055882e-5
2.789153189379556e-5
1.827531884521256e-5
1.1234059859508053e-5
6.24420368920656e-6
3.0858026050456515e-6
1.2812365131538319e-6
4.189068638705443e-7
8.705223416875994e-8
0.9034268244592669
0.8976794431517173
0.8810544070492453
0.8543707128795566
0.8186248249841617
0.7749689063766784
0.724889423051475
0.6699090916621752
0.6115443569682122
0.5512701753558468
0.490483281199286
0.4304727387693308
0.37239209340582924
0.31723818305073986
0.26583453956620573
0.21882101800639023
0.17665049159598398
0.13958980026433293
0.10772695076235986
0.08098157719105598
0.05912044327393802
0.04177433329542378
0.028461727292203125
0.018618668241434603
0.01163504059819574
0.006904862605210105
0.0038662935735581387
0.0020286137934881396
0.0009908401423967606
0.0004491400552701653
0.000191604783825968
8.17014575927762e-5
3.880002103048548e-5
2.1624170247088693e-5
1.2938291983706822e-5
7.2072744853933495e-6
3.6612970463347335e-6
1.609593881274872e-6
5.824526401312594e-7
1.4593966163147474e-7
0.8547825275721977
0.8493739362673679
0.8337281642093738
0.8086135459141531
0.7749689063766784
0.7338804497451605
0.6865545092395855
0.6344666828913154
0.5790879001879513
0.5218452499258213
0.4640906005826217
0.40706895371253216
0.3518935589491676
0.2995242184395769
0.2507516284168067
0.20618751385989365
0.16626090957000084
0.13122033658621937
0.10114033740975364
0.07593429132748991
0.05536873482463625
0.03908184502421165
0.026606743204728587
0.017400212537404283
0.010877842630654107
0.006463475335599455
0.003627133295031071
0.001908956390845623
0.0009351012121501297
0.0004238501184209491
0.0001787370750562834
7.304057386499664e-5
3.145267518063981e-5
1.535752779452231e-5
8.003729700676976e-6
3.860718603653396e-6
1.6571433931135185e-6
6.000961337525869e-7
1.5870452895665397e-7
0.7993481936181245
0.7943040315972093
0.7797095079275225
0.7562800070914193
0.724889423051475
0.6865545092395855
0.6424052097825227
0.5936543625163095
0.5417186309891339
0.48797279319301107
0.43371488187636636
0.3801393639537355
0.3283111360970391
0.279146573834878
0.23339818854769076
0.19164539039227235
0.1542911917408645
0.12156380138793436
0.09352463439826705
0.07007999348541047
0.05099745413243873
0.03592430695633193
0.024410920496181047
0.01593825129321318
0.009951433204397502
0.005908384307341603
0.00331464960981414
0.0017445810622941048
0.0008541346045585649
0.00038541552700957667
0.00015978421666026764
6.215502334792559e-5
2.4034834862371005e-5
9.917872494974608e-6
4.305413088262754e-6
1.6257055756188943e-6
5.231017944353495e-7
1.3273218431120542e-7
0.7387408123178665
0.7340790787251259
0.7205895009704668
0.6989302799830288
0.6699090916621752
0.6344666828913154
0.5936543625163095
0.5486007336444074
0.5004793437231838
0.45060486459632587
0.4002174066915958
0.3504534878745971
0.3023244312003572
0.25669758229284806
0.2142830006401502
0.17562480311776332
0.14109775880331868
0.110909696393385
0.08510817177803526
0.06359382250375589
0.04613629981690654
0.032394050427132476
0.02193678985420011
0.014272449492913597
0.008879376560960892
0.0052523979883206786
0.0029352941665073177
0.0015383221397870064
0.0007489841754231463
0.00033468100662486047
0.00013562458031658096
4.994280913131095e-5
1.713735168101055e-5
5.798868830034439e-6
1.934669646439527e-6
4.884276049759839e-7
9.177369533760455e-8
0.6745719970669923
0.6703046650240712
0.6579539088311743
0.6381211205223021
0.6115443569682122
0.5790879001879513
0.5417186309891339
0.5004793437231838
0.4564536335198539
0.41073391155308886
0.3644960579953867
0.31881546623181906
0.27464487972248874
0.23279903061713578
0.19394243470101866
0.1585814630643319
0.12706210261754047
0.09957089660178324
0.07614283050219801
0.056673550552819786
0.04093699656500595
0.028603924600073043
0.01926573353930107
0.012459766112239848
0.007700041445447589
0.0045207734268204415
0.0025049503013440232
0.0012998019174916258
0.0006250429727100656
0.00027441977399110317
0.00010789440291047154
3.73117303059639e-5
1.1217030268208077e-5
2.9391029757087394e-6
6.809359899711599e-7
8.043418304216488e-8
0.6084090449887845
0.6045412035618176
0.5933454315269657
0.5753652648839763
0.5512701753558468
0.5218452499258213
0.48797279319301107
0.45060486459632587
0.41073391155308886
0.3693590979491645
0.32745662117618557
0.2860367501281799
0.24599163492833032
0.20808094175181602
0.17292139510218374
0.14098113337668436
0.11257613639066444
0.08787277622041398
0.06689371183707984
0.04953189287309716
0.03556614398708537
0.024682106558998353
0.016494082107298202
0.010571054571392999
0.006464476416768248
0.0037489125046402017
0.0020473588645360777
0.0010440425174698443
0.0004912721129176419
0.00020944414845942675
7.873892734676858e-5
2.522362425303378e-5
6.439001778512356e-6
1.1923544134708897e-6
1.3731106646380163e-7
0.541736576566662
0.5382678505138396
0.5282257065459776
0.5120973231127377
0.490483281199286
0.4640906005826217
0.43371488187636636
0.4002174066915958
0.3644960579953867
0.32745662117618557
0.2899826331447277
0.2529095073424838
0.2170672681171907
0.18315929069776482
0.1517547075608196
0.12328191724588711
0.09802825104398293
0.07613948911353784
0.05762836072419605
0.042385261298087236
0.030196787277708134
0.020763878333546853
0.013726364881767398
0.008685370530344518
0.005231002343336052
0.002978426427081315
0.0015907669592796704
0.0007892903980128177
0.00035868989894266416
0.00014580052852000418
5.108166769029935e-5
1.4523423398295666e-5
2.993252130215873e-6
2.754316994221791e-7
0.4759244392856125
0.47284903264283307
0.46394397299312584
0.4496407725533095
0.4304727387693308
0.40706895371253216
0.3801393639537355
0.3504534878745971
0.31881546623181906
0.2860367501281799
0.2529095073424838
0.22018150993345392
0.18853437608604004
0.15861616033375067
0.1309473030056641
0.10591857832586234
0.08378731187713087
0.06468144540497055
0.04860316072156749
0.03544361961405908
0.02499704428018808
0.01698294093482608
0.011066245792776985
0.00688211627043467
0.00405843935479652
0.0022514957925237047
0.0011639771022133477
0.0005541633681342037
0.00023847115194886143
8.98373279518832e-5
2.785886245057695e-5
6.450678005804889e-6
7.932880424325848e-7
0.4121999670061224
0.40950745494136337
0.4017089962185774
0.3891814632440758
0.37239209340582924
0.3518935589491676
0.3283111360970391
0.3023244312003572
0.27464487972248874
0.24599163492833032
0.2170672681171907
0.18853437608604004
0.16099619850591623
0.13497938014615302
0.11095837070295206
0.08928470286967108
0.07018915088987038
0.05377981379040564
0.040052205428096975
0.028897226583531437
0.02012084369999632
0.013460142336794165
0.00860808641969174
0.0052321059561504036
0.0029991563502292052
0.0016049127940960248
0.0007920314893729585
0.00035443405866683494
0.00014015946907300418
4.6415867479782216e-5
1.1628346247836903e-5
1.5922007176306621e-6
0.35162691413500924
0.34930280923787715
0.34256773454468437
0.33174544496172315
0.31723818305073986
0.2995242184395769
0.279146573834878
0.25669758229284806
0.23279903061713578
0.20808094175181602
0.18315929069776482
0.15861616033375067
0.13497938014615302
0.11270917581397435
0.09218439656101271
0.07372117775882371
0.05752084528405597
0.04367624202622354
0.032173464264324804
0.022908128249555695
0.015696073114524416
0.010296222012715186
0.006427277053790628
0.003791542833296048
0.002092331510035137
0.0010657802048716033
0.0004919372173992363
0.000200707331382761
6.903529900035488e-5
1.8301365267604635e-5
2.72738745746659e-6
0.29509071934443853
0.2931160595375039
0.28738965460618004
0.2781825686806616
0.26583453956620573
0.2507516284168067
0.23339818854769076
0.2142830006401502
0.19394243470101866
0.17292139510218374
0.1517547075608196
0.1309473030056641
0.11095837070295206
0.09218439656101271
0.07495103720288088
0.05950184211795049
0.04601348155081874
0.034559428607795886
0.025122173536658517
0.01759833057216093
0.011819142124266687
0.007562258043364528
0.004576389396584495
0.00259546410351422
0.0013614718935682185
0.0006473073203085136
0.0002713711363542204
9.552714034714854e-5
2.594922928471644e-5
4.045222499517669e-6
0.2432879067587265
0.24164031261733684
0.23685596134762063
0.22915650278853456
0.21882101800639023
0.20618751385989365
0.19164539039227235
0.17562480311776332
0.1585814630643319
0.14098113337668436
0.12328191724588711
0.10591857832586234
0.08928470286967108
0.07372117775882371
0.05950184211795049
0.04683022885106097
0.035830413943853875
0.02656253149884603
0.0190001504764337
0.013047453179422429
0.008546174568385528
0.00529857139189329
0.003079297365623981
0.0016579885938163854
0.0008109765646151032
0.0003499315198303973
0.00012632657736854575
3.491056709416895e-5
5.485386415794228e-6
0.1967224791357295
0.1953749292346445
0.1914560249720109
0.18514005035730477
0.17665049159598398
0.16626090957000084
0.1542911917408645
0.14109775880331868
0.12706210261754047
0.11257613639066444
0.09802825104398293
0.08378731187713087
0.07018915088987038
0.05752084528405597
0.04601348155081874
0.035830413943853875
0.02706887943751972
0.01975420521671037
0.013857936782830985
0.009285267469502277
0.005895518690393827
0.0035098074634627315
0.0019345642688605173
0.0009698899916897457
0.0004302290132966111
0.00015992160541110419
4.5375044645254695e-5
7.253809821946343e-6
0.1557030912647867
0.1546260171686861
0.15148626923505004
0.14641689699730262
0.13958980026433293
0.13122033658621937
0.12156380138793436
0.110909696393385
0.09957089660178324
0.08787277622041398
0.07613948911353784
0.06468144540497055
0.05377981379040564
0.04367624202622354
0.034559428607795886
0.02656253149884603
0.01975420521671037
0.014145818823079652
0.0096895626898415
0.0062991910990616235
0.0038443127961730293
0.0021720604747951194
0.0011138139477828235
0.0005055720092159581
0.00019298085646240185
5.644548014570885e-5
9.332275912317919e-6
0.12034792942649264
0.11950868773215255
0.11705613495200848
0.11308640099687087
0.10772695076235986
0.10114033740975364
0.09352463439826705
0.08510817177803526
0.07614283050219801
0.06689371183707984
0.05762836072419605
0.04860316072156749
0.040052205428096975
0.032173464264324804
0.025122173536658517
0.0190001504764337
0.013857936782830985
0.0096895626898415
0.006445260079932715
0.004033032937428999
0.0023404830679018304
0.0012325398847434154
0.0005722270824029702
0.00022301774532065483
6.686645092783635e-5
1.1427225035552092e-5
0.09059179709165616
0.08995726639196681
0.08809627535599604
0.08507479933966669
0.08098157719105598
0.07593429132748991
0.07007999348541047
0.06359382250375589
0.056673550552819786
0.04953189287309716
0.042385261298087236
0.03544361961405908
0.028897226583531437
0.022908128249555695
0.01759833057216093
0.013047453179422429
0.009285267469502277
0.0062991910990616235
0.004033032937428999
0.0024036505802786153
0.0013040896231666778
0.0006243092947124915
0.00024928063038485017
7.617567788882658e-5
1.331194218349693e-5
0.06620110658419695
0.06573772822021046
0.06437321633459181
0.062148310545047526
0.05912044327393802
0.05536873482463625
0.05099745413243873
0.04613629981690654
0.04093699656500595
0.03556614398708537
0.030196787277708134
0.02499704428018808
0.02012084369999632
0.015696073114524416
0.011819142124266687
0.008546174568385528
0.005895518690393827
0.0038443127961730293
0.0023404830679018304
0.0013040896231666778
0.0006456001924106554
0.0002678323768261198
8.438358828767371e-5
1.5037632821587565e-5
0.046791728404443685
0.04646737319814645
0.045506950236095176
0.043932115240674856
0.04177433329542378
0.03908184502421165
0.03592430695633193
0.032394050427132476
0.028603924600073043
0.024682106558998353
0.020763878333546853
0.01698294093482608
0.013460142336794165
0.010296222012715186
0.007562258043364528
0.00529857139189329
0.0035098074634627315
0.0021720604747951194
0.0012325398847434154
0.0006243092947124915
0.0002678323768261198
8.863579470740402e-5
1.658997288618555e-5
0.03185470377854822
0.03163901920426675
0.030996379764329816
0.029933244937561013
0.028461727292203125
0.026606743204728587
0.024410920496181047
0.02193678985420011
0.01926573353930107
0.016494082107298202
0.013726364881767398
0.011066245792776985
0.00860808641969174
0.006427277053790628
0.004576389396584495
0.003079297365623981
0.0019345642688605173
0.0011138139477828235
0.0005722270824029702
0.00024928063038485017
8.438358828767371e-5
1.658997288618555e-5
0.020786789711333423
0.020652760488015752
0.020248692903620184
0.019570966761192535
0.018618668241434603
0.017400212537404283
0.01593825129321318
0.014272449492913597
0.012459766112239848
0.010571054571392999
0.008685370530344518
0.00688211627043467
0.0052321059561504036
0.003791542833296048
0.00259546410351422
0.0016579885938163854
0.0009698899916897457
0.0005055720092159581
0.00022301774532065483
7.617567788882658e-5
1.5037632821587565e-5
0.012929025073838231
0.012852165662334825
0.012616852496130983
0.012213962948442519
0.01163504059819574
0.010877842630654107
0.009951433204397502
0.008879376560960892
0.007700041445447589
0.006464476416768248
0.005231002343336052
0.00405843935479652
0.0029991563502292052
0.002092331510035137
0.0013614718935682185
0.0008109765646151032
0.0004302290132966111
0.00019298085646240185
6.686645092783635e-5
1.331194218349693e-5
0.0076155403041516445
0.007575816798397258
0.007451168859063014
0.007231507685140321
0.006904862605210105
0.006463475335599455
0.005908384307341603
0.0052523979883206786
0.0045207734268204415
0.0037489125046402017
0.002978426427081315
0.0022514957925237047
0.0016049127940960248
0.0010657802048716033
0.0006473073203085136
0.0003499315198303973
0.00015992160541110419
5.644548014570885e-5
1.1427225035552092e-5
0.0042179391474004065
0.004200370790118025
0.004142514237551106
0.004034917149553416
0.0038662935735581387
0.003627133295031071
0.00331464960981414
0.0029352941665073177
0.0025049503013440232
0.0020473588645360777
0.0015907669592796704
0.0011639771022133477
0.0007920314893729585
0.0004919372173992363
0.0002713711363542204
0.00012632657736854575
4.5375044645254695e-5
9.332275912317919e-6
0.0021803476829687736
0.002174737837076709
0.002152979869971585
0.002107346146300321
0.0020286137934881396
0.001908956390845623
0.0017445810622941048
0.0015383221397870064
0.0012998019174916258
0.0010440425174698443
0.0007892903980128177
0.0005541633681342037
0.00035443405866683494
0.000200707331382761
9.552714034714854e-5
3.491056709416895e-5
7.253809821946343e-6
0.0010452207943290554
0.0010448197999834486
0.001039792001376893
0.0010239437370699498
0.0009908401423967606
0.0009351012121501297
0.0008541346045585649
0.0007489841754231463
0.0006250429727100656
0.0004912721129176419
0.00035868989894266416
0.00023847115194886143
0.00014015946907300418
6.903529900035488e-5
2.594922928471644e-5
5.485386415794228e-6
0.0004650750161191751
0.00046639353616019925
0.00046685890409269026
0.0004625104682052156
0.0004491400552701653
0.0004238501184209491
0.00038541552700957667
0.00033468100662486047
0.00027441977399110317
0.00020944414845942675
0.00014580052852000418
8.98373279518832e-5
4.6415867479782216e-5
1.8301365267604635e-5
4.045222499517669e-6
0.00019852433340642391
0.0001996116291162128
0.0002004876628122361
0.0001984328596977334
0.000191604783825968
0.0001787370750562834
0.00015978421666026764
0.00013562458031658096
0.00010789440291047154
7.873892734676858e-5
5.108166769029935e-5
2.785886245057695e-5
1.1628346247836903e-5
2.72738745746659e-6
9.077839419681732e-5
9.128657017746116e-5
9.062123122164827e-5
8.764505307459385e-5
8.17014575927762e-5
7.304057386499664e-5
6.215502334792559e-5
4.994280913131095e-5
3.73117303059639e-5
2.522362425303378e-5
1.4523423398295666e-5
6.450678005804889e-6
1.5922007176306621e-6
5.177971632314367e-5
5.151866865143215e-5
4.950763652759311e-5
4.507392888055882e-5
3.880002103048548e-5
3.145267518063981e-5
2.4034834862371005e-5
1.713735168101055e-5
1.1217030268208077e-5
6.439001778512356e-6
2.993252130215873e-6
7.932880424325848e-7
3.629279189414204e-5
3.5711011317907024e-5
3.2843458931457504e-5
2.789153189379556e-5
2.1624170247088693e-5
1.535752779452231e-5
9.917872494974608e-6
5.798868830034439e-6
2.9391029757087394e-6
1.1923544134708897e-6
2.754316994221791e-7
2.661991271820984e-5
2.5788563902240798e-5
2.2953813221299825e-5
1.827531884521256e-5
1.2938291983706822e-5
8.003729700676976e-6
4.305413088262754e-6
1.934669646439527e-6
6.809359899711599e-7
1.3731106646380163e-7
1.804112007509954e-5
1.7351722304349165e-5
1.489607782230632e-5
1.1234059859508053e-5
7.2072744853933495e-6
3.860718603653396e-6
1.6257055756188943e-6
4.884276049759839e-7
8.043418304216488e-8
1.114324732705048e-5
1.0544590575770161e-5
8.819732521858722e-6
6.24420368920656e-6
3.6612970463347335e-6
1.6571433931135185e-6
5.231017944353495e-7
9.177369533760455e-8
6.0537362718499435e-6
5.716183112745154e-6
4.5950522156425256e-6
3.0858026050456515e-6
1.609593881274872e-6
6.000961337525869e-7
1.3273218431120542e-7
2.852688363276114e-6
2.631869698898186e-6
2.0724191712955277e-6
1.2812365131538319e-6
5.824526401312594e-7
1.5870452895665397e-7
1.0612153583471212e-6
9.942374379547098e-7
7.369346850745233e-7
4.189068638705443e-7
1.4593966163147474e-7
3.0608383390773676e-7
2.685995709635825e-7
1.9565541241089817e-7
8.705223416875994e-8
5.457100112846558e-8
5.5686549038807575e-8
3.2463318836932e-8
6.76211894589936e-9
4.584327964434302e-9
4.444368053006035e-11
