1.0
0.9923109110332607
0.9704711983514397
0.9359807665806142
0.89055101735061
0.836044669779176
0.7744139503189255
0.7076405202365068
0.6376774197772205
0.5663941653193186
0.49552904094960865
0.42664569460578056
0.36110306394484387
0.30002846958265744
0.24430607559737744
0.19456519640674824
0.15118206880148635
0.11428112160348937
0.08375099166842873
0.05926256839444312
0.04029874961192963
0.026191072880121388
0.01616702318390024
0.009407661054501566
0.005117392097618401
0.0025790418346418337
0.0011948926539554687
0.0005090418817999793
0.00020723658021887337
9.251502239520851e-5
5.395143336065055e-5
3.876834612758074e-5
2.819077001800843e-5
1.8673044421476052e-5
1.1138527707827954e-5
5.809775527274843e-6
2.5569016802745706e-6
8.481802794903443e-7
2.0713925761837597e-7
2.650462291062843e-8
4.0369523997420794e-10
0.9923109110332607
0.9848369828244354
0.963277685376501
0.9291247556473438
0.8840812447420084
0.8300002519040214
0.7688247375650191
0.702526819202597
0.6330502800622072
0.5622566669477922
0.4918757215707902
0.42346555504765615
0.358377306489198
0.29773441267987183
0.24241336704788308
0.1930399781240052
0.1499840554400513
0.11336857007238889
0.08307966320527221
0.05878927598738017
0.03998178871239051
0.02599223646823404
0.01605246899192874
0.009348245810034376
0.005091015037576305
0.0025703386505010095
0.0011939622243803021
0.0005105484239311919
0.000208557111589115
9.301739473185e-5
5.35743701486359e-5
3.7958160881125226e-5
2.7193184941752714e-5
1.78431085561957e-5
1.0485483528129412e-5
5.450259254473771e-6
2.342077914269484e-6
7.945305022227912e-7
1.7259623030083768e-7
3.326763340841526e-8
0.9704711983514397
0.963277685376501
0.9425327562603665
0.9093557186036895
0.8654248909553878
0.8125686186254081
0.7527031114021896
0.6877741593908633
0.6196996943678483
0.5503163197363042
0.4813320569291104
0.4142835859532883
0.3505052940133924
0.2911019522039342
0.236935913076981
0.18861622912370177
0.1465022179486577
0.11070700750301124
0.0811142284220789
0.05739601172922471
0.0390423573140132
0.0253971997304894
0.015703856365923346
0.00916317027792628
0.005004860503186758
0.002537610735570913
0.001185776622112149
0.0005105189857260517
0.00020925990662466008
9.189108052396027e-5
5.080397487109245e-5
3.4321258279384166e-5
2.3708235970766284e-5
1.4965078532449627e-5
8.525652025947278e-6
4.220681820872408e-6
1.7663682598624253e-6
5.249651203546795e-7
1.1384631923416723e-7
0.9359807665806142
0.9291247556473438
0.9093557186036895
0.8777416860123815
0.8355900579618945
0.7846890560861315
0.7269151630877533
0.6641725017121252
0.5983382463866396
0.5312100167046976
0.46445862652634284
0.39958820042876214
0.33790154851797466
0.28047727267425115
0.2281507555805702
0.18151055483965645
0.14089625072560327
0.1064097278058465
0.07792777962655219
0.055124828578333646
0.037498759594590696
0.024407009901986305
0.015112215284883039
0.008839498848102083
0.004846300110004465
0.0024702457680734857
0.0011620810814397943
0.000503635768918334
0.00020605361785300353
8.777258620984408e-5
4.5140789239064685e-5
2.8228213703875642e-5
1.81950408539767e-5
1.0790907290544716e-5
5.689712247174047e-6
2.6223171816600282e-6
9.400626425141677e-7
2.3516227824005128e-7
0.89055101735061
0.8840812447420084
0.8654248909553878
0.8355900579618945
0.7958110838286906
0.747515947056659
0.692527693046176
0.6326977270050065
0.5698494056563338
0.5057280181483721
0.4419551322090644
0.37998803087292143
0.3210884043650175
0.2662958209330871
0.21641402315675545
0.17200205784971873
0.1333785783640316
0.10062878657948622
0.07362325938172708
0.05203793906402878
0.03538142643325135
0.023029771769378503
0.014271696033304717
0.00836424707882718
0.004600982253980378
0.0023561963236368505
0.001114433698032989
0.0004846418002145959
0.00019671845428576728
8.016435997219189e-5
3.747769141696461e-5
2.0910694339575173e-5
1.2200487760712455e-5
6.463395273027968e-6
3.037014089774852e-6
1.1535087521341444e-6
3.2348101137798607e-7
0.836044669779176
0.8300002519040214
0.8125686186254081
0.7846890560861315
0.747515947056659
0.7023868020949725
0.6507824593320387
0.5944897538519391
0.5352685648163502
0.47480064845251646
0.41464609345701114
0.3562049787989683
0.30068540691354206
0.24908137675732428
0.20215576361222734
0.16043623468405965
0.12421518258910814
0.09356196044295034
0.06833904886991407
0.04822532870387882
0.032742288256249065
0.021289686421180072
0.013187882769817366
0.007732295812399819
0.004259337051821171
0.002186352755896411
0.001036480455186774
0.00045023850475043426
0.0001800112510715742
6.955963131656981e-5
2.8941588926723248e-5
1.3961763441507058e-5
7.011791815521118e-6
3.146717672104962e-6
1.1603739422266798e-6
3.225156631880483e-7
0.7744139503189255
0.7688247375650191
0.7527031114021896
0.7269151630877533
0.692527693046176
0.6507824593320387
0.6030566719980852
0.5508179513176191
0.49575247387461296
0.439469657933304
0.3834585008813509
0.3290512250152693
0.2773950232360645
0.22942911700321753
0.1858721234801143
0.147214755051208
0.11372363784932564
0.08545054095468382
0.06225145830304469
0.04380884968088368
0.029660602855110234
0.01923335985340716
0.011884343940799154
0.00695270844434707
0.0038227112600169766
0.001958829998438911
0.0009263583839840345
0.00039962895479033443
0.00015630524168409188
5.67607379696998e-5
2.072635211370062e-5
8.280924285885081e-6
3.4003325059152516e-6
1.1333060789056964e-6
2.8586278369283905e-7
0.7076405202365068
0.702526819202597
0.6877741593908633
0.6641725017121252
0.6326977270050065
0.5944897538519391
0.5508179513176191
0.5030366552626029
0.4525384817296263
0.4008519662136725
0.34938740728868617
0.29940240075356944
0.25197538102288863
0.20798668953862154
0.1681049704459928
0.13278343307075519
0.10226097303702411
0.07657339501269823
0.05557063286159746
0.03894197778642291
0.02624329515644178
0.01693197614112891
0.010405727369490778
0.006051990380674557
0.003305994011298333
0.001681618715380167
0.0007878713965264656
0.0003349987225224693
0.00012712238703696443
4.3003255438103396e-5
1.3488890531081796e-5
4.242058578952325e-6
1.2790463821488557e-6
2.601133347511911e-7
0.6376774197772205
0.6330502800622072
0.6196996943678483
0.5983382463866396
0.5698494056563338
0.5352685648163502
0.49575247387461296
0.4525384817296263
0.40689938534394626
0.3600977470382742
0.3134597150378056
0.2681628479639557
0.22521309010473106
0.18542714487203
0.14942260066089566
0.11761296193535985
0.09021046842335466
0.06723488298714181
0.048533358263033954
0.03380312437806453
0.022621522346537297
0.014478733633189134
0.008816663959147906
0.005073338838892423
0.002737038523910306
0.0013716027515832988
0.0006307455066752464
0.000261261664428044
9.498341351933381e-5
2.949484226451798e-5
7.69089699456683e-6
1.7084918717064154e-6
3.046589828528603e-7
0.5663941653193186
0.5622566669477922
0.5503163197363042
0.5312100167046976
0.5057280181483721
0.47480064845251646
0.439469657933304
0.4008519662136725
0.3600977470382742
0.3183481001257873
0.276694184507622
0.23623153266921484
0.19789049939505984
0.16242335796303853
0.1303949455729642
0.10217979862742552
0.07796294745072448
0.057751153664540034
0.041389195360926764
0.02858597914266675
0.018941596555609622
0.011982466213530114
0.007195750289853542
0.004072084981692844
0.0021526886449252745
0.001052181178731004
0.0004686584115204223
0.0001858220404816366
6.313955866138054e-5
1.7419450603514354e-5
3.543008557501159e-6
4.186692606173076e-7
0.49552904094960865
0.4918757215707902
0.4813320569291104
0.46445862652634284
0.4419551322090644
0.41464609345701114
0.3834585008813509
0.34938740728868617
0.3134597150378056
0.276694184507622
0.24006513700353038
0.2044672096286927
0.17075660780935253
0.1396201850655358
0.11157097106688796
0.08694400753351246
0.06589980647800034
0.04843189364269201
0.03438669284685712
0.0234851437927833
0.015354129120708531
0.009556568146397342
0.005626940738984297
0.0031075366078881436
0.0015934025122867424
0.0007489854070559778
0.0003169735022000764
0.00011691232148892041
3.54551510816098e-5
7.977139204627216e-6
1.0327550722152893e-6
0.42664569460578056
0.42346555504765615
0.4142835859532883
0.39958820042876214
0.37998803087292143
0.3562049787989683
0.3290512250152693
0.29940240075356944
0.2681628479639557
0.23623153266921484
0.2044672096286927
0.1736587722069994
0.14449784315530947
0.11760938576583975
0.09345387519988099
0.07232950921199127
0.05437156509574056
0.03956432077329441
0.027755387044919994
0.018682676449817352
0.01199921536806401
0.007307506325365038
0.004187732685709573
0.0022348818235978676
0.001096002356302521
0.0004856754631460079
0.00018940490974628178
6.189326657794994e-5
1.5242025078720798e-5
2.1854039537760094e-6
0.36110306394484387
0.358377306489198
0.3505052940133924
0.33790154851797466
0.3210884043650175
0.30068540691354206
0.2773950232360645
0.25197538102288863
0.22521309010473106
0.19789049939505984
0.17075660780935253
0.14449784315530947
0.11971596379405178
0.0969061665819071
0.07648188260811188
0.058702523225064966
0.04368205690328297
0.031394148702887835
0.02169298020365744
0.01433198024811189
0.008995029608337531
0.00532181369225218
0.002940551797809935
0.001496210744820452
0.0006882954147837525
0.0002787600181484266
9.524552893775477e-5
2.500952102170586e-5
3.920027013044272e-6
0.30002846958265744
0.29773441267987183
0.2911019522039342
0.28047727267425115
0.2662958209330871
0.24908137675732428
0.22942911700321753
0.20798668953862154
0.18542714487203
0.16242335796303853
0.1396201850655358
0.11760938576583975
0.0969061665819071
0.07793427919555719
0.06100899240023457
0.04635787492824669
0.03407020735011121
0.02411455149030038
0.016349155318117578
0.01054881831485778
0.006425124297800977
0.0036593613889686154
0.0019242832189500629
0.0009164001504215378
0.0003837930545991784
0.00013514063175334263
3.6592304614489236e-5
6.042287464299408e-6
0.24430607559737744
0.24241336704788308
0.236935913076981
0.2281507555805702
0.21641402315675545
0.20215576361222734
0.1858721234801143
0.1681049704459928
0.14942260066089566
0.1303949455729642
0.11157097106688796
0.09345387519988099
0.07648188260811188
0.06100899240023457
0.047297615641888065
0.0355046114296886
0.025703379863006654
0.017852515059847883
0.011820695384844985
0.0073999067394811685
0.004335601755700221
0.002346383670268482
0.0011532167442552923
0.000499319709611489
0.0001814981597233505
5.0375337257699074e-5
8.460841881442284e-6
0.19456519640674824
0.1930399781240052
0.18861622912370177
0.18151055483965645
0.17200205784971873
0.16043623468405965
0.147214755051208
0.13278343307075519
0.11761296193535985
0.10217979862742552
0.08694400753351246
0.07232950921199127
0.058702523225064966
0.04635787492824669
0.0355046114296886
0.026265282116685364
0.018667134952793853
0.012668722117744233
0.008142556372423537
0.0049049100748390665
0.0027297849144690936
0.0013787225003171466
0.0006151892714864206
0.00023115766028600736
6.626807169917315e-5
1.1436009404152152e-5
0.15118206880148635
0.1499840554400513
0.1465022179486577
0.14089625072560327
0.1333785783640316
0.12421518258910814
0.11372363784932564
0.10226097303702411
0.09021046842335466
0.07796294745072448
0.06589980647800034
0.05437156509574056
0.04368205690328297
0.03407020735011121
0.025703379863006654
0.018667134952793853
0.012972399807212723
0.008552831467146532
0.005295623757271957
0.003033689584909764
0.0015764927180798643
0.0007216650379859899
0.0002790055366871971
8.264781247446039e-5
1.4821089912296015e-5
0.11428112160348937
0.11336857007238889
0.11070700750301124
0.1064097278058465
0.10062878657948622
0.09356196044295034
0.08545054095468382
0.07657339501269823
0.06723488298714181
0.057751153664540034
0.04843189364269201
0.03956432077329441
0.031394148702887835
0.02411455149030038
0.017852515059847883
0.012668722117744233
0.008552831467146532
0.005438875995873849
0.0032079965217285443
0.0017204493029483064
0.0008120296883483433
0.000321658770050114
9.775906697883894e-5
1.8137414267177026e-5
0.08375099166842873
0.08307966320527221
0.0811142284220789
0.07792777962655219
0.07362325938172708
0.06833904886991407
0.06225145830304469
0.05557063286159746
0.048533358263033954
0.041389195360926764
0.03438669284685712
0.027755387044919994
0.02169298020365744
0.016349155318117578
0.011820695384844985
0.008142556372423537
0.005295623757271957
0.0032079965217285443
0.0017759010499468274
0.0008685606899443004
0.0003568615157069339
0.00011107696453213502
2.1084224320759603e-5
0.05926256839444312
0.05878927598738017
0.05739601172922471
0.055124828578333646
0.05203793906402878
0.04822532870387882
0.04380884968088368
0.03894197778642291
0.03380312437806453
0.02858597914266675
0.0234851437927833
0.018682676449817352
0.01433198024811189
0.01054881831485778
0.0073999067394811685
0.0049049100748390665
0.003033689584909764
0.0017204493029483064
0.0008685606899443004
0.0003723997622659574
0.00012165779105096134
2.3843341267709698e-5
0.04029874961192963
0.03998178871239051
0.0390423573140132
0.037498759594590696
0.03538142643325135
0.032742288256249065
0.029660602855110234
0.02624329515644178
0.022621522346537297
0.018941596555609622
0.015354129120708531
0.01199921536806401
0.008995029608337531
0.006425124297800977
0.004335601755700221
0.0027297849144690936
0.0015764927180798643
0.0008120296883483433
0.0003568615157069339
0.00012165779105096134
2.5944703322751744e-5
0.026191072880121388
0.02599223646823404
0.0253971997304894
0.024407009901986305
0.023029771769378503
0.021289686421180072
0.01923335985340716
0.01693197614112891
0.014478733633189134
0.011982466213530114
0.009556568146397342
0.007307506325365038
0.00532181369225218
0.0036593613889686154
0.002346383670268482
0.0013787225003171466
0.0007216650379859899
0.000321658770050114
0.00011107696453213502
2.3843341267709698e-5
0.01616702318390024
0.01605246899192874
0.015703856365923346
0.015112215284883039
0.014271696033304717
0.013187882769817366
0.011884343940799154
0.010405727369490778
0.008816663959147906
0.007195750289853542
0.005626940738984297
0.004187732685709573
0.002940551797809935
0.0019242832189500629
0.0011532167442552923
0.0006151892714864206
0.0002790055366871971
9.775906697883894e-5
2.1084224320759603e-5
0.009407661054501566
0.009348245810034376
0.00916317027792628
0.008839498848102083
0.00836424707882718
0.007732295812399819
0.00695270844434707
0.006051990380674557
0.005073338838892423
0.004072084981692844
0.0031075366078881436
0.0022348818235978676
0.001496210744820452
0.0009164001504215378
0.000499319709611489
0.00023115766028600736
8.264781247446039e-5
1.8137414267177026e-5
0.005117392097618401
0.005091015037576305
0.005004860503186758
0.004846300110004465
0.004600982253980378
0.004259337051821171
0.0038227112600169766
0.003305994011298333
0.002737038523910306
0.0021526886449252745
0.0015934025122867424
0.001096002356302521
0.0006882954147837525
0.0003837930545991784
0.0001814981597233505
6.626807169917315e-5
1.4821089912296015e-5
0.0025790418346418337
0.0025703386505010095
0.002537610735570913
0.0024702457680734857
0.0023561963236368505
0.002186352755896411
0.001958829998438911
0.001681618715380167
0.0013716027515832988
0.001052181178731004
0.0007489854070559778
0.0004856754631460079
0.0002787600181484266
0.00013514063175334263
5.0375337257699074e-5
1.1436009404152152e-5
0.0011948926539554687
0.0011939622243803021
0.001185776622112149
0.0011620810814397943
0.001114433698032989
0.001036480455186774
0.0009263583839840345
0.0007878713965264656
0.0006307455066752464
0.0004686584115204223
0.0003169735022000764
0.00018940490974628178
9.524552893775477e-5
3.6592304614489236e-5
8.460841881442284e-6
0.0005090418817999793
0.0005105484239311919
0.0005105189857260517
0.000503635768918334
0.0004846418002145959
0.00045023850475043426
0.00039962895479033443
0.0003349987225224693
0.000261261664428044
0.0001858220404816366
0.00011691232148892041
6.189326657794994e-5
2.500952102170586e-5
6.042287464299408e-6
0.00020723658021887337
0.000208557111589115
0.00020925990662466008
0.00020605361785300353
0.00019671845428576728
0.0001800112510715742
0.00015630524168409188
0.00012712238703696443
9.498341351933381e-5
6.313955866138054e-5
3.54551510816098e-5
1.5242025078720798e-5
3.920027013044272e-6
9.251502239520851e-5
9.301739473185e-5
9.189108052396027e-5
8.777258620984408e-5
8.016435997219189e-5
6.955963131656981e-5
5.67607379696998e-5
4.3003255438103396e-5
2.949484226451798e-5
1.7419450603514354e-5
7.977139204627216e-6
2.1854039537760094e-6
5.395143336065055e-5
5.35743701486359e-5
5.080397487109245e-5
4.5140789239064685e-5
3.747769141696461e-5
2.8941588926723248e-5
2.072635211370062e-5
1.3488890531081796e-5
7.69089699456683e-6
3.543008557501159e-6
1.0327550722152893e-6
3.876834612758074e-5
3.7958160881125226e-5
3.4321258279384166e-5
2.8228213703875642e-5
2.0910694339575173e-5
1.3961763441507058e-5
8.280924285885081e-6
4.242058578952325e-6
1.7084918717064154e-6
4.186692606173076e-7
2.819077001800843e-5
2.7193184941752714e-5
2.3708235970766284e-5
1.81950408539767e-5
1.2200487760712455e-5
7.011791815521118e-6
3.4003325059152516e-6
1.2790463821488557e-6
3.046589828528603e-7
1.8673044421476052e-5
1.78431085561957e-5
1.4965078532449627e-5
1.0790907290544716e-5
6.463395273027968e-6
3.146717672104962e-6
1.1333060789056964e-6
2.601133347511911e-7
1.1138527707827954e-5
1.0485483528129412e-5
8.525652025947278e-6
5.689712247174047e-6
3.037014089774852e-6
1.1603739422266798e-6
2.8586278369283905e-7
5.809775527274843e-6
5.450259254473771e-6
4.220681820872408e-6
2.6223171816600282e-6
1.1535087521341444e-6
3.225156631880483e-7
2.5569016802745706e-6
2.342077914269484e-6
1.7663682598624253e-6
9.400626425141677e-7
3.2348101137798607e-7
8.481802794903443e-7
7.945305022227912e-7
5.249651203546795e-7
2.3516227824005128e-7
2.0713925761837597e-7
1.7259623030083768e-7
1.1384631923416723e-7
2.650462291062843e-8
3.326763340841526e-8
4.0369523997420794e-10
