1.0
0.9906567122622135
0.9642913233713556
0.9229619315323841
0.869020780603982
0.805015579112307
0.7335895730241709
0.6573844873210801
0.5789501025800563
0.5006596202747231
0.42464218255511144
0.35272353886309415
0.28639215206351243
0.22676951501365544
0.17460508161140428
0.13027027987487844
0.09377637251525237
0.06479780860187746
0.042715427034160904
0.026670909721978955
0.01564067231678449
0.008527683712937408
0.004273030826983193
0.0019440354134098504
0.0007962111965913466
0.00029824360233812443
0.00011527657983223236
5.8933716191224666e-5
4.042381808887861e-5
2.8638753988038318e-5
1.818237578239569e-5
1.0100238089171872e-5
4.773716262256664e-6
1.7532780928959848e-6
4.52590016480202e-7
6.56627197649387e-8
4.643367275298199e-10
0.9906567122622135
0.9816067674552595
0.9556297608902203
0.9147705511305205
0.8613672274516991
0.7979519558798165
0.7271525924246716
0.651596045894009
0.5738171994049479
0.49617777037298966
0.4207937362091563
0.3494831246673028
0.2837221845852442
0.2246260622537406
0.17293290658421295
0.1290100034245618
0.09286313725174498
0.06416753498039444
0.04230553495803095
0.026424087786026812
0.01550663428944452
0.008463884846545228
0.004248404153358329
0.0019381759223362101
0.0007970793767358628
0.0003002326619027806
0.00011619140323333928
5.8731951427810286e-5
3.942818517630738e-5
2.7486801798487787e-5
1.7134628675162038e-5
9.422558996521793e-6
4.3513495648394825e-6
1.6082003410731324e-6
3.8404915761290945e-7
7.00749881971841e-8
0.9642913233713556
0.9556297608902203
0.9307747848764953
0.8912671271201156
0.8394046881418091
0.7776787075131039
0.7086741056865259
0.6349752795713264
0.559077187862222
0.4833030632523622
0.4097370808134653
0.34016513829128875
0.27603859019975824
0.21844417039785305
0.16809992368538718
0.1253533597790049
0.09020237605871881
0.06231942980761995
0.04109388538850457
0.02568586131375961
0.015096985443646146
0.008262530688366975
0.004164694637678037
0.0019117994267647408
0.0007929153182068364
0.0003008124926205327
0.00011536760735643315
5.5506521363575434e-5
3.5063613869626206e-5
2.3162575846962277e-5
1.3808923570164516e-5
7.16652812763457e-6
3.1670115653645145e-6
1.0352228339304136e-6
2.3126182194781402e-7
0.9229619315323841
0.9147705511305205
0.8912671271201156
0.8539100559614187
0.8044952561708356
0.7454494774984902
0.6792930170530904
0.608544277983669
0.5356338713781938
0.4628256561093645
0.392147378969176
0.3253371046507557
0.2637994057385259
0.2085837761231911
0.16037229557926239
0.11948927916932095
0.08591595909133586
0.05932373072196569
0.039111487773982885
0.02445935115311872
0.014399212002808548
0.007905404741938375
0.004004784738947291
0.001851423988740443
0.0007741993943797705
0.0002947725618341312
0.00011021980411407384
4.8840633775448605e-5
2.7712120826571392e-5
1.676454901767993e-5
9.06920827173218e-6
4.283102520666999e-6
1.595842876340458e-6
4.260640228814466e-7
0.869020780603982
0.8613672274516991
0.8394046881418091
0.8044952561708356
0.7583187150318678
0.7028168615535586
0.6404250587618381
0.5735772666755085
0.504620030907064
0.4357359354777785
0.36887838919070204
0.3057156410871883
0.24759389875240778
0.19550953621762082
0.1501052180510234
0.11167263254907678
0.08017679373531096
0.055285686735163105
0.03641128919136396
0.02276106129857287
0.013407559889809828
0.0073759074982549565
0.003750637534990685
0.0017430499530279157
0.0007323953022397938
0.0002778134124420962
0.00010001505674863205
3.9648162297698776e-5
1.9417427719048412e-5
1.0179360663518848e-5
4.737412342177097e-6
1.7987676011691492e-6
4.991668370433789e-7
0.805015579112307
0.7979519558798165
0.7776787075131039
0.7454494774984902
0.7028168615535586
0.6515806885727192
0.593719535342536
0.5315657985969737
0.4673656329877005
0.4032034580452141
0.3409388572317092
0.2821566888040182
0.22812835590793915
0.17979136184285058
0.1377394480818501
0.10223232950437618
0.07321579421095824
0.05035663155899407
0.03308227632801835
0.020634923126220048
0.01213606270986312
0.006671498687801989
0.0033931266219812107
0.0015782512986315484
0.0006624762521322504
0.00024832572669152513
8.502968480787863e-5
2.9625073586088915e-5
1.1912911407975553e-5
5.1128612627042775e-6
1.7948282009442395e-6
4.743122569871063e-7
0.7335895730241709
0.7271525924246716
0.7086741056865259
0.6792930170530904
0.6404250587618381
0.593719535342536
0.5409943702467596
0.48415996343833595
0.4253476351389648
0.36652916761455195
0.30945758139778495
0.2556196701303995
0.2062044367486234
0.1620802698288727
0.12379115377522626
0.09156184074760544
0.0653215971671777
0.04473693274533773
0.029256156750553125
0.01816026602441455
0.010627573857847397
0.005812259416131267
0.002940153312546215
0.0013590264260604872
0.000565204587356447
0.00020730968807345667
6.679760947376246e-5
2.00075583607477e-5
6.2689972312187355e-6
1.9704768825105574e-6
4.2459607109780617e-7
0.6573844873210801
0.651596045894009
0.6349752795713264
0.608544277983669
0.5735772666755085
0.5315657985969737
0.48415996343833595
0.43309643834060524
0.38012304136455144
0.32708880070750757
0.2756295544411408
0.22712691630307735
0.18267836064715198
0.1430810174371097
0.1088253745102975
0.08010325158730566
0.05682785495028321
0.03867081972102686
0.025103576707791345
0.015451936098531465
0.008955595926382811
0.004843331895711554
0.00241788909189881
0.0010998198940353927
0.00044752917828314135
0.00015839341087893824
4.7266544754891144e-5
1.1800781414749373e-5
2.5882145579589677e-6
4.7344059056022564e-7
0.5789501025800563
0.5738171994049479
0.559077187862222
0.5356338713781938
0.504620030907064
0.4673656329877005
0.4253476351389648
0.38012304136455144
0.3332601172795719
0.28626847114082643
0.2406625995269502
0.19771264669977093
0.15842272229860543
0.12351545136356498
0.09342913183924428
0.06832201780572625
0.04809634284190979
0.0324302705241439
0.020824301684011642
0.012651684013214379
0.00721862124294114
0.0038298623789134946
0.0018673815474349862
0.0008243661211056767
0.00032225187898986507
0.00010724305036994242
2.865280310695575e-5
5.607593441651569e-6
6.407447139975176e-7
0.5006596202747231
0.49617777037298966
0.4833030632523622
0.4628256561093645
0.4357359354777785
0.4032034580452141
0.36652916761455195
0.32708880070750757
0.28626847114082643
0.24540333433111539
0.20571877764195481
0.168375181781841
0.13428134377716486
0.10408682428259161
0.07817683133784427
0.056680723611731675
0.03948983399501831
0.026295202856458387
0.01662786020794112
0.009913884616673588
0.005525901829182735
0.0028467900391952157
0.001336290352988811
0.000561227906020373
0.00020464657165449482
6.110967521551806e-5
1.3400537263076917e-5
1.663802067137421e-6
0.42464218255511144
0.4207937362091563
0.4097370808134653
0.392147378969176
0.36887838919070204
0.3409388572317092
0.30945758139778495
0.2756295544411408
0.2406625995269502
0.20571877764195481
0.1718656256403949
0.14002966110369372
0.11102966976146596
0.08544102940804997
0.0636002056051059
0.045606742436677075
0.03134778391817174
0.02052720855422949
0.012713422014929312
0.007384268175536595
0.003981769031675445
0.0019641982981757006
0.0008700003916023177
0.00033690601762098273
0.00010900592789478881
2.6569662588630575e-5
3.706079216753459e-6
0.35272353886309415
0.3494831246673028
0.34016513829128875
0.3253371046507557
0.3057156410871883
0.2821566888040182
0.2556196701303995
0.22712691630307735
0.19771264669977093
0.168375181781841
0.14002966110369372
0.1134702972894553
0.08933546891962639
0.06813474696093391
0.05015305347116312
0.03546655429216671
0.0239566711812295
0.015348436952901721
0.009245340158027165
0.005182415746666607
0.0026675663670017195
0.0012361199003723242
0.0005009605559864946
0.00016995716799283979
4.417816750251838e-5
6.84677431539533e-6
0.28639215206351243
0.2837221845852442
0.27603859019975824
0.2637994057385259
0.24759389875240778
0.22812835590793915
0.2062044367486234
0.18267836064715198
0.15842272229860543
0.13428134377716486
0.11102966976146596
0.08933546891962639
0.06973472346982171
0.05260487225824544
0.03818979680407471
0.026537720202407983
0.01753293464172988
0.010917870230628096
0.006339265113282193
0.0033848526438385253
0.001632846549194984
0.0006900914830557931
0.00024355118969010423
6.549910555804479e-5
1.0620484359532466e-5
0.22676951501365544
0.2246260622537406
0.21844417039785305
0.2085837761231911
0.19550953621762082
0.17979136184285058
0.1620802698288727
0.1430810174371097
0.12351545136356498
0.10408682428259161
0.08544102940804997
0.06813474696093391
0.05260487225824544
0.03915639294099058
0.02794314044957374
0.01899847178142779
0.012202409579787559
0.007324142332983298
0.004047864296421011
0.002021792527974814
0.0008878486156305008
0.00032639059414199577
9.107674343916641e-5
1.5142972986025696e-5
0.17460508161140428
0.17293290658421295
0.16809992368538718
0.16037229557926239
0.1501052180510234
0.1377394480818501
0.12379115377522626
0.1088253745102975
0.09342913183924428
0.07817683133784427
0.0636002056051059
0.05015305347116312
0.03818979680407471
0.02794314044957374
0.019524406564682583
0.012914123883901856
0.008002293201911844
0.004575763355678225
0.0023659636996663444
0.0010736220716584775
0.0004094819689989605
0.00011900733160838357
2.0649391441264936e-5
0.13027027987487844
0.1290100034245618
0.1253533597790049
0.11948927916932095
0.11167263254907678
0.10223232950437618
0.09156184074760544
0.08010325158730566
0.06832201780572625
0.056680723611731675
0.045606742436677075
0.03546655429216671
0.026537720202407983
0.01899847178142779
0.012914123883901856
0.008250885703520292
0.004878275797912682
0.0026157770914619132
0.0012309419828116645
0.00048431912451304683
0.0001456310605098098
2.6414907571784285e-5
0.09377637251525237
0.09286313725174498
0.09020237605871881
0.08591595909133586
0.08017679373531096
0.07321579421095824
0.0653215971671777
0.05682785495028321
0.04809634284190979
0.03948983399501831
0.03134778391817174
0.0239566711812295
0.01753293464172988
0.012202409579787559
0.008002293201911844
0.004878275797912682
0.0027115354951582704
0.0013284488220579832
0.000545096179599605
0.00016892610817394562
3.16221858312285e-5
0.06479780860187746
0.06416753498039444
0.06231942980761995
0.05932373072196569
0.055285686735163105
0.05035663155899407
0.04473693274533773
0.03867081972102686
0.0324302705241439
0.026295202856458387
0.02052720855422949
0.015348436952901721
0.010917870230628096
0.007324142332983298
0.004575763355678225
0.0026157770914619132
0.0013284488220579832
0.000571513719864932
0.00018688955655344204
3.632542224590215e-5
0.042715427034160904
0.04230553495803095
0.04109388538850457
0.039111487773982885
0.03641128919136396
0.03308227632801835
0.029256156750553125
0.025103576707791345
0.020824301684011642
0.01662786020794112
0.012713422014929312
0.009245340158027165
0.006339265113282193
0.004047864296421011
0.0023659636996663444
0.0012309419828116645
0.000545096179599605
0.00018688955655344204
3.975399633959091e-5
0.026670909721978955
0.026424087786026812
0.02568586131375961
0.02445935115311872
0.02276106129857287
0.020634923126220048
0.01816026602441455
0.015451936098531465
0.012651684013214379
0.009913884616673588
0.007384268175536595
0.005182415746666607
0.0033848526438385253
0.002021792527974814
0.0010736220716584775
0.00048431912451304683
0.00016892610817394562
3.632542224590215e-5
0.01564067231678449
0.01550663428944452
0.015096985443646146
0.014399212002808548
0.013407559889809828
0.01213606270986312
0.010627573857847397
0.008955595926382811
0.00721862124294114
0.005525901829182735
0.003981769031675445
0.0026675663670017195
0.001632846549194984
0.0008878486156305008
0.0004094819689989605
0.0001456310605098098
3.16221858312285e-5
0.008527683712937408
0.008463884846545228
0.008262530688366975
0.007905404741938375
0.0073759074982549565
0.006671498687801989
0.005812259416131267
0.004843331895711554
0.0038298623789134946
0.0028467900391952157
0.0019641982981757006
0.0012361199003723242
0.0006900914830557931
0.00032639059414199577
0.00011900733160838357
2.6414907571784285e-5
0.004273030826983193
0.004248404153358329
0.004164694637678037
0.004004784738947291
0.003750637534990685
0.0033931266219812107
0.002940153312546215
0.00241788909189881
0.0018673815474349862
0.001336290352988811
0.0008700003916023177
0.0005009605559864946
0.00024355118969010423
9.107674343916641e-5
2.0649391441264936e-5
0.0019440354134098504
0.0019381759223362101
0.0019117994267647408
0.001851423988740443
0.0017430499530279157
0.0015782512986315484
0.0013590264260604872
0.0010998198940353927
0.0008243661211056767
0.000561227906020373
0.00033690601762098273
0.00016995716799283979
6.549910555804479e-5
1.5142972986025696e-5
0.0007962111965913466
0.0007970793767358628
0.0007929153182068364
0.0007741993943797705
0.0007323953022397938
0.0006624762521322504
0.000565204587356447
0.00044752917828314135
0.00032225187898986507
0.00020464657165449482
0.00010900592789478881
4.417816750251838e-5
1.0620484359532466e-5
0.00029824360233812443
0.0003002326619027806
0.0003008124926205327
0.0002947725618341312
0.0002778134124420962
0.00024832572669152513
0.00020730968807345667
0.00015839341087893824
0.00010724305036994242
6.110967521551806e-5
2.6569662588630575e-5
6.84677431539533e-6
0.00011527657983223236
0.00011619140323333928
0.00011536760735643315
0.00011021980411407384
0.00010001505674863205
8.502968480787863e-5
6.679760947376246e-5
4.7266544754891144e-5
2.865280310695575e-5
1.3400537263076917e-5
3.706079216753459e-6
5.8933716191224666e-5
5.8731951427810286e-5
5.5506521363575434e-5
4.8840633775448605e-5
3.9648162297698776e-5
2.9625073586088915e-5
2.00075583607477e-5
1.1800781414749373e-5
5.607593441651569e-6
1.663802067137421e-6
4.042381808887861e-5
3.942818517630738e-5
3.5063613869626206e-5
2.7712120826571392e-5
1.9417427719048412e-5
1.1912911407975553e-5
6.2689972312187355e-6
2.5882145579589677e-6
6.407447139975176e-7
2.8638753988038318e-5
2.7486801798487787e-5
2.3162575846962277e-5
1.676454901767993e-5
1.0179360663518848e-5
5.1128612627042775e-6
1.9704768825105574e-6
4.7344059056022564e-7
1.818237578239569e-5
1.7134628675162038e-5
1.3808923570164516e-5
9.06920827173218e-6
4.737412342177097e-6
1.7948282009442395e-6
4.2459607109780617e-7
1.0100238089171872e-5
9.422558996521793e-6
7.16652812763457e-6
4.283102520666999e-6
1.7987676011691492e-6
4.743122569871063e-7
4.773716262256664e-6
4.3513495648394825e-6
3.1670115653645145e-6
1.595842876340458e-6
4.991668370433789e-7
1.7532780928959848e-6
1.6082003410731324e-6
1.0352228339304136e-6
4.260640228814466e-7
4.52590016480202e-7
3.8404915761290945e-7
2.3126182194781402e-7
6.56627197649387e-8
7.00749881971841e-8
4.643367275298199e-10
