1.0
0.9204573996892583
0.840914794504973
0.6677930376085466
0.5218607245861699
0.3489912407441683
0.2252247465514764
0.11620268832839187
0.05474850345250116
0.01671950494532454
0.004264566305527353
0.00033975560113228833
0.00014669876103750982
2.9718753592497516e-5
1.9066105673241838e-5
0.9204573996892583
0.8731215235255121
0.7785670275167812
0.6337580259744067
0.483106039973584
0.3317330899196455
0.20773589548784782
0.11133076004374462
0.05010250756221363
0.01685115292371154
0.0037364073046859472
0.0006950315615772163
9.183567422915756e-5
8.746660405640981e-5
0.840914794504973
0.7785670275167812
0.714405215440667
0.5666331967299603
0.4420399703985165
0.29359789312469337
0.1884961000805954
0.09605496980476086
0.045157087988463275
0.01373990832486791
0.003661171636832953
0.0003084863284352302
0.00011635104926311106
0.6677930376085466
0.6337580259744067
0.5666331967299603
0.4623414476173236
0.34867745993242305
0.23708873554786655
0.14483915318059518
0.07593847564241837
0.03264322051925844
0.01078084976370435
0.002193175756280905
0.00040226259621941896
0.5218607245861699
0.483106039973584
0.4420399703985165
0.34867745993242305
0.26986631869051697
0.17393187087550507
0.10836919410611559
0.05135242120870296
0.022673099893085365
0.00569019990449432
0.0013455011617130876
0.3489912407441683
0.3317330899196455
0.29359789312469337
0.23708873554786655
0.17393187087550507
0.11466558355426192
0.06452478292442161
0.0309223290939071
0.010485575812842327
0.0026748166021858064
0.2252247465514764
0.20773589548784782
0.1884961000805954
0.14483915318059518
0.10836919410611559
0.06452478292442161
0.03697532051488027
0.013513417357188046
0.004637028232184959
0.11620268832839187
0.11133076004374462
0.09605496980476086
0.07593847564241837
0.05135242120870296
0.0309223290939071
0.013513417357188046
0.004980844829882238
0.05474850345250116
0.05010250756221363
0.045157087988463275
0.03264322051925844
0.022673099893085365
0.010485575812842327
0.004637028232184959
0.01671950494532454
0.01685115292371154
0.01373990832486791
0.01078084976370435
0.00569019990449432
0.0026748166021858064
0.004264566305527353
0.0037364073046859472
0.003661171636832953
0.002193175756280905
0.0013455011617130876
0.00033975560113228833
0.0006950315615772163
0.0003084863284352302
0.00040226259621941896
0.00014669876103750982
9.183567422915756e-5
0.00011635104926311106
2.9718753592497516e-5
8.746660405640981e-5
1.9066105673241838e-5
