1.0
0.8883581837253175
0.7767163653413383
0.557160948524943
0.38338187655467315
0.20720004334746978
0.09937946552363777
0.02993956370500831
0.005550845778952342
6.085161452514168e-5
9.97872668496073e-5
-5.507539257068531e-10
0.8883581837253175
0.820059074348145
0.6985394028906613
0.5140820394273692
0.34711471451255466
0.1916367542867381
0.09116428290471645
0.027952406097532904
0.0059336087618255
0.00025007554955387
2.436562816131922e-5
0.7767163653413383
0.6985394028906613
0.6123466333082896
0.4383842692011177
0.29836277255988525
0.1594038995748218
0.07412377257891921
0.02208550430563923
0.0040402240373371414
-1.8246207471857864e-5
0.557160948524943
0.5140820394273692
0.4383842692011177
0.3208360314562645
0.2111944649816526
0.11141934691868662
0.049698251732448
0.013305606071648449
0.002589591008088782
0.38338187655467315
0.34711471451255466
0.29836277255988525
0.2111944649816526
0.13618351435037648
0.06771788788248245
0.025564106781279215
0.0059718426923428426
0.20720004334746978
0.1916367542867381
0.1594038995748218
0.11141934691868662
0.06771788788248245
0.029608814314421077
0.009851370381586637
0.09937946552363777
0.09116428290471645
0.07412377257891921
0.049698251732448
0.025564106781279215
0.009851370381586637
0.02993956370500831
0.027952406097532904
0.02208550430563923
0.013305606071648449
0.0059718426923428426
0.005550845778952342
0.0059336087618255
0.0040402240373371414
0.002589591008088782
6.085161452514168e-5
0.00025007554955387
-1.8246207471857864e-5
9.97872668496073e-5
2.436562816131922e-5
-5.507539257068531e-10
