1.0
0.7734364698968409
0.5468729336472479
0.23717380291554055
0.07709373978452574
0.003347157409611031
9.498730944422755e-9
0.7734364698968409
0.6561891683729244
0.4291310337448935
0.2024704961111193
0.05553360687154926
0.00583381877165247
0.5468729336472479
0.4291310337448935
0.30460014215415354
0.11845650252990651
0.03542375899561618
0.23717380291554055
0.2024704961111193
0.11845650252990651
0.04337497501090465
0.07709373978452574
0.05553360687154926
0.03542375899561618
0.003347157409611031
0.00583381877165247
9.498730944422755e-9
