1.0
0.9879691148912173
0.9759382281678829
0.9431644146055504
0.9111616824430544
0.8622087443287931
0.8153082693575857
0.7554528145972241
0.6991735110603207
0.6338756013866433
0.5736650078216629
0.5080646265434109
0.4488239414179845
0.38731701170000826
0.3330404576756715
0.27897892127724533
0.23252458047727267
0.18805482834117254
0.1510437179011951
0.11705573968255897
0.08987084022265003
0.06605489926046242
0.0479552568281986
0.03297079727761597
0.022319124338151787
0.014101417127153817
0.008739401526319452
0.0049523783755966375
0.002750179600119152
0.0013591201471831846
0.0006672492010449501
0.00028808748815959995
0.00014074259678559315
7.181948203617801e-5
5.129214413192933e-5
3.705820436442977e-5
2.8442186390390874e-5
1.8256903002947274e-5
1.1664713195089409e-5
5.914169957171554e-6
2.8045754361859234e-6
8.479811066260744e-7
1.8605468809803698e-7
9.872981744393018e-9
1.3457791997464113e-12
0.9879691148912173
0.9800086876482518
0.9646093067060709
0.9355737622131796
0.900844747065969
0.8552805351759384
0.8062203399225866
0.7493927818520456
0.6914415197394248
0.6288010505517551
0.5673281077036169
0.5040111704658238
0.44384816510141784
0.3842529978586663
0.32932782711135067
0.2768163867418352
0.22992321370387664
0.18665797292601505
0.1493557618488063
0.11625414326437655
0.08887438125979794
0.06566821219784899
0.04743143544830413
0.03283550283554185
0.022082683994817075
0.014090197217329471
0.008651710960157677
0.0049827405679552786
0.002725518058677858
0.0013903543376507198
0.0006625701129802577
0.0003081335247166097
0.00014011187210566777
8.154366174339779e-5
5.066695491965488e-5
4.05033690639866e-5
2.7512508426679078e-5
1.9141962302640837e-5
1.0920095366270208e-5
6.042325880560659e-6
2.4806958296549155e-6
9.179133422861737e-7
1.2173575904642135e-7
5.504369000473189e-9
0.9759382281678829
0.9646093067060709
0.9532231428360942
0.9214445165218613
0.8903700050152481
0.8426331204928325
0.796864654028899
0.7383670665662446
0.6833434358597748
0.6194628006082937
0.5605494295359982
0.4963525232010695
0.4383843752040628
0.3782060433713537
0.3251193635848269
0.2722604481339858
0.22686282983867698
0.18342146452780442
0.14728768674136067
0.1141184487142203
0.0876057221127697
0.06438607814217474
0.046752439384852996
0.03215787767393156
0.021789884629638087
0.013786022990770688
0.008562245189607558
0.004866778669065592
0.002714789286767321
0.001350122126710786
0.0006683652770567888
0.00029147498757389393
0.000142740496139259
7.152516201385721e-5
4.914163031689101e-5
3.382094903942493e-5
2.507799956894773e-5
1.5267002710776453e-5
9.416422868165527e-6
4.451999479582047e-6
2.0839039162981826e-6
5.431740762079099e-7
9.986929847651e-8
0.9431644146055504
0.9355737622131796
0.9214445165218613
0.8942741391453416
0.8613443066142903
0.8180502389421118
0.7711737511146352
0.7168808716944879
0.661344931849193
0.6013575727613589
0.5423795463343863
0.4816944772621105
0.42397297535522505
0.3668720408671544
0.3142240787727772
0.2639693891891346
0.2190929806358267
0.1777597103664448
0.14213331758182826
0.11057503578595708
0.08448277125762675
0.06240943079879002
0.045072094558415474
0.03122211573307436
0.02102001680358256
0.013444749995408754
0.008280788849079847
0.004793464288833393
0.0026383573292169792
0.0013581302636177376
0.0006533167729864141
0.0003056700275046501
0.00013698703715714732
7.562055655080721e-5
4.27240859711871e-5
3.1874994436355866e-5
1.9642845625377507e-5
1.28229082509978e-5
6.509607226611026e-6
3.42304247033909e-6
1.1753751801101987e-6
3.807960686745775e-7
0.9111616824430544
0.900844747065969
0.8903700050152481
0.8613443066142903
0.832849540061155
0.7884594453287593
0.7458221393219573
0.6910585935789963
0.6395031750878696
0.5795299348128239
0.5242096988918701
0.4638871731662406
0.4094394818067457
0.3529254376225056
0.3031220870804007
0.25356811009931457
0.2110746655473928
0.1704561510734192
0.13673590785703782
0.10581986179961797
0.08116433334392918
0.05960006362592358
0.04326618902723987
0.029761714581232692
0.02019140058466128
0.01280301029221004
0.007984109133507875
0.004563345359706596
0.0025653623369964024
0.00128801510515614
0.0006439623129441991
0.0002816222336150342
0.0001344106829490849
6.172675276482699e-5
3.749836877021872e-5
2.2289006332275893e-5
1.486792173481045e-5
7.622753185143548e-6
4.306158408442931e-6
1.5680960427761356e-6
6.140949532538043e-7
0.8622087443287931
0.8552805351759384
0.8426331204928325
0.8180502389421118
0.7884594453287593
0.7493380291364397
0.7064937385029976
0.6568588481507742
0.6057803892701457
0.550676050364452
0.4963106708000973
0.4404793198910106
0.3872711713103136
0.33476322124539376
0.2863113426649324
0.24019716155974521
0.19902136025344033
0.16122332184881807
0.12866811807226627
0.09993669539760934
0.07621092714222168
0.056220628861594596
0.04054281636011652
0.028071594527479773
0.018895981886023983
0.012107514701791132
0.007475034865269331
0.004350006939204176
0.0024070960858223545
0.0012485305515004428
0.0006028239451864731
0.0002802554360435578
0.0001201455658486472
5.981075101283301e-5
2.7817459051312687e-5
1.801844816300145e-5
8.744365455805798e-6
4.993052846387387e-6
1.7698839881325358e-6
7.343914216735219e-7
0.8153082693575857
0.8062203399225866
0.796864654028899
0.7711737511146352
0.7458221393219573
0.7064937385029976
0.6685947131493176
0.6194716231330445
0.573164281214228
0.5190983251326381
0.4692193053459999
0.41476196183656805
0.3656466750087299
0.3146703525595248
0.2698213191659361
0.22524227766517532
0.18711232356884616
0.150727474012499
0.12062537779610959
0.09308939938967747
0.07122239866705526
0.05214712251500769
0.03777078709331174
0.025918040846013707
0.017564033252067627
0.011127045516584902
0.006946310691510061
0.003976269102701207
0.0022436543783157835
0.0011290617699713744
0.0005645438752264222
0.00024283028400012458
0.00011025402645390332
4.398245932357213e-5
2.2014900542082863e-5
9.977399317073402e-6
5.488048066225253e-6
1.7609418235091425e-6
7.477991930249048e-7
0.7554528145972241
0.7493927818520456
0.7383670665662446
0.7168808716944879
0.6910585935789963
0.6568588481507742
0.6194716231330445
0.576101810189857
0.5310460402273638
0.48251423972181745
0.43437915320061604
0.38508160213415576
0.33796370537569753
0.291628356951382
0.2488168610971883
0.2082429303026699
0.17201607486515988
0.1389286918622932
0.1104662664566997
0.08549508086548019
0.0649204305490921
0.04770210895522271
0.03424002048187373
0.023614235195650674
0.01582375119022291
0.010107759472770194
0.006215243342263322
0.0036100621208059445
0.0019897845216210086
0.0010299949403334099
0.0004915719871663734
0.00022328484099510632
8.903522215531788e-5
3.892534436686952e-5
1.3560237226553906e-5
7.201719618714433e-6
2.059363056757319e-6
8.317405479528405e-7
0.6991735110603207
0.6914415197394248
0.6833434358597748
0.661344931849193
0.6395031750878696
0.6057803892701457
0.573164281214228
0.5310460402273638
0.4912549224418554
0.4445185508682396
0.4013905156781096
0.3542016250861488
0.3116884042349592
0.2675579955894879
0.22882098556647507
0.19036344064345292
0.15758795567976003
0.1263877216698435
0.10070638865093655
0.07729524138531395
0.05882808198816678
0.04278986647175629
0.03080348732800671
0.02097425957358272
0.014117901975811429
0.008865953555436103
0.005493948231286728
0.0031120237392477604
0.0017410956901700466
0.0008630572959279327
0.0004249562686347757
0.00017504925151190178
7.425209670475948e-5
2.4472438850869366e-5
9.665954196025241e-6
2.680294382954065e-6
1.015659349431852e-6
0.6338756013866433
0.6288010505517551
0.6194628006082937
0.6013575727613589
0.5795299348128239
0.550676050364452
0.5190983251326381
0.48251423972181745
0.4445185508682396
0.40364506115098125
0.36279302215301534
0.32109515054355153
0.2810727341356655
0.24189400347167306
0.20562515478531745
0.17144561102796296
0.14092681794193862
0.11324749702797524
0.08947928833345371
0.06880524469172293
0.051831650180689665
0.03777542072997956
0.02684358426994002
0.018325147738963307
0.012124723986716063
0.0076483522625778585
0.004625685382317068
0.002644395316688377
0.0014241802559908155
0.0007211782202540027
0.00033067061914677576
0.0001436734786118046
5.097066875032816e-5
1.9154045098299793e-5
4.121332633419706e-6
1.6495486792935455e-6
0.5736650078216629
0.5673281077036169
0.5605494295359982
0.5423795463343863
0.5242096988918701
0.4963106708000973
0.4692193053459999
0.43437915320061604
0.4013905156781096
0.36279302215301534
0.3271456103882529
0.2880002045103159
0.2527763105943513
0.21619034323589578
0.18417005050362373
0.15242499689015568
0.12550062543080642
0.09995122007434049
0.0790717185873317
0.06013168316555346
0.04533921388552329
0.03257929745464183
0.0231693205389118
0.015521494839789178
0.010281573190301384
0.006315844588465134
0.0038307189435362187
0.0021029040961052796
0.0011422782581582103
0.0005391428358198497
0.0002535300796778054
9.430175442732564e-5
3.6220157187715544e-5
8.453654318516226e-6
2.3981609505540254e-6
0.5080646265434109
0.5040111704658238
0.4963525232010695
0.4816944772621105
0.4638871731662406
0.4404793198910106
0.41476196183656805
0.38508160213415576
0.3542016250861488
0.32109515054355153
0.2880002045103159
0.2543406309608989
0.22183707158673605
0.1901965070363472
0.16082314141759696
0.1333442809971676
0.10880357639577255
0.08675520579769498
0.06786907210942343
0.05164046954664149
0.038386219800105974
0.02758005014684693
0.01924624796072824
0.012884237498780949
0.00831170259200183
0.005102783336255991
0.002974188277738407
0.001635727721277874
0.0008316965128627476
0.000397643400812797
0.00016386498947469993
6.418993540667999e-5
1.7023849770747742e-5
5.177234921117513e-6
0.4488239414179845
0.44384816510141784
0.4383843752040628
0.42397297535522505
0.4094394818067457
0.3872711713103136
0.3656466750087299
0.33796370537569753
0.3116884042349592
0.2810727341356655
0.2527763105943513
0.22183707158673605
0.19402373529709874
0.16509562920884882
0.1398685949457751
0.11489761773418572
0.09385429618108597
0.07396742706228898
0.057876005488627834
0.04337886575043852
0.03221979009864988
0.02268825487215467
0.01580234883464692
0.01028382769762153
0.006615153142992036
0.003893736449979333
0.0022617558438364606
0.001160093215949327
0.0005900964424496004
0.00024680984452779184
0.00010383796498335619
2.8442697990015195e-5
8.586349005443473e-6
0.38731701170000826
0.3842529978586663
0.3782060433713537
0.3668720408671544
0.3529254376225056
0.33476322124539376
0.3146703525595248
0.291628356951382
0.2675579955894879
0.24189400347167306
0.21619034323589578
0.1901965070363472
0.16509562920884882
0.14082259161516106
0.11819776759727976
0.09723162743294
0.0785007468985021
0.061885017747414624
0.04769842619668377
0.03571354534343834
0.025998545244956074
0.018258708222379367
0.01236513747453851
0.008008612421078438
0.004941379933160997
0.0028892077930550283
0.0015679378380581664
0.0007980420955735978
0.00035654051661478315
0.0001497005939511614
4.535164971453334e-5
1.3559972071811264e-5
0.3330404576756715
0.32932782711135067
0.3251193635848269
0.3142240787727772
0.3031220870804007
0.2863113426649324
0.2698213191659361
0.2488168610971883
0.22882098556647507
0.20562515478531745
0.18417005050362373
0.16082314141759696
0.1398685949457751
0.11819776759727976
0.09938247856791133
0.08079171122265678
0.06525977836484359
0.05065977662727156
0.0390090650952152
0.028607006435681252
0.02076671570810124
0.014163226829260986
0.009543199134949
0.005916554371412364
0.0036229110049398466
0.001973965646475044
0.001060350329866125
0.0004720412955076046
0.00020930054289675947
6.274945757197322e-5
2.003431473715789e-5
0.27897892127724533
0.2768163867418352
0.2722604481339858
0.2639693891891346
0.25356811009931457
0.24019716155974521
0.22524227766517532
0.2082429303026699
0.19036344064345292
0.17144561102796296
0.15242499689015568
0.1333442809971676
0.11489761773418572
0.09723162743294
0.08079171122265678
0.06574445873109222
0.05229455825168665
0.04056848029444938
0.030600311313710292
0.022378774213558078
0.015781435042646202
0.010701433615851968
0.006905440809404122
0.004239596835750646
0.0024215649234472967
0.0013010977449709313
0.0006136254600673552
0.000268549169915019
8.58579631485617e-5
2.6121888745827494e-5
0.23252458047727267
0.22992321370387664
0.22686282983867698
0.2190929806358267
0.2110746655473928
0.19902136025344033
0.18711232356884616
0.17201607486515988
0.15758795567976003
0.14092681794193862
0.12550062543080642
0.10880357639577255
0.09385429618108597
0.0785007468985021
0.06525977836484359
0.05229455825168665
0.041592839952005814
0.031602199091090376
0.023786133334105352
0.016891229203767483
0.011853979848078552
0.00769005023216406
0.004918578767733365
0.002808262846454558
0.001584061717735594
0.0007449275400812506
0.00034630727229401976
0.00010859631259586718
3.5411384152101145e-5
0.18805482834117254
0.18665797292601505
0.18342146452780442
0.1777597103664448
0.1704561510734192
0.16122332184881807
0.150727474012499
0.1389286918622932
0.1263877216698435
0.11324749702797524
0.09995122007434049
0.08675520579769498
0.07396742706228898
0.061885017747414624
0.05065977662727156
0.04056848029444938
0.031602199091090376
0.02397300969224177
0.017525215927492597
0.012388587203011168
0.008323671081378362
0.005351275343508716
0.0031872549792593048
0.0017900895465744267
0.0008842044500002246
0.0004075528565204345
0.000137202371185461
4.2808133965349394e-5
0.1510437179011951
0.1493557618488063
0.14728768674136067
0.14213331758182826
0.13673590785703782
0.12866811807226627
0.12062537779610959
0.1104662664566997
0.10070638865093655
0.08947928833345371
0.0790717185873317
0.06786907210942343
0.057876005488627834
0.04769842619668377
0.0390090650952152
0.030600311313710292
0.023786133334105352
0.017525215927492597
0.012771588227037618
0.008643110517517512
0.0057684230066148
0.0034516236665528346
0.002031669114085484
0.0009950571874001726
0.0004841012643759018
0.00016006541254294702
5.505285699128453e-5
0.11705573968255897
0.11625414326437655
0.1141184487142203
0.11057503578595708
0.10581986179961797
0.09993669539760934
0.09308939938967747
0.08549508086548019
0.07729524138531395
0.06880524469172293
0.06013168316555346
0.05164046954664149
0.04337886575043852
0.03571354534343834
0.028607006435681252
0.022378774213558078
0.016891229203767483
0.012388587203011168
0.008643110517517512
0.005813571865745156
0.0036157838487333254
0.0021376907491342583
0.0011012571197377523
0.0005279566487078049
0.00018444634330031472
6.0414614291928605e-5
0.08987084022265003
0.08887438125979794
0.0876057221127697
0.08448277125762675
0.08116433334392918
0.07621092714222168
0.07122239866705526
0.0649204305490921
0.05882808198816678
0.051831650180689665
0.04533921388552329
0.038386219800105974
0.03221979009864988
0.025998545244956074
0.02076671570810124
0.015781435042646202
0.011853979848078552
0.008323671081378362
0.0057684230066148
0.0036157838487333254
0.002234134572270913
0.0011571218868214087
0.0005908427737162419
0.00020199933933301168
7.244490097028135e-5
0.06605489926046242
0.06566821219784899
0.06438607814217474
0.06240943079879002
0.05960006362592358
0.056220628861594596
0.05214712251500769
0.04770210895522271
0.04278986647175629
0.03777542072997956
0.03257929745464183
0.02758005014684693
0.02268825487215467
0.018258708222379367
0.014163226829260986
0.010701433615851968
0.00769005023216406
0.005351275343508716
0.0034516236665528346
0.0021376907491342583
0.0011571218868214087
0.0005940220565081204
0.00021927103229221265
7.457123070489453e-5
0.0479552568281986
0.04743143544830413
0.046752439384852996
0.045072094558415474
0.04326618902723987
0.04054281636011652
0.03777078709331174
0.03424002048187373
0.03080348732800671
0.02684358426994002
0.0231693205389118
0.01924624796072824
0.01580234883464692
0.01236513747453851
0.009543199134949
0.006905440809404122
0.004918578767733365
0.0031872549792593048
0.002031669114085484
0.0011012571197377523
0.0005908427737162419
0.00021927103229221265
8.535115224524369e-5
0.03297079727761597
0.03283550283554185
0.03215787767393156
0.03122211573307436
0.029761714581232692
0.028071594527479773
0.025918040846013707
0.023614235195650674
0.02097425957358272
0.018325147738963307
0.015521494839789178
0.012884237498780949
0.01028382769762153
0.008008612421078438
0.005916554371412364
0.004239596835750646
0.002808262846454558
0.0017900895465744267
0.0009950571874001726
0.0005279566487078049
0.00020199933933301168
7.457123070489453e-5
0.022319124338151787
0.022082683994817075
0.021789884629638087
0.02102001680358256
0.02019140058466128
0.018895981886023983
0.017564033252067627
0.01582375119022291
0.014117901975811429
0.012124723986716063
0.010281573190301384
0.00831170259200183
0.006615153142992036
0.004941379933160997
0.0036229110049398466
0.0024215649234472967
0.001584061717735594
0.0008842044500002246
0.0004841012643759018
0.00018444634330031472
7.244490097028135e-5
0.014101417127153817
0.014090197217329471
0.013786022990770688
0.013444749995408754
0.01280301029221004
0.012107514701791132
0.011127045516584902
0.010107759472770194
0.008865953555436103
0.0076483522625778585
0.006315844588465134
0.005102783336255991
0.003893736449979333
0.0028892077930550283
0.001973965646475044
0.0013010977449709313
0.0007449275400812506
0.0004075528565204345
0.00016006541254294702
6.0414614291928605e-5
0.008739401526319452
0.008651710960157677
0.008562245189607558
0.008280788849079847
0.007984109133507875
0.007475034865269331
0.006946310691510061
0.006215243342263322
0.005493948231286728
0.004625685382317068
0.0038307189435362187
0.002974188277738407
0.0022617558438364606
0.0015679378380581664
0.001060350329866125
0.0006136254600673552
0.00034630727229401976
0.000137202371185461
5.505285699128453e-5
0.0049523783755966375
0.0049827405679552786
0.004866778669065592
0.004793464288833393
0.004563345359706596
0.004350006939204176
0.003976269102701207
0.0036100621208059445
0.0031120237392477604
0.002644395316688377
0.0021029040961052796
0.001635727721277874
0.001160093215949327
0.0007980420955735978
0.0004720412955076046
0.000268549169915019
0.00010859631259586718
4.2808133965349394e-5
0.002750179600119152
0.002725518058677858
0.002714789286767321
0.0026383573292169792
0.0025653623369964024
0.0024070960858223545
0.0022436543783157835
0.0019897845216210086
0.0017410956901700466
0.0014241802559908155
0.0011422782581582103
0.0008316965128627476
0.0005900964424496004
0.00035654051661478315
0.00020930054289675947
8.58579631485617e-5
3.5411384152101145e-5
0.0013591201471831846
0.0013903543376507198
0.001350122126710786
0.0013581302636177376
0.00128801510515614
0.0012485305515004428
0.0011290617699713744
0.0010299949403334099
0.0008630572959279327
0.0007211782202540027
0.0005391428358198497
0.000397643400812797
0.00024680984452779184
0.0001497005939511614
6.274945757197322e-5
2.6121888745827494e-5
0.0006672492010449501
0.0006625701129802577
0.0006683652770567888
0.0006533167729864141
0.0006439623129441991
0.0006028239451864731
0.0005645438752264222
0.0004915719871663734
0.0004249562686347757
0.00033067061914677576
0.0002535300796778054
0.00016386498947469993
0.00010383796498335619
4.535164971453334e-5
2.003431473715789e-5
0.00028808748815959995
0.0003081335247166097
0.00029147498757389393
0.0003056700275046501
0.0002816222336150342
0.0002802554360435578
0.00024283028400012458
0.00022328484099510632
0.00017504925151190178
0.0001436734786118046
9.430175442732564e-5
6.418993540667999e-5
2.8442697990015195e-5
1.3559972071811264e-5
0.00014074259678559315
0.00014011187210566777
0.000142740496139259
0.00013698703715714732
0.0001344106829490849
0.0001201455658486472
0.00011025402645390332
8.903522215531788e-5
7.425209670475948e-5
5.097066875032816e-5
3.6220157187715544e-5
1.7023849770747742e-5
8.586349005443473e-6
7.181948203617801e-5
8.154366174339779e-5
7.152516201385721e-5
7.562055655080721e-5
6.172675276482699e-5
5.981075101283301e-5
4.398245932357213e-5
3.892534436686952e-5
2.4472438850869366e-5
1.9154045098299793e-5
8.453654318516226e-6
5.177234921117513e-6
5.129214413192933e-5
5.066695491965488e-5
4.914163031689101e-5
4.27240859711871e-5
3.749836877021872e-5
2.7817459051312687e-5
2.2014900542082863e-5
1.3560237226553906e-5
9.665954196025241e-6
4.121332633419706e-6
2.3981609505540254e-6
3.705820436442977e-5
4.05033690639866e-5
3.382094903942493e-5
3.1874994436355866e-5
2.2289006332275893e-5
1.801844816300145e-5
9.977399317073402e-6
7.201719618714433e-6
2.680294382954065e-6
1.6495486792935455e-6
2.8442186390390874e-5
2.7512508426679078e-5
2.507799956894773e-5
1.9642845625377507e-5
1.486792173481045e-5
8.744365455805798e-6
5.488048066225253e-6
2.059363056757319e-6
1.015659349431852e-6
1.8256903002947274e-5
1.9141962302640837e-5
1.5267002710776453e-5
1.28229082509978e-5
7.622753185143548e-6
4.993052846387387e-6
1.7609418235091425e-6
8.317405479528405e-7
1.1664713195089409e-5
1.0920095366270208e-5
9.416422868165527e-6
6.509607226611026e-6
4.306158408442931e-6
1.7698839881325358e-6
7.477991930249048e-7
5.914169957171554e-6
6.042325880560659e-6
4.451999479582047e-6
3.42304247033909e-6
1.5680960427761356e-6
7.343914216735219e-7
2.8045754361859234e-6
2.4806958296549155e-6
2.0839039162981826e-6
1.1753751801101987e-6
6.140949532538043e-7
8.479811066260744e-7
9.179133422861737e-7
5.431740762079099e-7
3.807960686745775e-7
1.8605468809803698e-7
1.2173575904642135e-7
9.986929847651e-8
9.872981744393018e-9
5.504369000473189e-9
1.3457791997464113e-12
