1.0
0.8350578641136266
0.6701157277457793
0.3881957684817625
0.20743632079389504
0.05605830877306339
0.01067748257212429
-5.9903733713094023e-5
0.00011370084426673265
0.8350578641136266
0.7417522317598708
0.5669011156002718
0.34616108759641817
0.1717828860719149
0.05342231014293716
0.007625167110808684
0.0006120361553786399
0.6701157277457793
0.5669011156002718
0.4580289057040453
0.258842682784094
0.13542372222498253
0.033847510979579346
0.007356375462905819
0.3881957684817625
0.34616108759641817
0.258842682784094
0.1523885499419021
0.06522639569908571
0.016350656903464347
0.20743632079389504
0.1717828860719149
0.13542372222498253
0.06522639569908571
0.028736731244170248
0.05605830877306339
0.05342231014293716
0.033847510979579346
0.016350656903464347
0.01067748257212429
0.007625167110808684
0.007356375462905819
-5.9903733713094023e-5
0.0006120361553786399
0.00011370084426673265
