1.0
0.9863404956432713
0.9726809905556941
0.9357619904172244
0.8997935156856641
0.8452432888452218
0.7931950178861342
0.72747473062003
0.6660566561232872
0.5957378948043542
0.5314357094188455
0.46252030272938144
0.4009742615632856
0.3383620516928108
0.28392112587978613
0.23106411505123642
0.1865415568801537
0.14529516509879864
0.11189023779708732
0.08251092468717645
0.05988710938151217
0.041197325672956545
0.027725780520487745
0.017450306652660903
0.010654427514521086
0.00597203021873662
0.003213338654020482
0.001552485814659915
0.0007130819504757278
0.0002949627010935593
0.00012667162474808236
6.333684665799205e-5
4.1607546110184374e-5
3.050296522068385e-5
2.1425061452885084e-5
1.2936218304625639e-5
7.167179100947333e-6
3.101197953073641e-6
1.0737796601138354e-6
1.7569756528658235e-7
2.3227471961476755e-8
-3.3358198438836523e-10
0.9863404956432713
0.9768987141608496
0.9599019676356977
0.9268027058440018
0.8883065028405169
0.8371409288134578
0.7832743372432676
0.7204841284557661
0.6578435199960415
0.5899917256475373
0.5249445108595902
0.4580448800723559
0.39611654397347346
0.33509204742129484
0.28052311662626656
0.2288594979194024
0.184360932834926
0.14395194975112952
0.11063881234246176
0.08179244730480692
0.05927141432766683
0.04087419215849773
0.027488121569742077
0.01733986426439018
0.010599622479752243
0.005951293478897606
0.0032202511245202447
0.0015570352199205642
0.0007276679436221189
0.0003010336065336804
0.0001344019647352201
6.692515616124461e-5
4.357817024028001e-5
3.192600519553071e-5
2.1085201454856932e-5
1.3160586335268277e-5
6.661070932694687e-6
3.0409910909863418e-6
9.148762251771013e-7
1.8342437905892683e-7
1.024696566344042e-9
0.9726809905556941
0.9599019676356977
0.9470200892838546
0.9113512595052735
0.8765206206997276
0.8234906503860427
0.7728303532247175
0.7087928155874481
0.6489011044955604
0.5803135525150321
0.5175680635700532
0.45033855645719034
0.39029106298491956
0.32923864012146303
0.2761643312395431
0.2246745656098587
0.18131778061324907
0.14118485052185237
0.10869410426284125
0.08014326940839848
0.058166399005871464
0.04002617742173994
0.026957162808163373
0.01699059410474589
0.010395444673114063
0.005845274821424352
0.003159545828974822
0.00153707519443802
0.00071282594769088
0.00029827586412933745
0.0001288948994857421
6.283892867169755e-5
3.9164235454019684e-5
2.7014185179190022e-5
1.8060956149804033e-5
1.015795684599632e-5
5.312639437975204e-6
2.1133169295209838e-6
6.940421336090138e-7
8.106179407304989e-8
0.9357619904172244
0.9268027058440018
0.9113512595052735
0.8805667459440643
0.8442802221255805
0.7959264469706888
0.7447367852558302
0.6850616133656309
0.6253561910903811
0.5607231522271867
0.49866512603445573
0.4349036770271909
0.37584638005794263
0.317728574516116
0.26576840389460055
0.21665129275096323
0.1743763057623566
0.13604749076482295
0.10448295921182875
0.07719346141580635
0.05591821549405547
0.038566064831907276
0.025957405851572763
0.016407197586156063
0.01006110669396046
0.005677399878455006
0.0030924323234085165
0.0015097742626053463
0.0007129624472546452
0.00029759829005237794
0.000130430551938062
6.0371450621419284e-5
3.4847832860703106e-5
2.3156293961602378e-5
1.3510297520613914e-5
7.631286281543612e-6
3.3379935390950566e-6
1.393140467938546e-6
3.0333260474770073e-7
0.8997935156856641
0.8883065028405169
0.8765206206997276
0.8442802221255805
0.8125888620291474
0.7637094063693378
0.716860852373175
0.6574137388446001
0.6017129903338801
0.5378667481121676
0.4794036505086845
0.41679073110032755
0.360859589471402
0.30407212034762654
0.25473383520908804
0.20696682763868027
0.16679050804711615
0.12969437292310337
0.09970597172192619
0.07342893298258557
0.053238424562436756
0.03662300657601483
0.024673151363331595
0.015580125399315439
0.009563815978746875
0.005408658323980254
0.002945444920600762
0.001447586061444896
0.0006783622862388955
0.00028479216625852693
0.00011928074550161562
5.186262713414249e-5
2.7170242828929073e-5
1.5538919281369742e-5
8.788651573852052e-6
3.908016349252671e-6
1.7685018270110826e-6
4.172539697658355e-7
0.8452432888452218
0.8371409288134578
0.8234906503860427
0.7959264469706888
0.7637094063693378
0.720478875136036
0.6741935048986162
0.6201965939943944
0.565867721773127
0.5071139154570271
0.4505416123718736
0.39252024327790624
0.33872261295886935
0.2859065507933857
0.2387036742171679
0.19421089828870364
0.15597463079665844
0.1214195863702041
0.09303369832909253
0.06857845424685903
0.04957561723493585
0.0341338226845343
0.022953857043804673
0.014513273895542557
0.008915631795143883
0.005051131025760035
0.0027662028521929644
0.0013598096737528545
0.0006447090254718407
0.0002668380379386014
0.0001110529992910584
4.429485068741848e-5
1.995957983539776e-5
1.0478738680064036e-5
4.364150308355302e-6
1.9513771901053223e-6
4.0071971967010295e-7
0.7931950178861342
0.7832743372432676
0.7728303532247175
0.7447367852558302
0.716860852373175
0.6741935048986162
0.6330576571975024
0.580475196714833
0.5310566905613572
0.4743064201863063
0.4222678033829884
0.3665709906600035
0.31680590702113387
0.26638533013335697
0.2226157503798689
0.18038097943270376
0.1449236236220127
0.11232849063819204
0.08605189186441511
0.06314951208304423
0.04561465814992875
0.03127336183851897
0.02100116696478899
0.013235424496032017
0.008112205737653682
0.004589823762639253
0.0025014057655574954
0.0012320865375689794
0.0005753946389267701
0.00023733804635409956
9.29706621632898e-5
3.395691345795406e-5
1.3082568783885265e-5
5.158041339608953e-6
1.970358070733762e-6
2.503801196284913e-7
0.72747473062003
0.7204841284557661
0.7087928155874481
0.6850616133656309
0.6574137388446001
0.6201965939943944
0.580475196714833
0.5340271627362193
0.48688129875247577
0.43594835307343927
0.3866981223907209
0.3363077714581313
0.2895146675825741
0.24372438961622564
0.2028215473358193
0.1644250792473888
0.1315077298193554
0.10190820031889464
0.07769558526539533
0.05695863427415634
0.040939189291794346
0.028011597980708916
0.018722189356070677
0.011762507903794265
0.007183019561352153
0.004043443322200058
0.0022012109644670066
0.0010733936854035715
0.0005029214965245641
0.00020097026399413002
7.753946712734405e-5
2.5050391561779405e-5
7.91623633193713e-6
2.6533348722502562e-6
2.775831348571362e-7
0.6660566561232872
0.6578435199960415
0.6489011044955604
0.6253561910903811
0.6017129903338801
0.565867721773127
0.5310566905613572
0.48688129875247577
0.4451617130409686
0.3970904429880836
0.35291152921685437
0.30565477550262987
0.2634085902266505
0.22072938691414642
0.18371472804673053
0.1481673767911891
0.11840028600152859
0.09121727399432908
0.06939690885057
0.050541471055396144
0.03619159550961367
0.024581404279191768
0.016331279652254983
0.010178864732773504
0.006156329397124584
0.003436281387750707
0.0018402289493585717
0.0008900647225954519
0.0004032496195326686
0.00015945940253734946
5.59798319579076e-5
1.6604640596726745e-5
3.900684770638794e-6
6.935034841837898e-7
0.5957378948043542
0.5899917256475373
0.5803135525150321
0.5607231522271867
0.5378667481121676
0.5071139154570271
0.4743064201863063
0.43594835307343927
0.3970904429880836
0.3551230832409312
0.31428919156324236
0.27262099347308516
0.23384197784132488
0.19604721067396333
0.16231070433359632
0.1308114305706619
0.10390225823407673
0.0798753688871821
0.0603475027051744
0.04377296386380747
0.031093169855505864
0.020975627229519195
0.013803955409565935
0.008510044824287532
0.005091565100072908
0.00279109319385015
0.0014775803385668504
0.0006916790220410835
0.00031027502884236236
0.00011359372274435336
3.943688802504023e-5
8.994693202018366e-6
1.6864070586668494e-6
0.5314357094188455
0.5249445108595902
0.5175680635700532
0.49866512603445573
0.4794036505086845
0.4505416123718736
0.4222678033829884
0.3866981223907209
0.35291152921685437
0.31428919156324236
0.2786586567235443
0.2405508781027439
0.20644149194551198
0.17211008963546642
0.14236186687008112
0.1139788120205295
0.09028949555191723
0.0688632848320994
0.05176920124719359
0.03719017755438393
0.02619918257938225
0.017462888243865857
0.011338755010217368
0.006884736150097805
0.004027866070558553
0.0021655700105600753
0.0011015932206379882
0.0005036384312652702
0.0002077297754427597
7.389410317041704e-5
1.9879783435055003e-5
4.484242915136018e-6
0.46252030272938144
0.4580448800723559
0.45033855645719034
0.4349036770271909
0.41679073110032755
0.39252024327790624
0.3665709906600035
0.3363077714581313
0.30565477550262987
0.27262099347308516
0.2405508781027439
0.20790351876582544
0.17741964197325788
0.14784879381245777
0.12148046034814072
0.0970288937121694
0.07624625614545175
0.057866405673351134
0.04307477890641056
0.030681416262085332
0.02134618557816244
0.014026899077459581
0.008961950778515353
0.005314322294566735
0.0030437233020991464
0.0015682076655212567
0.0007766764432758158
0.0003255536377474987
0.000130404777156941
3.595234704965842e-5
9.668265823704113e-6
0.4009742615632856
0.39611654397347346
0.39029106298491956
0.37584638005794263
0.360859589471402
0.33872261295886935
0.31680590702113387
0.2895146675825741
0.2634085902266505
0.23384197784132488
0.20644149194551198
0.17741964197325788
0.1513797133026904
0.12528955104367354
0.10269947986258673
0.0813385803217228
0.06358557675716243
0.04774520231384086
0.03521610320308025
0.024738853896010077
0.016951366636885595
0.01093396357026619
0.006809266415234823
0.003937409117178838
0.002154459274761251
0.0010706084951164073
0.00048252449715602134
0.00019271985893437913
5.9514036001247156e-5
1.5584271544235474e-5
0.3383620516928108
0.33509204742129484
0.32923864012146303
0.317728574516116
0.30407212034762654
0.2859065507933857
0.26638533013335697
0.24372438961622564
0.22072938691414642
0.19604721067396333
0.17211008963546642
0.14784879381245777
0.12528955104367354
0.10352491208867927
0.0841463098254182
0.06633202440436857
0.051306299418304946
0.03818443987292897
0.02777812015183448
0.019215565938620022
0.012925793094042546
0.008120558912783814
0.004929634754732002
0.002719881096934577
0.0014359863054818674
0.0006477297692632272
0.00027748160246516006
8.48006331512919e-5
2.5225608337163724e-5
0.28392112587978613
0.28052311662626656
0.2761643312395431
0.26576840389460055
0.25473383520908804
0.2387036742171679
0.2226157503798689
0.2028215473358193
0.18371472804673053
0.16231070433359632
0.14236186687008112
0.12148046034814072
0.10269947986258673
0.0841463098254182
0.06809663467815325
0.05310470517099882
0.04071550580186049
0.029874435543655944
0.021400219526149962
0.014517052319693356
0.009507036195804638
0.005808916608259324
0.0033609797889678056
0.0017818236662090656
0.0008530303030726762
0.0003620321295987741
0.00011843231601483495
3.315544045966363e-5
0.23106411505123642
0.2288594979194024
0.2246745656098587
0.21665129275096323
0.20696682763868027
0.19421089828870364
0.18038097943270376
0.1644250792473888
0.1481673767911891
0.1308114305706619
0.1139788120205295
0.0970288937121694
0.0813385803217228
0.06633202440436857
0.05310470517099882
0.04108513435391609
0.031062132101251663
0.022455032458811145
0.01578360247375349
0.010427401746836444
0.006646978305000558
0.0038656438224378715
0.002150129231011433
0.001032252661213818
0.00046652643604916735
0.00015068251739619283
4.5892260094955156e-5
0.1865415568801537
0.184360932834926
0.18131778061324907
0.1743763057623566
0.16679050804711615
0.15597463079665844
0.1449236236220127
0.1315077298193554
0.11840028600152859
0.10390225823407673
0.09028949555191723
0.07624625614545175
0.06358557675716243
0.051306299418304946
0.04071550580186049
0.031062132101251663
0.023153647295299923
0.01642441459705946
0.011251235437368565
0.0072339460508114165
0.004395140375580603
0.0024512409832050048
0.0012329243242321971
0.0005561705550682076
0.0001925774693581273
5.647019723959149e-5
0.14529516509879864
0.14395194975112952
0.14118485052185237
0.13604749076482295
0.12969437292310337
0.1214195863702041
0.11232849063819204
0.10190820031889464
0.09121727399432908
0.0798753688871821
0.0688632848320994
0.057866405673351134
0.04774520231384086
0.03818443987292897
0.029874435543655944
0.022455032458811145
0.01642441459705946
0.011367414611177542
0.007586916579032484
0.004652092633526715
0.0027186994017243714
0.00137002998725083
0.0006478221148389228
0.00022181283740116086
7.085952196664685e-5
0.11189023779708732
0.11063881234246176
0.10869410426284125
0.10448295921182875
0.09970597172192619
0.09303369832909253
0.08605189186441511
0.07769558526539533
0.06939690885057
0.0603475027051744
0.05176920124719359
0.04307477890641056
0.03521610320308025
0.02777812015183448
0.021400219526149962
0.01578360247375349
0.011251235437368565
0.007586916579032484
0.004841579661816628
0.002858715027079707
0.0015163736962269742
0.0007180979487780627
0.0002587878174393004
8.070177737033623e-5
0.08251092468717645
0.08179244730480692
0.08014326940839848
0.07719346141580635
0.07342893298258557
0.06857845424685903
0.06314951208304423
0.05695863427415634
0.050541471055396144
0.04377296386380747
0.03719017755438393
0.030681416262085332
0.024738853896010077
0.019215565938620022
0.014517052319693356
0.010427401746836444
0.0072339460508114165
0.004652092633526715
0.002858715027079707
0.001535123734885865
0.0007706512886783548
0.0002770579724077759
9.164636781474423e-5
0.05988710938151217
0.05927141432766683
0.058166399005871464
0.05591821549405547
0.053238424562436756
0.04957561723493585
0.04561465814992875
0.040939189291794346
0.03619159550961367
0.031093169855505864
0.02619918257938225
0.02134618557816244
0.016951366636885595
0.012925793094042546
0.009507036195804638
0.006646978305000558
0.004395140375580603
0.0027186994017243714
0.0015163736962269742
0.0007706512886783548
0.00030053523007867486
9.989264103299827e-5
0.041197325672956545
0.04087419215849773
0.04002617742173994
0.038566064831907276
0.03662300657601483
0.0341338226845343
0.03127336183851897
0.028011597980708916
0.024581404279191768
0.020975627229519195
0.017462888243865857
0.014026899077459581
0.01093396357026619
0.008120558912783814
0.005808916608259324
0.0038656438224378715
0.0024512409832050048
0.00137002998725083
0.0007180979487780627
0.0002770579724077759
9.989264103299827e-5
0.027725780520487745
0.027488121569742077
0.026957162808163373
0.025957405851572763
0.024673151363331595
0.022953857043804673
0.02100116696478899
0.018722189356070677
0.016331279652254983
0.013803955409565935
0.011338755010217368
0.008961950778515353
0.006809266415234823
0.004929634754732002
0.0033609797889678056
0.002150129231011433
0.0012329243242321971
0.0006478221148389228
0.0002587878174393004
9.164636781474423e-5
0.017450306652660903
0.01733986426439018
0.01699059410474589
0.016407197586156063
0.015580125399315439
0.014513273895542557
0.013235424496032017
0.011762507903794265
0.010178864732773504
0.008510044824287532
0.006884736150097805
0.005314322294566735
0.003937409117178838
0.002719881096934577
0.0017818236662090656
0.001032252661213818
0.0005561705550682076
0.00022181283740116086
8.070177737033623e-5
0.010654427514521086
0.010599622479752243
0.010395444673114063
0.01006110669396046
0.009563815978746875
0.008915631795143883
0.008112205737653682
0.007183019561352153
0.006156329397124584
0.005091565100072908
0.004027866070558553
0.0030437233020991464
0.002154459274761251
0.0014359863054818674
0.0008530303030726762
0.00046652643604916735
0.0001925774693581273
7.085952196664685e-5
0.00597203021873662
0.005951293478897606
0.005845274821424352
0.005677399878455006
0.005408658323980254
0.005051131025760035
0.004589823762639253
0.004043443322200058
0.003436281387750707
0.00279109319385015
0.0021655700105600753
0.0015682076655212567
0.0010706084951164073
0.0006477297692632272
0.0003620321295987741
0.00015068251739619283
5.647019723959149e-5
0.003213338654020482
0.0032202511245202447
0.003159545828974822
0.0030924323234085165
0.002945444920600762
0.0027662028521929644
0.0025014057655574954
0.0022012109644670066
0.0018402289493585717
0.0014775803385668504
0.0011015932206379882
0.0007766764432758158
0.00048252449715602134
0.00027748160246516006
0.00011843231601483495
4.5892260094955156e-5
0.001552485814659915
0.0015570352199205642
0.00153707519443802
0.0015097742626053463
0.001447586061444896
0.0013598096737528545
0.0012320865375689794
0.0010733936854035715
0.0008900647225954519
0.0006916790220410835
0.0005036384312652702
0.0003255536377474987
0.00019271985893437913
8.48006331512919e-5
3.315544045966363e-5
0.0007130819504757278
0.0007276679436221189
0.00071282594769088
0.0007129624472546452
0.0006783622862388955
0.0006447090254718407
0.0005753946389267701
0.0005029214965245641
0.0004032496195326686
0.00031027502884236236
0.0002077297754427597
0.000130404777156941
5.9514036001247156e-5
2.5225608337163724e-5
0.0002949627010935593
0.0003010336065336804
0.00029827586412933745
0.00029759829005237794
0.00028479216625852693
0.0002668380379386014
0.00023733804635409956
0.00020097026399413002
0.00015945940253734946
0.00011359372274435336
7.389410317041704e-5
3.595234704965842e-5
1.5584271544235474e-5
0.00012667162474808236
0.0001344019647352201
0.0001288948994857421
0.000130430551938062
0.00011928074550161562
0.0001110529992910584
9.29706621632898e-5
7.753946712734405e-5
5.59798319579076e-5
3.943688802504023e-5
1.9879783435055003e-5
9.668265823704113e-6
6.333684665799205e-5
6.692515616124461e-5
6.283892867169755e-5
6.0371450621419284e-5
5.186262713414249e-5
4.429485068741848e-5
3.395691345795406e-5
2.5050391561779405e-5
1.6604640596726745e-5
8.994693202018366e-6
4.484242915136018e-6
4.1607546110184374e-5
4.357817024028001e-5
3.9164235454019684e-5
3.4847832860703106e-5
2.7170242828929073e-5
1.995957983539776e-5
1.3082568783885265e-5
7.91623633193713e-6
3.900684770638794e-6
1.6864070586668494e-6
3.050296522068385e-5
3.192600519553071e-5
2.7014185179190022e-5
2.3156293961602378e-5
1.5538919281369742e-5
1.0478738680064036e-5
5.158041339608953e-6
2.6533348722502562e-6
6.935034841837898e-7
2.1425061452885084e-5
2.1085201454856932e-5
1.8060956149804033e-5
1.3510297520613914e-5
8.788651573852052e-6
4.364150308355302e-6
1.970358070733762e-6
2.775831348571362e-7
1.2936218304625639e-5
1.3160586335268277e-5
1.015795684599632e-5
7.631286281543612e-6
3.908016349252671e-6
1.9513771901053223e-6
2.503801196284913e-7
7.167179100947333e-6
6.661070932694687e-6
5.312639437975204e-6
3.3379935390950566e-6
1.7685018270110826e-6
4.0071971967010295e-7
3.101197953073641e-6
3.0409910909863418e-6
2.1133169295209838e-6
1.393140467938546e-6
4.172539697658355e-7
1.0737796601138354e-6
9.148762251771013e-7
6.940421336090138e-7
3.0333260474770073e-7
1.7569756528658235e-7
1.8342437905892683e-7
8.106179407304989e-8
2.3227471961476755e-8
1.024696566344042e-9
-3.3358198438836523e-10
