1.0
0.9603277797523212
0.9206555589922624
0.823195506259231
0.7332511127849167
0.6097797582802774
0.5033524654297852
0.3851408026954779
0.2906741847580198
0.19974395147219468
0.13380046225566866
0.0787300668869468
0.0441945371540533
0.020348086415120984
0.008704424945539047
0.0026580067780146155
0.0007710240978893576
0.00012961397088296156
7.65853802607979e-5
3.311182707751512e-5
2.2164346517844905e-5
3.931730057709272e-6
1.2771754113511412e-6
0.9603277797523212
0.9356038060580162
0.8861585618099979
0.802091675141639
0.7063642011040004
0.5942722966490313
0.48480484070826474
0.37554068066800955
0.27974259461489875
0.1951045894634701
0.1286580784477896
0.07727995265410707
0.0424373398078742
0.020287127022892742
0.008320498545400344
0.002829633213814547
0.0007191491380568023
0.00021211261839572393
6.349548157244798e-5
4.8238732595550366e-5
1.4000879312316395e-5
6.761755228183943e-6
0.9206555589922624
0.8861585618099979
0.8511311422765705
0.7614499301482195
0.6784360356865735
0.5637891960202287
0.46497659050869566
0.35512396512510525
0.2675818380315925
0.18342448027773214
0.12268278439983027
0.07202056163694079
0.04045939596754285
0.01867625273018928
0.008074683097909907
0.002508343775443679
0.0007563007848252967
0.00013237027406073657
6.771343045558671e-5
2.007283564791915e-5
1.2488157669153061e-5
0.823195506259231
0.802091675141639
0.7614499301482195
0.690860186191779
0.6079405446475452
0.5112150823246593
0.4157169908567472
0.32112988968918144
0.2379136928890846
0.16519496442533232
0.1081579389331365
0.06466906315047592
0.035264513372099134
0.01689429570793599
0.00694319391710605
0.0024114318368704517
0.000611326897386151
0.0001700850150684932
3.0409574721004944e-5
1.841938110670435e-5
0.7332511127849167
0.7063642011040004
0.6784360356865735
0.6079405446475452
0.542125404766629
0.449274237697914
0.36937455619539566
0.2802256284808754
0.20975371053589564
0.1422043520953347
0.09419537957141508
0.05444557444938586
0.030250934768783093
0.013722265745521288
0.00591075251412729
0.0018065589378349594
0.0005423407663743455
7.504361685315014e-5
2.5169857607829752e-5
0.6097797582802774
0.5942722966490313
0.5637891960202287
0.5112150823246593
0.449274237697914
0.3773090744104068
0.30458443134462543
0.23361236551007641
0.17070245895920838
0.11692049019795388
0.07484708957322697
0.04380651897586259
0.023045914533651013
0.010713359926263835
0.0041422866808668865
0.0013822794382244538
0.0002980119141216848
7.168111156095121e-5
0.5033524654297852
0.48480484070826474
0.46497659050869566
0.4157169908567472
0.36937455619539566
0.30458443134462543
0.24888929687522296
0.18616610831138103
0.13727919916457426
0.09062401753470649
0.05843916868046946
0.03221840260583681
0.01709537923627292
0.007083398831399609
0.002813231495901861
0.0006860305985824749
0.0001746628183701943
0.3851408026954779
0.37554068066800955
0.35512396512510525
0.32112988968918144
0.2802256284808754
0.23361236551007641
0.18616610831138103
0.1408414027580569
0.10007586199647082
0.06653816471250494
0.04041222784911111
0.022357293084247304
0.010577757038388782
0.004403642078750332
0.0013007565901929324
0.0003385462265704593
0.2906741847580198
0.27974259461489875
0.2675818380315925
0.2379136928890846
0.20975371053589564
0.17070245895920838
0.13727919916457426
0.10007586199647082
0.07173103131251944
0.044844448391258514
0.02731710970535104
0.013425293882826893
0.006329518794760091
0.0019444509392647462
0.0005878380973061443
0.19974395147219468
0.1951045894634701
0.18342448027773214
0.16519496442533232
0.1422043520953347
0.11692049019795388
0.09062401753470649
0.06653816471250494
0.044844448391258514
0.02819075589454275
0.015278820925019749
0.0074829502365483845
0.0026068254455222594
0.0007944940984353188
0.13380046225566866
0.1286580784477896
0.12268278439983027
0.1081579389331365
0.09419537957141508
0.07484708957322697
0.05843916868046946
0.04041222784911111
0.02731710970535104
0.015278820925019749
0.008325659623970616
0.0030255108160643774
0.00106582460734564
0.0787300668869468
0.07727995265410707
0.07202056163694079
0.06466906315047592
0.05444557444938586
0.04380651897586259
0.03221840260583681
0.022357293084247304
0.013425293882826893
0.0074829502365483845
0.0030255108160643774
0.0011226437740554551
0.0441945371540533
0.0424373398078742
0.04045939596754285
0.035264513372099134
0.030250934768783093
0.023045914533651013
0.01709537923627292
0.010577757038388782
0.006329518794760091
0.0026068254455222594
0.00106582460734564
0.020348086415120984
0.020287127022892742
0.01867625273018928
0.01689429570793599
0.013722265745521288
0.010713359926263835
0.007083398831399609
0.004403642078750332
0.0019444509392647462
0.0007944940984353188
0.008704424945539047
0.008320498545400344
0.008074683097909907
0.00694319391710605
0.00591075251412729
0.0041422866808668865
0.002813231495901861
0.0013007565901929324
0.0005878380973061443
0.0026580067780146155
0.002829633213814547
0.002508343775443679
0.0024114318368704517
0.0018065589378349594
0.0013822794382244538
0.0006860305985824749
0.0003385462265704593
0.0007710240978893576
0.0007191491380568023
0.0007563007848252967
0.000611326897386151
0.0005423407663743455
0.0002980119141216848
0.0001746628183701943
0.00012961397088296156
0.00021211261839572393
0.00013237027406073657
0.0001700850150684932
7.504361685315014e-5
7.168111156095121e-5
7.65853802607979e-5
6.349548157244798e-5
6.771343045558671e-5
3.0409574721004944e-5
2.5169857607829752e-5
3.311182707751512e-5
4.8238732595550366e-5
2.007283564791915e-5
1.841938110670435e-5
2.2164346517844905e-5
1.4000879312316395e-5
1.2488157669153061e-5
3.931730057709272e-6
6.761755228183943e-6
1.2771754113511412e-6
