1.0
0.983605087648113
0.9672101744979847
0.9234224233925232
0.8809829655463114
0.8173882219906135
0.7572842530418064
0.6824909128884313
0.6135698593318017
0.5360743656787558
0.4665621167656795
0.3937304260538514
0.3303358773553009
0.26768069084410845
0.21503952997362166
0.1658359038127878
0.12627456350655997
0.09146798914335005
0.06504075598480938
0.04343057464623439
0.02823712726738374
0.016945388743117868
0.009783226750050123
0.005088467274232606
0.002505014017158873
0.001081013843092177
0.000435372640345392
0.00016287689508060637
7.23375385255784e-5
4.332266781573841e-5
3.2228022109772066e-5
2.0701218834093947e-5
1.2592942918387476e-5
5.787458351670479e-6
2.351116099250226e-6
4.6599805438754235e-7
5.694457304498989e-8
-8.87588094196525e-11
0.983605087648113
0.9722875643275256
0.9520093726664899
0.9127928956526017
0.8675501234008558
0.8079625752681838
0.7459762982175625
0.6745947692119694
0.6045356838684712
0.5298452589270194
0.4597598699692819
0.38914697191358816
0.32557457924611605
0.26458888971309924
0.21200674509787024
0.16397160915393735
0.1245691312725195
0.09049761316288346
0.06423586217182928
0.04301631071697765
0.027952256395066474
0.01681805028293814
0.009732666314722967
0.005071592655022493
0.0025213524953226567
0.0010895162697083854
0.00045303161446108776
0.00017062873923949035
7.908333283700069e-5
4.6806231805469865e-5
3.26046285414703e-5
2.173043569220586e-5
1.177251958845433e-5
5.766673488049248e-6
1.9600021699432123e-6
4.683060549894687e-7
9.367707387227229e-9
0.9672101744979847
0.9520093726664899
0.9366588949393357
0.8945853404231051
0.8536934550282766
0.7921732963994773
0.7339443064548341
0.6614141179325872
0.5945200697085555
0.5193023668428951
0.4518068160296905
0.3811296855857323
0.31961398280172676
0.25887435998393327
0.2078613440984923
0.16023188708611047
0.12195505193466075
0.0883175190119237
0.06279029849565723
0.041940457029619876
0.027291894239626895
0.016408298409141882
0.009499575631781292
0.00496288715589476
0.002459590939555917
0.0010725232951026133
0.00043831098545122845
0.00016580211618488183
7.242060379929394e-5
4.037087394937884e-5
2.809105369209096e-5
1.648787372084972e-5
9.324475825374174e-6
3.827886958276531e-6
1.4800529290694885e-6
2.082155048930081e-7
0.9234224233925232
0.9127928956526017
0.8945853404231051
0.8585113090183915
0.8162593392376961
0.7604744528807591
0.7020864456275551
0.6348616904925953
0.5686807889258663
0.49819366778591634
0.43195905681175767
0.3653259948257205
0.3053280953370228
0.24788084472663333
0.19838685384661653
0.15326689791359804
0.1163058425789965
0.08441084519242592
0.059873586082646084
0.04008932072386042
0.02607146682693649
0.01572434142817374
0.009136553489506176
0.0047929467917218445
0.0024040872459616092
0.0010522821734606372
0.0004421866343072499
0.00016542069446832727
7.092166541747596e-5
3.642904882668719e-5
2.165569565059444e-5
1.266380899268341e-5
5.723444616823609e-6
2.5029026815425294e-6
5.666233828331735e-7
0.8809829655463114
0.8675501234008558
0.8536934550282766
0.8162593392376961
0.779584163034456
0.7236572795371601
0.6705185177579148
0.6040924324570212
0.5427042093465576
0.47365479183550674
0.41164439842879286
0.34679396001797114
0.2903658601336829
0.23478458599859142
0.1881601414947098
0.14476785887411625
0.10995900711506415
0.0794845432112502
0.056412164603168655
0.03764619909283345
0.02449301485949895
0.014753599846077783
0.008573768895630312
0.00451125161007931
0.0022560521261918965
0.0009954414017799226
0.0004098090466897307
0.0001515026440522939
5.900176209779268e-5
2.584019257897837e-5
1.4476460063304734e-5
6.331285131622703e-6
2.955980382767258e-6
5.877811510184168e-7
0.8173882219906135
0.8079625752681838
0.7921732963994773
0.7604744528807591
0.7236572795371601
0.6747053877345871
0.6228248820603247
0.5630794154191991
0.5039156321788845
0.4410088115857362
0.3817491919726077
0.3222898249234163
0.26873560824777787
0.21763327947599914
0.1736755383567597
0.13376458007341194
0.1011740283200194
0.07317903361141816
0.051737990362779936
0.03453633323893504
0.022412972032313204
0.013506335779416805
0.007855772895537731
0.004135127297225937
0.00208450975200755
0.0009164099713853555
0.0003831058656086959
0.0001366837292986751
5.031342505733816e-5
1.9001418658246014e-5
7.872104259698922e-6
3.2814894655009375e-6
5.667422115977513e-7
0.7572842530418064
0.7459762982175625
0.7339443064548341
0.7020864456275551
0.6705185177579148
0.6228248820603247
0.5771917094196889
0.5197470131827068
0.46648140772267316
0.40651465133255577
0.35259308148143087
0.296311127076594
0.2473545760650393
0.19931725779175494
0.159095174489296
0.12186909702013467
0.09210694775615538
0.06623548326998067
0.04673926190015457
0.03101760348832983
0.020062731039250353
0.012030252867786502
0.006957668538509173
0.00365126865490475
0.001819291234535823
0.0007999078863426912
0.0003226842263957104
0.0001122340411339319
3.600016655184548e-5
1.0654668982702601e-5
3.8138896312865053e-6
4.1623771729863587e-7
0.6824909128884313
0.6745947692119694
0.6614141179325872
0.6348616904925953
0.6040924324570212
0.5630794154191991
0.5197470131827068
0.46975407841172695
0.4197875930450132
0.3667635422741779
0.3166227019408987
0.26649149001549044
0.22132113726093727
0.1784231691462002
0.14161414901582856
0.10839914644744583
0.08142003679593905
0.05842207450537024
0.04095073946377815
0.027064145081717648
0.017385220816633556
0.010353932433000536
0.005952066526860551
0.0030874558277689816
0.0015341313727318586
0.0006589982179751409
0.00026709452693547746
8.635928037375478e-5
2.6346336117223814e-5
5.946121012534125e-6
1.0818349248211174e-6
0.6135698593318017
0.6045356838684712
0.5945200697085555
0.5686807889258663
0.5427042093465576
0.5039156321788845
0.46648140772267316
0.4197875930450132
0.3762480138429519
0.3271242263609972
0.28285364153986314
0.2367596772834612
0.1966680254045945
0.15754451487695187
0.12486423272286033
0.09487179981719358
0.0710131853632632
0.050511603988925444
0.03518481413123405
0.023013763497873863
0.014627633847449181
0.008605736875244711
0.004858171838627495
0.002484254620269305
0.0011936090329492414
0.0005047347496372304
0.00018898409602972183
5.931838389002677e-5
1.370707961268406e-5
2.1993473312609464e-6
0.5360743656787558
0.5298452589270194
0.5193023668428951
0.49819366778591634
0.47365479183550674
0.4410088115857362
0.40651465133255577
0.3667635422741779
0.3271242263609972
0.2851109542755713
0.24515059812079318
0.2053610633470011
0.16948723238082222
0.13562639352178452
0.10667794323195773
0.08077935028736333
0.059918190938641896
0.04234081510117266
0.029168354445660166
0.018859403694448395
0.011822291481603108
0.006819311565907128
0.0037843864517680776
0.0018671577325701828
0.0008804856255864915
0.00034554001452342774
0.00012753506114005533
3.1829231890876594e-5
7.652573984955049e-6
0.4665621167656795
0.4597598699692819
0.4518068160296905
0.43195905681175767
0.41164439842879286
0.3817491919726077
0.35259308148143087
0.3166227019408987
0.28285364153986314
0.24515059812079318
0.2110294473715346
0.17559961858787376
0.14476558499149533
0.1149047336933216
0.09003439228427636
0.06748765415646431
0.049682026832371266
0.034655641419143485
0.023561459418321475
0.014975086616398417
0.009175215139763613
0.00517192905730355
0.0027530725622391594
0.0013155062637790638
0.0005688183708415242
0.00021421974196967508
6.138115897049181e-5
1.4575073370274378e-5
0.3937304260538514
0.38914697191358816
0.3811296855857323
0.3653259948257205
0.34679396001797114
0.3222898249234163
0.296311127076594
0.26649149001549044
0.2367596772834612
0.2053610633470011
0.17559961858787376
0.14609119688219285
0.1194582463399346
0.09451213626805723
0.0733050580934309
0.054550680401527246
0.0396372193826565
0.027280886648065175
0.018230001534313735
0.0113149656892578
0.006769735547495756
0.0036547457321161885
0.001882154505296085
0.0008216672750294914
0.00034006192182502106
9.967502680240864e-5
2.79100085021811e-5
0.3303358773553009
0.32557457924611605
0.31961398280172676
0.3053280953370228
0.2903658601336829
0.26873560824777787
0.2473545760650393
0.22132113726093727
0.1966680254045945
0.16948723238082222
0.14476558499149533
0.1194582463399346
0.097400561072051
0.07626022642169603
0.05871841674002969
0.04309970437436155
0.030888959204155818
0.020863256687844972
0.013601438665614213
0.008218952348265064
0.004700138984198506
0.002440822589949536
0.0011444456616161254
0.0004705436101561597
0.00014991608383737725
4.067407738041167e-5
0.26768069084410845
0.26458888971309924
0.25887435998393327
0.24788084472663333
0.23478458599859142
0.21763327947599914
0.19931725779175494
0.1784231691462002
0.15754451487695187
0.13562639352178452
0.1149047336933216
0.09451213626805723
0.07626022642169603
0.05933530414545635
0.045070532579354526
0.03265068393490752
0.02297491885607517
0.01514378041887593
0.009618530342333547
0.0055477996837899075
0.0030534300533228346
0.001441934283108028
0.0006386412150014197
0.0002010940406922561
5.9628817214757845e-5
0.21503952997362166
0.21200674509787024
0.2078613440984923
0.19838685384661653
0.1881601414947098
0.1736755383567597
0.159095174489296
0.14161414901582856
0.12486423272286033
0.10667794323195773
0.09003439228427636
0.0733050580934309
0.05871841674002969
0.045070532579354526
0.033810777501060325
0.024045105691527995
0.016519315490359954
0.010601751682049361
0.006433075315890546
0.0035599244505190105
0.0017780321706982213
0.0007885605989364689
0.0002689843328898938
7.654449064080063e-5
0.1658359038127878
0.16397160915393735
0.16023188708611047
0.15326689791359804
0.14476785887411625
0.13376458007341194
0.12186909702013467
0.10839914644744583
0.09487179981719358
0.08077935028736333
0.06748765415646431
0.054550680401527246
0.04309970437436155
0.03265068393490752
0.024045105691527995
0.01671772691298127
0.011194688880406922
0.006868121783452022
0.0040101336361962866
0.002012002803767774
0.0009445521713961348
0.0003200780683632439
0.0001003789949463952
0.12627456350655997
0.1245691312725195
0.12195505193466075
0.1163058425789965
0.10995900711506415
0.1011740283200194
0.09210694775615538
0.08142003679593905
0.0710131853632632
0.059918190938641896
0.049682026832371266
0.0396372193826565
0.030888959204155818
0.02297491885607517
0.016519315490359954
0.011194688880406922
0.007184076935927418
0.004244711661401385
0.0022564496337204158
0.001062891355940929
0.00038236149577344894
0.00011743984947667972
0.09146798914335005
0.09049761316288346
0.0883175190119237
0.08441084519242592
0.0794845432112502
0.07317903361141816
0.06623548326998067
0.05842207450537024
0.050511603988925444
0.04234081510117266
0.034655641419143485
0.027280886648065175
0.020863256687844972
0.01514378041887593
0.010601751682049361
0.006868121783452022
0.004244711661401385
0.0022885777285019102
0.0011504501250596804
0.00041350045426295686
0.00013582776214717378
0.06504075598480938
0.06423586217182928
0.06279029849565723
0.059873586082646084
0.056412164603168655
0.051737990362779936
0.04673926190015457
0.04095073946377815
0.03518481413123405
0.029168354445660166
0.023561459418321475
0.018230001534313735
0.013601438665614213
0.009618530342333547
0.006433075315890546
0.0040101336361962866
0.0022564496337204158
0.0011504501250596804
0.00045179884047668483
0.0001495293237533972
0.04343057464623439
0.04301631071697765
0.041940457029619876
0.04008932072386042
0.03764619909283345
0.03453633323893504
0.03101760348832983
0.027064145081717648
0.023013763497873863
0.018859403694448395
0.014975086616398417
0.0113149656892578
0.008218952348265064
0.0055477996837899075
0.0035599244505190105
0.002012002803767774
0.001062891355940929
0.00041350045426295686
0.0001495293237533972
0.02823712726738374
0.027952256395066474
0.027291894239626895
0.02607146682693649
0.02449301485949895
0.022412972032313204
0.020062731039250353
0.017385220816633556
0.014627633847449181
0.011822291481603108
0.009175215139763613
0.006769735547495756
0.004700138984198506
0.0030534300533228346
0.0017780321706982213
0.0009445521713961348
0.00038236149577344894
0.00013582776214717378
0.016945388743117868
0.01681805028293814
0.016408298409141882
0.01572434142817374
0.014753599846077783
0.013506335779416805
0.012030252867786502
0.010353932433000536
0.008605736875244711
0.006819311565907128
0.00517192905730355
0.0036547457321161885
0.002440822589949536
0.001441934283108028
0.0007885605989364689
0.0003200780683632439
0.00011743984947667972
0.009783226750050123
0.009732666314722967
0.009499575631781292
0.009136553489506176
0.008573768895630312
0.007855772895537731
0.006957668538509173
0.005952066526860551
0.004858171838627495
0.0037843864517680776
0.0027530725622391594
0.001882154505296085
0.0011444456616161254
0.0006386412150014197
0.0002689843328898938
0.0001003789949463952
0.005088467274232606
0.005071592655022493
0.00496288715589476
0.0047929467917218445
0.00451125161007931
0.004135127297225937
0.00365126865490475
0.0030874558277689816
0.002484254620269305
0.0018671577325701828
0.0013155062637790638
0.0008216672750294914
0.0004705436101561597
0.0002010940406922561
7.654449064080063e-5
0.002505014017158873
0.0025213524953226567
0.002459590939555917
0.0024040872459616092
0.0022560521261918965
0.00208450975200755
0.001819291234535823
0.0015341313727318586
0.0011936090329492414
0.0008804856255864915
0.0005688183708415242
0.00034006192182502106
0.00014991608383737725
5.9628817214757845e-5
0.001081013843092177
0.0010895162697083854
0.0010725232951026133
0.0010522821734606372
0.0009954414017799226
0.0009164099713853555
0.0007999078863426912
0.0006589982179751409
0.0005047347496372304
0.00034554001452342774
0.00021421974196967508
9.967502680240864e-5
4.067407738041167e-5
0.000435372640345392
0.00045303161446108776
0.00043831098545122845
0.0004421866343072499
0.0004098090466897307
0.0003831058656086959
0.0003226842263957104
0.00026709452693547746
0.00018898409602972183
0.00012753506114005533
6.138115897049181e-5
2.79100085021811e-5
0.00016287689508060637
0.00017062873923949035
0.00016580211618488183
0.00016542069446832727
0.0001515026440522939
0.0001366837292986751
0.0001122340411339319
8.635928037375478e-5
5.931838389002677e-5
3.1829231890876594e-5
1.4575073370274378e-5
7.23375385255784e-5
7.908333283700069e-5
7.242060379929394e-5
7.092166541747596e-5
5.900176209779268e-5
5.031342505733816e-5
3.600016655184548e-5
2.6346336117223814e-5
1.370707961268406e-5
7.652573984955049e-6
4.332266781573841e-5
4.6806231805469865e-5
4.037087394937884e-5
3.642904882668719e-5
2.584019257897837e-5
1.9001418658246014e-5
1.0654668982702601e-5
5.946121012534125e-6
2.1993473312609464e-6
3.2228022109772066e-5
3.26046285414703e-5
2.809105369209096e-5
2.165569565059444e-5
1.4476460063304734e-5
7.872104259698922e-6
3.8138896312865053e-6
1.0818349248211174e-6
2.0701218834093947e-5
2.173043569220586e-5
1.648787372084972e-5
1.266380899268341e-5
6.331285131622703e-6
3.2814894655009375e-6
4.1623771729863587e-7
1.2592942918387476e-5
1.177251958845433e-5
9.324475825374174e-6
5.723444616823609e-6
2.955980382767258e-6
5.667422115977513e-7
5.787458351670479e-6
5.766673488049248e-6
3.827886958276531e-6
2.5029026815425294e-6
5.877811510184168e-7
2.351116099250226e-6
1.9600021699432123e-6
1.4800529290694885e-6
5.666233828331735e-7
4.6599805438754235e-7
4.683060549894687e-7
2.082155048930081e-7
5.694457304498989e-8
9.367707387227229e-9
-8.87588094196525e-11
