1.0
0.9809819833941915
0.9619639669439733
0.9116887713093936
0.8632664879342129
0.7913822747788078
0.7242200002497804
0.6415587294125475
0.5666737465644833
0.48361360720624175
0.41082759256143614
0.33590373863812056
0.2726915968246738
0.2116992686466686
0.1625688270949793
0.11818247950234473
0.08451680473467471
0.056342631790315637
0.03667433039387201
0.021748823058932925
0.012492022261394349
0.006303247251816889
0.003061315694384111
0.0012391331410054917
0.0004939153201131774
0.0001644523638148502
7.927210564670538e-5
4.362980842863539e-5
3.384016643588707e-5
1.854379290770483e-5
1.0841949887308484e-5
3.833448946556475e-6
1.2501210379379326e-6
9.147796125704944e-8
7.018095154103759e-9
0.9809819833941915
0.9686941595934635
0.9444452317516869
0.9002918376409678
0.8479539252051214
0.7815201621624954
0.711534511233037
0.6335972873252733
0.5567588889562196
0.47765522321170345
0.403590524935888
0.33183941644135945
0.26784550575511007
0.20925249435287926
0.15966567005087912
0.11694974518414485
0.08300917479395162
0.05588070088231757
0.03602202885091868
0.021674756146420854
0.012270230628236704
0.006353815626741754
0.0030048674983986635
0.0012920118289051013
0.0004814131159492243
0.00019224232314259452
7.480789376503018e-5
5.340599175548198e-5
3.108801654040358e-5
2.1018619832281856e-5
9.011122663126381e-6
4.193851154004603e-6
6.929018828558355e-7
1.3797877771991006e-7
0.9619639669439733
0.9444452317516869
0.9267884025192656
0.878702694832843
0.8322933138541727
0.7630550520900958
0.6983075730671303
0.6184921941732479
0.5461652042454762
0.465912164981303
0.39561036477854256
0.32326621324023125
0.2622880442203419
0.20348910270580303
0.15618554810558563
0.11347747039095353
0.08113366184941191
0.054079559431571306
0.03522701346570111
0.020921587282415968
0.012053738955320626
0.006109382912213517
0.002990602888917253
0.001224906706798682
0.0004967751598485262
0.00016801371386165995
7.9092893288733e-5
3.984193088091641e-5
2.8793913807889886e-5
1.3752736836378077e-5
7.606719106562443e-6
2.103587763581085e-6
7.347250430235712e-7
0.9116887713093936
0.9002918376409678
0.878702694832843
0.8385540302650603
0.7900713625497161
0.7284643407466642
0.6630732631812895
0.590346736173841
0.5183668307622307
0.44442292776638004
0.3750594685180114
0.3080560881570525
0.24826792264917477
0.1937141879200622
0.14756279748992526
0.10795570219098206
0.07650977679612085
0.05148154085612934
0.0331774510738626
0.020005941857598464
0.011362821572297116
0.005927983656738061
0.002828761443274391
0.0012346124328956967
0.0004658260454485931
0.00018422947681769993
6.467954038033623e-5
4.0106677598478065e-5
1.8500755322476794e-5
1.1213732724591043e-5
3.347486817582509e-6
1.5506060875120521e-6
0.8632664879342129
0.8479539252051214
0.8322933138541727
0.7900713625497161
0.7490826933038577
0.6868981603998532
0.6286238521838062
0.5564160780002764
0.49096638707260215
0.4182385650904092
0.3546068493568426
0.2891570052752877
0.23413820805519112
0.1811741128063883
0.13873449711307023
0.10050643024388062
0.07170221260476736
0.04767359021120487
0.0310290164481086
0.018426201023210353
0.010653545962375645
0.005430139625287596
0.0026863238853662656
0.0011124030224904887
0.00045557349824103206
0.00014960351799129647
6.182146827548129e-5
2.3006047344160262e-5
1.3535168134805025e-5
3.806418742617109e-6
1.9491977627633017e-6
0.7913822747788078
0.7815201621624954
0.7630550520900958
0.7284643407466642
0.6868981603998532
0.6338545728882828
0.576668859109049
0.5132018418791887
0.44991346050846504
0.3851613219059977
0.32419855879746745
0.2656221912582013
0.21329782301571457
0.165870684942604
0.12578431757962708
0.09165733241044204
0.064625651557372
0.04331182180786337
0.027772957778539442
0.016712715303505408
0.009467576033580807
0.00495216475589384
0.0023654132444716125
0.0010378255872098472
0.0003864759475326002
0.00014539806586750108
4.0905139043920504e-5
1.9626084660642525e-5
4.913323669339366e-6
2.476495524687792e-6
0.7242200002497804
0.711534511233037
0.6983075730671303
0.6630732631812895
0.6286238521838062
0.576668859109049
0.527788428896196
0.4666068460696402
0.41113731391385155
0.349321238808179
0.2953519215239516
0.23985900276875982
0.19341447173755483
0.14881847753174865
0.11333095369575043
0.08150583354980447
0.057755021824052774
0.038060194309275104
0.024585628633518937
0.014457753420187642
0.008303144162012917
0.004188352047018158
0.0020610178867183676
0.0008406978137069183
0.0003380992122597582
0.00010069326155192928
3.464491452088966e-5
7.460588858374979e-6
3.217197296384349e-6
0.6415587294125475
0.6335972873252733
0.6184921941732479
0.590346736173841
0.5564160780002764
0.5132018418791887
0.4666068460696402
0.41498693340640713
0.3628771988420093
0.309866167434506
0.25966417481508935
0.21180382584764063
0.1689675395943145
0.1305339185272648
0.09809338323795173
0.07083787494793028
0.04934276448369403
0.03268167076195561
0.020620306152138175
0.012226073440618303
0.006778514539738978
0.0034797525765835266
0.0016101514844884047
0.0006881203733388021
0.00023937633865097574
8.251367434575586e-5
1.5825606961561098e-5
5.528719135742134e-6
0.5666737465644833
0.5567588889562196
0.5461652042454762
0.5183668307622307
0.49096638707260215
0.44991346050846504
0.41113731391385155
0.3628771988420093
0.3190717640279945
0.26998303391980855
0.22724660013747275
0.18329733051573044
0.14674461378644216
0.1117683481466761
0.08422980095617727
0.0597040857005528
0.04169057235136044
0.02691210637941819
0.017029205643231456
0.009716951270321749
0.00542097696899961
0.0026085426629428535
0.001230617858658915
0.0004612401268988688
0.0001724234163089537
3.994473498349165e-5
1.098944803398188e-5
0.48361360720624175
0.47765522321170345
0.465912164981303
0.44442292776638004
0.4182385650904092
0.3851613219059977
0.349321238808179
0.309866167434506
0.26998303391980855
0.22967628565274578
0.19114942664383253
0.15480883083256095
0.1221756200256065
0.09332377803460784
0.06901719166793437
0.049010380697224465
0.0333450895564588
0.021545151438927424
0.013113810739609743
0.00749030065304438
0.0039211963144584324
0.00189781185024994
0.0007915367512534192
0.0003071999434162595
8.230173331988627e-5
2.2941307094918853e-5
0.41082759256143614
0.403590524935888
0.39561036477854256
0.3750594685180114
0.3546068493568426
0.32419855879746745
0.2953519215239516
0.25966417481508935
0.22724660013747275
0.19114942664383253
0.15981446097614754
0.12755338832446175
0.10095769641376445
0.07562277731345375
0.05599092580306485
0.038685526678710135
0.026301099646629612
0.016313772782314474
0.009901607157813503
0.005290179505788955
0.002761177690772771
0.00117544553405062
0.0004940714037716113
0.00013844656850185285
4.060772666241772e-5
0.33590373863812056
0.33183941644135945
0.32326621324023125
0.3080560881570525
0.2891570052752877
0.2656221912582013
0.23985900276875982
0.21180382584764063
0.18329733051573044
0.15480883083256095
0.12755338832446175
0.10220063793871229
0.07932060942494337
0.059517505616577975
0.04287488905987168
0.02959734281710246
0.019315767833305412
0.01193180997759466
0.006773089492329928
0.003592181287920819
0.0016539855518963487
0.0006991101257808923
0.0002137273837517916
6.256430339967056e-5
0.2726915968246738
0.26784550575511007
0.2622880442203419
0.24826792264917477
0.23413820805519112
0.21329782301571457
0.19341447173755483
0.1689675395943145
0.14674461378644216
0.1221756200256065
0.10095769641376445
0.07932060942494337
0.06171006604679403
0.04503499665091225
0.032428711782682314
0.02146967207488454
0.013952299966412658
0.008045262315925271
0.004524942825587054
0.0021097959428776365
0.0009616828668517399
0.00029347808942396087
9.147597754336018e-5
0.2116992686466686
0.20925249435287926
0.20348910270580303
0.1937141879200622
0.1811741128063883
0.165870684942604
0.14881847753174865
0.1305339185272648
0.1117683481466761
0.09332377803460784
0.07562277731345375
0.059517505616577975
0.04503499665091225
0.032889704300135124
0.022719322107298295
0.014993136224721756
0.00910191638917774
0.005198403473460018
0.002567175329890074
0.0011791010866427985
0.0003919194158189993
0.0001198943831431449
0.1625688270949793
0.15966567005087912
0.15618554810558563
0.14756279748992526
0.13873449711307023
0.12578431757962708
0.11333095369575043
0.09809338323795173
0.08422980095617727
0.06901719166793437
0.05599092580306485
0.04287488905987168
0.032428711782682314
0.022719322107298295
0.015671468790743943
0.009660780889668324
0.005829225155257355
0.002923186075162613
0.0014237390876476734
0.0004722909328860655
0.00015922065341688745
0.11818247950234473
0.11694974518414485
0.11347747039095353
0.10795570219098206
0.10050643024388062
0.09165733241044204
0.08150583354980447
0.07083787494793028
0.0597040857005528
0.049010380697224465
0.038685526678710135
0.02959734281710246
0.02146967207488454
0.014993136224721756
0.009660780889668324
0.005930118082760149
0.0031483119672693328
0.0015629379933156005
0.0005486209967381347
0.00018149190512840806
0.08451680473467471
0.08300917479395162
0.08113366184941191
0.07650977679612085
0.07170221260476736
0.064625651557372
0.057755021824052774
0.04934276448369403
0.04169057235136044
0.0333450895564588
0.026301099646629612
0.019315767833305412
0.013952299966412658
0.00910191638917774
0.005829225155257355
0.0031483119672693328
0.0016703598347491005
0.000603104640823355
0.00021593948575979885
0.056342631790315637
0.05588070088231757
0.054079559431571306
0.05148154085612934
0.04767359021120487
0.04331182180786337
0.038060194309275104
0.03268167076195561
0.02691210637941819
0.021545151438927424
0.016313772782314474
0.01193180997759466
0.008045262315925271
0.005198403473460018
0.002923186075162613
0.0015629379933156005
0.000603104640823355
0.00022443126979372738
0.03667433039387201
0.03602202885091868
0.03522701346570111
0.0331774510738626
0.0310290164481086
0.027772957778539442
0.024585628633518937
0.020620306152138175
0.017029205643231456
0.013113810739609743
0.009901607157813503
0.006773089492329928
0.004524942825587054
0.002567175329890074
0.0014237390876476734
0.0005486209967381347
0.00021593948575979885
0.021748823058932925
0.021674756146420854
0.020921587282415968
0.020005941857598464
0.018426201023210353
0.016712715303505408
0.014457753420187642
0.012226073440618303
0.009716951270321749
0.00749030065304438
0.005290179505788955
0.003592181287920819
0.0021097959428776365
0.0011791010866427985
0.0004722909328860655
0.00018149190512840806
0.012492022261394349
0.012270230628236704
0.012053738955320626
0.011362821572297116
0.010653545962375645
0.009467576033580807
0.008303144162012917
0.006778514539738978
0.00542097696899961
0.0039211963144584324
0.002761177690772771
0.0016539855518963487
0.0009616828668517399
0.0003919194158189993
0.00015922065341688745
0.006303247251816889
0.006353815626741754
0.006109382912213517
0.005927983656738061
0.005430139625287596
0.00495216475589384
0.004188352047018158
0.0034797525765835266
0.0026085426629428535
0.00189781185024994
0.00117544553405062
0.0006991101257808923
0.00029347808942396087
0.0001198943831431449
0.003061315694384111
0.0030048674983986635
0.002990602888917253
0.002828761443274391
0.0026863238853662656
0.0023654132444716125
0.0020610178867183676
0.0016101514844884047
0.001230617858658915
0.0007915367512534192
0.0004940714037716113
0.0002137273837517916
9.147597754336018e-5
0.0012391331410054917
0.0012920118289051013
0.001224906706798682
0.0012346124328956967
0.0011124030224904887
0.0010378255872098472
0.0008406978137069183
0.0006881203733388021
0.0004612401268988688
0.0003071999434162595
0.00013844656850185285
6.256430339967056e-5
0.0004939153201131774
0.0004814131159492243
0.0004967751598485262
0.0004658260454485931
0.00045557349824103206
0.0003864759475326002
0.0003380992122597582
0.00023937633865097574
0.0001724234163089537
8.230173331988627e-5
4.060772666241772e-5
0.0001644523638148502
0.00019224232314259452
0.00016801371386165995
0.00018422947681769993
0.00014960351799129647
0.00014539806586750108
0.00010069326155192928
8.251367434575586e-5
3.994473498349165e-5
2.2941307094918853e-5
7.927210564670538e-5
7.480789376503018e-5
7.9092893288733e-5
6.467954038033623e-5
6.182146827548129e-5
4.0905139043920504e-5
3.464491452088966e-5
1.5825606961561098e-5
1.098944803398188e-5
4.362980842863539e-5
5.340599175548198e-5
3.984193088091641e-5
4.0106677598478065e-5
2.3006047344160262e-5
1.9626084660642525e-5
7.460588858374979e-6
5.528719135742134e-6
3.384016643588707e-5
3.108801654040358e-5
2.8793913807889886e-5
1.8500755322476794e-5
1.3535168134805025e-5
4.913323669339366e-6
3.217197296384349e-6
1.854379290770483e-5
2.1018619832281856e-5
1.3752736836378077e-5
1.1213732724591043e-5
3.806418742617109e-6
2.476495524687792e-6
1.0841949887308484e-5
9.011122663126381e-6
7.606719106562443e-6
3.347486817582509e-6
1.9491977627633017e-6
3.833448946556475e-6
4.193851154004603e-6
2.103587763581085e-6
1.5506060875120521e-6
1.2501210379379326e-6
6.929018828558355e-7
7.347250430235712e-7
9.147796125704944e-8
1.3797877771991006e-7
7.018095154103759e-9
