1.0
0.9788677744924549
0.9577355479697689
0.9023197987614421
0.8491953369807007
0.7709506464071626
0.6984803050802043
0.6101273936838802
0.5311265047219382
0.44454292304421866
0.370058276852755
0.294569173145248
0.23250548854660094
0.17387316848189502
0.12835254162679646
0.0884457464829188
0.05978130601646085
0.036845419646465
0.02210808719049744
0.01167630051057973
0.005952555913480503
0.0025258205043939956
0.0010456202745771463
0.0003357357777122851
0.00013704360464622645
5.982835065853501e-5
4.920001563445438e-5
2.9365899463608708e-5
1.8563783212942958e-5
7.8439544863763e-6
2.9282028475554906e-6
2.885873179367266e-7
2.441124749348695e-10
0.9788677744924549
0.9651510108300301
0.9383878980623354
0.8896998470541567
0.8324800802835941
0.7601977444141033
0.6848736432385257
0.6016502385235657
0.5207590614213359
0.4384182327988885
0.36276181873954005
0.29060818671519173
0.22787070535483367
0.1716783669228227
0.1257769924370506
0.08748392186998766
0.05857781394186326
0.03658053171670602
0.021662350394389306
0.011694315595904373
0.005831312512223978
0.0025948480256624963
0.0010224686225923216
0.00037942856112052224
0.00013264418908884808
7.671428433768084e-5
4.615469371242683e-5
3.3121133479269924e-5
1.62877606066659e-5
8.149820130295002e-6
2.135422689277174e-6
3.2767126000237316e-7
0.9577355479697689
0.9383878980623354
0.9188782416271136
0.8660877562522422
0.8153732296030904
0.7402841236076058
0.6706756758815725
0.5856787238723494
0.5096701929639624
0.42634263930993754
0.3547033865139717
0.28213357170938574
0.22254562770689817
0.1662966773729373
0.12269624795609814
0.08450107159755674
0.057117213680567325
0.035218892019587056
0.021175963778364393
0.011219882941581683
0.005755299524709469
0.002465352404095734
0.0010367774220535167
0.00034041303001076186
0.00013949421135127303
5.696615998683962e-5
4.2886312557967425e-5
2.2638755543121877e-5
1.3437457962048978e-5
4.70102474133869e-6
1.5427817006413231e-6
0.9023197987614421
0.8896998470541567
0.8660877562522422
0.8221804589328896
0.7695462468111244
0.7030003095017985
0.633097368251225
0.5559944476554224
0.4807555063202613
0.40437495272235774
0.33407282794375226
0.2672651726706873
0.20916453103790897
0.15734436458543902
0.11504275652876032
0.07991556024150814
0.05343005221906755
0.033377719511939595
0.019786272683927273
0.010738552295443479
0.005390133519312389
0.002431110028112705
0.0009711286584788182
0.0003644282485654016
0.0001211073947936909
6.0816565224525965e-5
2.9246192226623874e-5
1.8636281480570266e-5
6.623298124634401e-6
2.63711294074329e-6
0.8491953369807007
0.8324800802835941
0.8153732296030904
0.7695462468111244
0.7252574116874878
0.6585117341505641
0.5965229729627811
0.5204240238210394
0.4523902985575615
0.3777109415088758
0.3136385610320594
0.24878750082467557
0.19573940941599313
0.14577154596071404
0.10724627582193552
0.07359312000763979
0.049630496404977395
0.03052343260476061
0.01836444523592678
0.009749331830494444
0.005039861141315815
0.0021788065187835796
0.0009284448442292787
0.00030375342122078723
0.00011603248481866701
3.623858545778982e-5
2.2232303925905103e-5
7.277657783289879e-6
3.2654176307821662e-6
0.7709506464071626
0.7601977444141033
0.7402841236076058
0.7030003095017985
0.6585117341505641
0.6020383288295207
0.5417322082349375
0.47540411511113295
0.41017917708884966
0.3442972210138294
0.2834545767288261
0.22601732075485206
0.1760441037304232
0.1318419758812332
0.09582863130375224
0.06622255383982216
0.04398125903833531
0.027341981081014266
0.016112335932241994
0.008732541218807335
0.00436828053750384
0.0019783079877237052
0.0007838492647336945
0.00028820718251179096
8.348531187494317e-5
3.30664617272214e-5
9.269705569679902e-6
4.269951615668363e-6
0.6984803050802043
0.6848736432385257
0.6706756758815725
0.633097368251225
0.5965229729627811
0.5417322082349375
0.490663675698814
0.4273074767544983
0.3707015835688426
0.30839317995586707
0.25511982070660405
0.20124600084154662
0.15745705466310947
0.11635421750351782
0.08497579006674601
0.057719053931708286
0.03857414737309807
0.023421397571365327
0.013952581741281897
0.007297187382902735
0.003734412828498243
0.0015824852249822132
0.0006651050134489245
0.00020355768663475317
6.881390649582722e-5
1.3062330680446773e-5
5.749123513379352e-6
0.6101273936838802
0.6016502385235657
0.5856787238723494
0.5559944476554224
0.5204240238210394
0.47540411511113295
0.4273074767544983
0.37455195290874244
0.3220109030764745
0.26931900679668486
0.22038496546591776
0.1746417813123075
0.13480663829807868
0.10003010569640179
0.07179149003879721
0.04897664881548539
0.03196429521555542
0.01952316291804969
0.01122549080354899
0.00594266927820658
0.0028637779737978094
0.0012553288461410424
0.00046336603385621096
0.00015907996793652963
3.4264128730671904e-5
1.0028983286791797e-5
0.5311265047219382
0.5207590614213359
0.5096701929639624
0.4807555063202613
0.4523902985575615
0.41017917708884966
0.3707015835688426
0.3220109030764745
0.27850266437714083
0.23034467869316105
0.1893652046905716
0.1479480669012088
0.11460335404256317
0.08346062519504646
0.060059323365315706
0.03992256648613256
0.026118984911608373
0.01534666067553691
0.00885884446118437
0.0043974620926527045
0.0021444869175653346
0.0008272971582238785
0.0003208641150639603
7.618432548736273e-5
2.1323191544103653e-5
0.44454292304421866
0.4384182327988885
0.42634263930993754
0.40437495272235774
0.3777109415088758
0.3442972210138294
0.30839317995586707
0.26931900679668486
0.23034467869316105
0.19159050153003682
0.15527180302756194
0.12178732492146473
0.09257817718156722
0.06757638316172425
0.04737990897074314
0.03151519736244274
0.019839130697219102
0.011646140354276174
0.006311025753485236
0.0031332538995303963
0.0013521446043375449
0.0005309468660723919
0.00014975214749962985
4.105031500532021e-5
0.370058276852755
0.36276181873954005
0.3547033865139717
0.33407282794375226
0.3136385610320594
0.2834545767288261
0.25511982070660405
0.22038496546591776
0.1893652046905716
0.15527180302756194
0.12642529843773406
0.09726900281288312
0.07412166079661667
0.05265582002302094
0.03692547575969866
0.02358146805447335
0.014809188785840522
0.00812809723279341
0.004387708521499779
0.0019189138270283876
0.0008278343536089467
0.00023466303861946047
7.08794936426431e-5
0.294569173145248
0.29060818671519173
0.28213357170938574
0.2672651726706873
0.24878750082467557
0.22601732075485206
0.20124600084154662
0.1746417813123075
0.1479480669012088
0.12178732492146473
0.09726900281288312
0.07509549339136831
0.05569572404004586
0.039579748673669236
0.02665845972456843
0.016963950153872736
0.009974619338201665
0.005422533718388748
0.002585148863174197
0.0011164052368405693
0.0003520302966652643
0.00010119015660792425
0.23250548854660094
0.22787070535483367
0.22254562770689817
0.20916453103790897
0.19573940941599313
0.1760441037304232
0.15745705466310947
0.13480663829807868
0.11460335404256317
0.09257817718156722
0.07412166079661667
0.05569572404004586
0.04137858989933433
0.028227228530028122
0.018971755825911516
0.011282734617113096
0.006588591368929622
0.0031456779659648046
0.0014847234675796285
0.00046516287841885824
0.00014932581611394217
0.17387316848189502
0.1716783669228227
0.1662966773729373
0.15734436458543902
0.14577154596071404
0.1318419758812332
0.11635421750351782
0.10003010569640179
0.08346062519504646
0.06757638316172425
0.05265582002302094
0.039579748673669236
0.028227228530028122
0.01923372069008692
0.01209429841541908
0.00713830195913807
0.003674565180112771
0.0017222235869448282
0.000593022784908335
0.00018355645164856317
0.12835254162679646
0.1257769924370506
0.12269624795609814
0.11504275652876032
0.10724627582193552
0.09582863130375224
0.08497579006674601
0.07179149003879721
0.060059323365315706
0.04737990897074314
0.03692547575969866
0.02665845972456843
0.018971755825911516
0.01209429841541908
0.0075877241037296496
0.003947017736366837
0.0020183577942262157
0.0006821192272756306
0.00023961490837982243
0.0884457464829188
0.08748392186998766
0.08450107159755674
0.07991556024150814
0.07359312000763979
0.06622255383982216
0.057719053931708286
0.04897664881548539
0.03992256648613256
0.03151519736244274
0.02358146805447335
0.016963950153872736
0.011282734617113096
0.00713830195913807
0.003947017736366837
0.002039950787616609
0.0007633991272579881
0.0002544757609669497
0.05978130601646085
0.05857781394186326
0.057117213680567325
0.05343005221906755
0.049630496404977395
0.04398125903833531
0.03857414737309807
0.03196429521555542
0.026118984911608373
0.019839130697219102
0.014809188785840522
0.009974619338201665
0.006588591368929622
0.003674565180112771
0.0020183577942262157
0.0007633991272579881
0.0002999073917310318
0.036845419646465
0.03658053171670602
0.035218892019587056
0.033377719511939595
0.03052343260476061
0.027341981081014266
0.023421397571365327
0.01952316291804969
0.01534666067553691
0.011646140354276174
0.00812809723279341
0.005422533718388748
0.0031456779659648046
0.0017222235869448282
0.0006821192272756306
0.0002544757609669497
0.02210808719049744
0.021662350394389306
0.021175963778364393
0.019786272683927273
0.01836444523592678
0.016112335932241994
0.013952581741281897
0.01122549080354899
0.00885884446118437
0.006311025753485236
0.004387708521499779
0.002585148863174197
0.0014847234675796285
0.000593022784908335
0.00023961490837982243
0.01167630051057973
0.011694315595904373
0.011219882941581683
0.010738552295443479
0.009749331830494444
0.008732541218807335
0.007297187382902735
0.00594266927820658
0.0043974620926527045
0.0031332538995303963
0.0019189138270283876
0.0011164052368405693
0.00046516287841885824
0.00018355645164856317
0.005952555913480503
0.005831312512223978
0.005755299524709469
0.005390133519312389
0.005039861141315815
0.00436828053750384
0.003734412828498243
0.0028637779737978094
0.0021444869175653346
0.0013521446043375449
0.0008278343536089467
0.0003520302966652643
0.00014932581611394217
0.0025258205043939956
0.0025948480256624963
0.002465352404095734
0.002431110028112705
0.0021788065187835796
0.0019783079877237052
0.0015824852249822132
0.0012553288461410424
0.0008272971582238785
0.0005309468660723919
0.00023466303861946047
0.00010119015660792425
0.0010456202745771463
0.0010224686225923216
0.0010367774220535167
0.0009711286584788182
0.0009284448442292787
0.0007838492647336945
0.0006651050134489245
0.00046336603385621096
0.0003208641150639603
0.00014975214749962985
7.08794936426431e-5
0.0003357357777122851
0.00037942856112052224
0.00034041303001076186
0.0003644282485654016
0.00030375342122078723
0.00028820718251179096
0.00020355768663475317
0.00015907996793652963
7.618432548736273e-5
4.105031500532021e-5
0.00013704360464622645
0.00013264418908884808
0.00013949421135127303
0.0001211073947936909
0.00011603248481866701
8.348531187494317e-5
6.881390649582722e-5
3.4264128730671904e-5
2.1323191544103653e-5
5.982835065853501e-5
7.671428433768084e-5
5.696615998683962e-5
6.0816565224525965e-5
3.623858545778982e-5
3.30664617272214e-5
1.3062330680446773e-5
1.0028983286791797e-5
4.920001563445438e-5
4.615469371242683e-5
4.2886312557967425e-5
2.9246192226623874e-5
2.2232303925905103e-5
9.269705569679902e-6
5.749123513379352e-6
2.9365899463608708e-5
3.3121133479269924e-5
2.2638755543121877e-5
1.8636281480570266e-5
7.277657783289879e-6
4.269951615668363e-6
1.8563783212942958e-5
1.62877606066659e-5
1.3437457962048978e-5
6.623298124634401e-6
3.2654176307821662e-6
7.8439544863763e-6
8.149820130295002e-6
4.70102474133869e-6
2.63711294074329e-6
2.9282028475554906e-6
2.135422689277174e-6
1.5427817006413231e-6
2.885873179367266e-7
3.2767126000237316e-7
2.441124749348695e-10
