1.0
0.9113740204792519
0.8227480403154417
0.6363149653562513
0.48014061039068595
0.3052549093102379
0.18235291112631513
0.08457737936773971
0.03240991248549423
0.007748602634097455
0.000907271014147243
2.9058887957563268e-5
6.0235071027715646e-5
-5.865546074932083e-10
0.9113740204792519
0.8545872909537716
0.7561248190684496
0.5960174218436451
0.44291354151266094
0.2856128854796021
0.16898091639659657
0.07940142985549214
0.030836396894268835
0.007372054578989362
0.0011051868529304539
0.0001414192424620732
1.5341865779897143e-5
0.8227480403154417
0.7561248190684496
0.6847436129399215
0.5293702316783611
0.3974508362198619
0.2510882045585283
0.14827429385707633
0.0681309057289236
0.025874134266852714
0.006213114459206082
0.0007313703510076374
6.675672420929615e-6
0.6363149653562513
0.5960174218436451
0.5293702316783611
0.4171127224808221
0.3063432143941428
0.1937427721616016
0.11168110092991063
0.05004362480077366
0.01858739561861455
0.0040416501823630074
0.0005868543296849784
0.48014061039068595
0.44291354151266094
0.3974508362198619
0.3063432143941428
0.22547302007410758
0.1380324542332945
0.0764424889732631
0.0324389974659631
0.010166013322484301
0.0020099587068733334
0.3052549093102379
0.2856128854796021
0.2510882045585283
0.1937427721616016
0.1380324542332945
0.08186489914532248
0.042964729797033155
0.015198283651005062
0.004274808559055651
0.18235291112631513
0.16898091639659657
0.14827429385707633
0.11168110092991063
0.0764424889732631
0.042964729797033155
0.019173410530842504
0.006083723004915255
0.08457737936773971
0.07940142985549214
0.0681309057289236
0.05004362480077366
0.0324389974659631
0.015198283651005062
0.006083723004915255
0.03240991248549423
0.030836396894268835
0.025874134266852714
0.01858739561861455
0.010166013322484301
0.004274808559055651
0.007748602634097455
0.007372054578989362
0.006213114459206082
0.0040416501823630074
0.0020099587068733334
0.000907271014147243
0.0011051868529304539
0.0007313703510076374
0.0005868543296849784
2.9058887957563268e-5
0.0001414192424620732
6.675672420929615e-6
6.0235071027715646e-5
1.5341865779897143e-5
-5.865546074932083e-10
