1.0
0.9698869631824266
0.9397739248878971
0.8633786700688054
0.791443243497137
0.6891472314878649
0.59752156575181
0.4907714640280105
0.4000966956538055
0.30658352715603493
0.23193555459443493
0.16247142260347047
0.11134644582962953
0.06880855802186267
0.041001795490510015
0.021052414812261243
0.010251303444235098
0.003954822529608222
0.001445417466411463
0.00036273793536247033
0.0001242548478927917
4.884843817801804e-5
3.987692534425112e-5
1.643632294806459e-5
8.422161629117215e-6
1.035376329721851e-6
3.28793864537052e-7
0.9698869631824266
0.9507975412673941
0.9129026787264303
0.8464363999116515
0.7693692309638791
0.6756927415708435
0.5809206127378723
0.48128048902063536
0.38885328905364536
0.30081488850830573
0.22531128258734706
0.15965454448551433
0.10812377904029022
0.06786198907849458
0.039789869147959435
0.020963346851720164
0.009929156926474577
0.004062697057563032
0.0013860541028149296
0.00043242217126072523
0.00011063740514320278
7.124376575843033e-5
3.250764118302534e-5
2.0404853635105876e-5
4.947406572703664e-6
1.7822719777346403e-6
0.9397739248878971
0.9129026787264303
0.8857094529083811
0.8141534483312587
0.7465899443691445
0.6499633572869752
0.5633577207559789
0.46231640322616024
0.37656041090195036
0.28816021168165956
0.21775366682575717
0.1523112453832073
0.10429749034361166
0.06438542209963748
0.03839894966554447
0.019759236468011677
0.009686534456430038
0.003776088455678758
0.0014105670892836724
0.0003661372061314603
0.0001264188403253199
4.261837907262052e-5
3.04003165408014e-5
9.008043663336866e-6
4.632310844859785e-6
0.8633786700688054
0.8464363999116515
0.8141534483312587
0.7562695271742345
0.6874103063650597
0.6038006403566128
0.5183917957640771
0.42896049837875005
0.34566488246022126
0.26679215804952244
0.19910200629528804
0.14068117219833776
0.09488078576144411
0.059415171290505386
0.03473637812099905
0.018348968041889593
0.00872650467147205
0.00362540564693818
0.001253854937763451
0.0003973477037800827
9.100697776394526e-5
4.64330482207808e-5
1.2554792748205299e-5
7.337636306651033e-6
0.791443243497137
0.7693692309638791
0.7465899443691445
0.6874103063650597
0.6310955470325497
0.5489507840950093
0.47525208699566807
0.3888653998860567
0.31575759671705356
0.24042723789386503
0.18082268301062157
0.12561030069391654
0.08551466482693075
0.05235927923263457
0.031072322254200473
0.01589018245805265
0.007808014679462126
0.0030490418709882856
0.001154291065871607
0.0002929550649760011
8.960788388905362e-5
1.7068703870743056e-5
9.14068480912379e-6
0.6891472314878649
0.6756927415708435
0.6499633572869752
0.6038006403566128
0.5489507840950093
0.48229660112554296
0.4128179707194219
0.34061870234884584
0.27282314984276024
0.20934250770088683
0.15476591012810553
0.10838099226973373
0.07213548293898742
0.04463985598305671
0.025639852928638036
0.013374303115096313
0.006223225416272254
0.00255849772235207
0.0008539925164010607
0.0002601653514581572
4.321731968105923e-5
1.5480808869922936e-5
0.59752156575181
0.5809206127378723
0.5633577207559789
0.5183917957640771
0.47525208699566807
0.4128179707194219
0.356661218366645
0.2901594041064424
0.23415261764519488
0.17642661449785982
0.13126037650230474
0.08966518552654934
0.060050240623887176
0.03584186700331202
0.020763596012122024
0.010206402397919671
0.00484833154464006
0.0017666496229259334
0.000636371090877214
0.00013284781038078733
3.375046004740709e-5
0.4907714640280105
0.48128048902063536
0.46231640322616024
0.42896049837875005
0.3888653998860567
0.34061870234884584
0.2901594041064424
0.23822130372108866
0.18873112016733842
0.14318595301314255
0.10388522480730315
0.07133569649260722
0.046052167556154586
0.02761264879928904
0.015064938497820531
0.007458957250580037
0.003154181731948585
0.0011854298000889515
0.000313400731700624
7.897823699671654e-5
0.4000966956538055
0.38885328905364536
0.37656041090195036
0.34566488246022126
0.31575759671705356
0.27282314984276024
0.23415261764519488
0.18873112016733842
0.15069600764335095
0.11140880325047063
0.08122089170837987
0.05365694002470591
0.03470669139349499
0.019530877320994646
0.010651682886543492
0.004674486497082199
0.001987009481779605
0.0005447606313143205
0.00015578280642610851
0.30658352715603493
0.30081488850830573
0.28816021168165956
0.26679215804952244
0.24042723789386503
0.20934250770088683
0.17642661449785982
0.14318595301314255
0.11140880325047063
0.08289897699246515
0.05814049409525417
0.038497357811594114
0.023373294963269887
0.01311308364477718
0.006334297325251565
0.0027616802200735586
0.0008653306681824546
0.00024157009073962665
0.23193555459443493
0.22531128258734706
0.21775366682575717
0.19910200629528804
0.18082268301062157
0.15476591012810553
0.13126037650230474
0.10388522480730315
0.08122089170837987
0.05814049409525417
0.04093987992897602
0.025422511232017612
0.015416553440665937
0.007646279437212212
0.0036615995920111894
0.0011686136670544802
0.00037194190266995797
0.16247142260347047
0.15965454448551433
0.1523112453832073
0.14068117219833776
0.12561030069391654
0.10838099226973373
0.08966518552654934
0.07133569649260722
0.05365694002470591
0.038497357811594114
0.025422511232017612
0.015800162671421435
0.008484101919312169
0.004179268788881714
0.0014625936292413163
0.00046339306309163363
0.11134644582962953
0.10812377904029022
0.10429749034361166
0.09488078576144411
0.08551466482693075
0.07213548293898742
0.060050240623887176
0.046052167556154586
0.03470669139349499
0.023373294963269887
0.015416553440665937
0.008484101919312169
0.004568478766845443
0.0016547450898617138
0.0005883523092306416
0.06880855802186267
0.06786198907849458
0.06438542209963748
0.059415171290505386
0.05235927923263457
0.04463985598305671
0.03584186700331202
0.02761264879928904
0.019530877320994646
0.01311308364477718
0.007646279437212212
0.004179268788881714
0.0016547450898617138
0.0006142419484846558
0.041001795490510015
0.039789869147959435
0.03839894966554447
0.03473637812099905
0.031072322254200473
0.025639852928638036
0.020763596012122024
0.015064938497820531
0.010651682886543492
0.006334297325251565
0.0036615995920111894
0.0014625936292413163
0.0005883523092306416
0.021052414812261243
0.020963346851720164
0.019759236468011677
0.018348968041889593
0.01589018245805265
0.013374303115096313
0.010206402397919671
0.007458957250580037
0.004674486497082199
0.0027616802200735586
0.0011686136670544802
0.00046339306309163363
0.010251303444235098
0.009929156926474577
0.009686534456430038
0.00872650467147205
0.007808014679462126
0.006223225416272254
0.00484833154464006
0.003154181731948585
0.001987009481779605
0.0008653306681824546
0.00037194190266995797
0.003954822529608222
0.004062697057563032
0.003776088455678758
0.00362540564693818
0.0030490418709882856
0.00255849772235207
0.0017666496229259334
0.0011854298000889515
0.0005447606313143205
0.00024157009073962665
0.001445417466411463
0.0013860541028149296
0.0014105670892836724
0.001253854937763451
0.001154291065871607
0.0008539925164010607
0.000636371090877214
0.000313400731700624
0.00015578280642610851
0.00036273793536247033
0.00043242217126072523
0.0003661372061314603
0.0003973477037800827
0.0002929550649760011
0.0002601653514581572
0.00013284781038078733
7.897823699671654e-5
0.0001242548478927917
0.00011063740514320278
0.0001264188403253199
9.100697776394526e-5
8.960788388905362e-5
4.321731968105923e-5
3.375046004740709e-5
4.884843817801804e-5
7.124376575843033e-5
4.261837907262052e-5
4.64330482207808e-5
1.7068703870743056e-5
1.5480808869922936e-5
3.987692534425112e-5
3.250764118302534e-5
3.04003165408014e-5
1.2554792748205299e-5
9.14068480912379e-6
1.643632294806459e-5
2.0404853635105876e-5
9.008043663336866e-6
7.337636306651033e-6
8.422161629117215e-6
4.947406572703664e-6
4.632310844859785e-6
1.035376329721851e-6
1.7822719777346403e-6
3.28793864537052e-7
