1.0
0.9347058060849407
0.8694116096227801
0.7211072497769775
0.5920554388044914
0.4302213809868111
0.3062744345403686
0.18583456335493195
0.10788484122389053
0.04821678974543307
0.019547316340916433
0.004799152925650264
0.0010303723181861297
7.675030082582868e-5
8.267929259332125e-5
2.3005143447503676e-5
6.10654908881965e-6
0.9347058060849407
0.895167062349937
0.8162605482255494
0.6908104013799691
0.556049972197089
0.41252185682509057
0.28698209854088147
0.1789222755501398
0.10070498263325092
0.04720669360732575
0.018068462890166975
0.005147625051163251
0.0009040341699413601
0.00022925060517369074
6.742170314965888e-5
3.888977205214987e-5
0.8694116096227801
0.8162605482255494
0.7618879460757818
0.6317747657258079
0.5183385732402516
0.37523390643781035
0.2662398000055711
0.16048935344373647
0.09288043432758104
0.04127112162306768
0.016936438016706953
0.004225558943747427
0.0009826843719708902
8.281488112292162e-5
5.5960149407406226e-5
0.7211072497769775
0.6908104013799691
0.6317747657258079
0.5362732450809168
0.42923856525031756
0.3168636871221644
0.2175311866387477
0.13405845161039578
0.07383994516188301
0.034143740637593616
0.012729822114489857
0.0036954130797142784
0.0005972736182688462
0.00012472603984518986
0.5920554388044914
0.556049972197089
0.5183385732402516
0.42923856525031756
0.3511775993521174
0.25038644521462877
0.1749564103679851
0.10202336337443141
0.0573716514554822
0.023875666114878957
0.009384929745575032
0.0020288555077489067
0.0004584767300685895
0.4302213809868111
0.41252185682509057
0.37523390643781035
0.3168636871221644
0.25038644521462877
0.18227738668529994
0.12048878925240325
0.071279007479401
0.03617907172950691
0.015289593828251903
0.004563668367347571
0.00108481174804652
0.3062744345403686
0.28698209854088147
0.2662398000055711
0.2175311866387477
0.1749564103679851
0.12048878925240325
0.08105480712356607
0.043054002912353034
0.02207745469512868
0.006977455178512016
0.002155995029643463
0.18583456335493195
0.1789222755501398
0.16048935344373647
0.13405845161039578
0.10202336337443141
0.071279007479401
0.043054002912353034
0.02309033600672736
0.009025029323535065
0.0027978703500172067
0.10788484122389053
0.10070498263325092
0.09288043432758104
0.07383994516188301
0.0573716514554822
0.03617907172950691
0.02207745469512868
0.009025029323535065
0.003668256542884084
0.04821678974543307
0.04720669360732575
0.04127112162306768
0.034143740637593616
0.023875666114878957
0.015289593828251903
0.006977455178512016
0.0027978703500172067
0.019547316340916433
0.018068462890166975
0.016936438016706953
0.012729822114489857
0.009384929745575032
0.004563668367347571
0.002155995029643463
0.004799152925650264
0.005147625051163251
0.004225558943747427
0.0036954130797142784
0.0020288555077489067
0.00108481174804652
0.0010303723181861297
0.0009040341699413601
0.0009826843719708902
0.0005972736182688462
0.0004584767300685895
7.675030082582868e-5
0.00022925060517369074
8.281488112292162e-5
0.00012472603984518986
8.267929259332125e-5
6.742170314965888e-5
5.5960149407406226e-5
2.3005143447503676e-5
3.888977205214987e-5
6.10654908881965e-6
