1.0
0.9893201446589963
0.9786402892735426
0.9493718674208602
0.9206922480759917
0.8765999590942962
0.8340864048411396
0.7795362865109868
0.7277663495889557
0.6673304750481057
0.610903916575409
0.5489824088499745
0.4921598413200228
0.4326455295083656
0.3790508749667551
0.32507878991996375
0.27749486945350244
0.23128809189474064
0.1915472925731424
0.1543501757401918
0.12330029279133728
0.09537912385998325
0.07292216902432613
0.05364554198296541
0.03885682622994114
0.026858053633827924
0.018195168101052345
0.011633196264656202
0.007245980648046179
0.004199798537306636
0.0023559521617278548
0.0012107940938149576
0.0006001393505967864
0.00027512943340584245
0.00012989275654859943
6.804943439054498e-5
4.3176358463685053e-5
3.170281104700351e-5
2.322398148186845e-5
1.549507423987762e-5
9.688458289801905e-6
5.162005042157397e-6
2.4005094917505783e-6
8.267956304273337e-7
1.7605440638594335e-7
4.456691528410684e-9
-2.5934628252050477e-9
-1.5838850638733917e-11
0.9893201446589963
0.9819949554962905
0.9685470097935097
0.9423442921204285
0.9114476880188658
0.8701105358788728
0.8258795524943214
0.7737607048222304
0.720711586886267
0.6623783540142123
0.6050450459971572
0.5449007897205362
0.4874774620146971
0.4294279973027197
0.3754734414645781
0.32267304296395427
0.2749078602189631
0.22960294843067605
0.18980009370678055
0.15326115537080862
0.12221750962992424
0.09474321734897734
0.072322703217124
0.053320585923244124
0.03857446726805644
0.026720886291993658
0.01809498190691184
0.011592811532021663
0.007229681342878768
0.00419783189063277
0.002366288962376309
0.0012176686114146512
0.0006119897743951703
0.00028065739886953134
0.00013660350449025811
7.115121113541557e-5
4.5577117232051805e-5
3.302932558261988e-5
2.3416145859287756e-5
1.58272182352431e-5
9.36874872980203e-6
5.091040640837557e-6
2.175940085066801e-6
7.698493675575637e-7
1.2514793088919824e-7
1.2946603388091206e-8
-4.281417905877747e-9
0.9786402892735426
0.9685470097935097
0.9583899273950335
0.9299396980321281
0.902010705826182
0.858917210087711
0.8173251016735538
0.7638949092504214
0.713155618216127
0.6539004847932247
0.5985533789202775
0.5378157015020208
0.48206786315316136
0.4236931405656365
0.37112386880445
0.3182071557791706
0.2715613405338058
0.2262897754574642
0.1873625871658044
0.15094747851034154
0.12055836572201001
0.09324688426367042
0.07128664598275151
0.05244741048635447
0.03799827594501898
0.026280829273476646
0.017821384469923773
0.01141031284640528
0.0071210865195248324
0.004139172860045048
0.0023310091638664323
0.0012046077429275382
0.0006014275106129765
0.0002779585766737472
0.00013187291500889016
6.81510948423416e-5
4.185499302790225e-5
2.9396692526557507e-5
2.072223249434556e-5
1.3187339325679557e-5
7.934451756032404e-6
3.968287461690518e-6
1.7627276982184216e-6
5.416327603687726e-7
9.667663823133972e-8
-1.5804126282114416e-9
0.9493718674208602
0.9423442921204285
0.9299396980321281
0.9052684755332471
0.8758400276110607
0.8363670036393971
0.7939246973256591
0.7438990630775411
0.6928448669405501
0.6367233438252513
0.5814767069045418
0.5235560169943301
0.4682069980862724
0.4123000790031314
0.36032074169114525
0.3095048888081844
0.26354165530241414
0.21999488982724083
0.18175383226934883
0.14668811928675504
0.11691541959692497
0.09059513818957918
0.06913441210285567
0.05096601608407547
0.03688054174163757
0.025568420052158463
0.017339122985419515
0.01113503983181103
0.006966047377854125
0.004063302150412122
0.002303935570224467
0.001195102162696082
0.0006055705982391313
0.00027963974938312205
0.00013468261547722505
6.71755701443e-5
3.968559001989823e-5
2.6548203294791866e-5
1.7286201095845596e-5
1.0874533109539872e-5
5.849193149251839e-6
2.9288929668671683e-6
1.0802181391492753e-6
3.2182159829563497e-7
2.572600479722674e-8
0.9206922480759917
0.9114476880188658
0.902010705826182
0.8758400276110607
0.8500132092894144
0.8096845057217102
0.770655850184329
0.7203252586020774
0.6724519942365765
0.6164692538423007
0.5641280277392894
0.5066786214599489
0.45392475279947847
0.39871443728907113
0.34899711406773226
0.2990045738193883
0.254957202406766
0.21226933589108432
0.17559246963045283
0.14133998921129182
0.11278326187924301
0.08716652443268247
0.06659166130730679
0.04897732348420622
0.03548328008952413
0.02455957783554716
0.01667856017542451
0.01070817220209842
0.006708965592472096
0.003921436485454092
0.002223786912127472
0.00115954825821411
0.0005841672363181211
0.00027091041319989056
0.0001261953688418447
6.076594186771384e-5
3.3123297733643574e-5
2.028286333480459e-5
1.2640315437988629e-5
6.893728388405222e-6
3.681950805914428e-6
1.4583925581473748e-6
5.432306589351208e-7
9.615961438293749e-8
0.8765999590942962
0.8701105358788728
0.858917210087711
0.8363670036393971
0.8096845057217102
0.7736627337447453
0.7345452245487037
0.6883917071354777
0.6410436062891698
0.5890200894747355
0.5376550648544702
0.48386203795577487
0.4323749397352573
0.38044627800180436
0.33213751909965517
0.2849966411760143
0.24236829273246263
0.20206633386533693
0.16670762591835386
0.13435971563223775
0.10693475577908745
0.08274897519740916
0.06306672080728698
0.04644636194872889
0.03358804994795458
0.023286830362786
0.015805656842319125
0.010172048023136438
0.006384891415973674
0.0037435341010821433
0.002135202030671016
0.0011154751107324069
0.0005679506650918437
0.00026124908437858704
0.00012167620216901636
5.527512209712202e-5
2.770670811397632e-5
1.5476324738866303e-5
8.140751929782817e-6
4.263784265898693e-6
1.6685278765535111e-6
6.519853243872793e-7
1.1099103995657011e-7
0.8340864048411396
0.8258795524943214
0.8173251016735538
0.7939246973256591
0.770655850184329
0.7345452245487037
0.6994302762862172
0.6538181899558952
0.6103166561003887
0.5593210938693192
0.5115706261445598
0.4591396811373348
0.4109620061034176
0.3605809044885889
0.31521388767849057
0.2696702006888781
0.22957038119472667
0.19079872148285362
0.15752930388892777
0.126550417398669
0.10076822242589684
0.07772041448692377
0.05924860014051516
0.04349593695842494
0.03145705153526538
0.0217513115506612
0.014764206072814211
0.009486878218972598
0.0059533121039347155
0.0034914164085215896
0.001987648182812504
0.0010407674162029924
0.0005245339989416924
0.00024068555650232423
0.00010747752287282028
4.6286158880556766e-5
2.0647412970133903e-5
9.782188274119572e-6
4.646734715353451e-6
1.5771585915848385e-6
5.798760610231163e-7
2.392307689224714e-8
0.7795362865109868
0.7737607048222304
0.7638949092504214
0.7438990630775411
0.7203252586020774
0.6883917071354777
0.6538181899558952
0.6129237859533556
0.5706288755755233
0.5241736220611516
0.47810264026478605
0.4299241859842296
0.3837035820609006
0.33718296661167707
0.2938676638607014
0.25170763828074383
0.21359601150782165
0.17767452601035516
0.14620397295059986
0.11751556662435819
0.09325186192950168
0.0719399353959096
0.054651916807891415
0.040119496315930016
0.028921044807206402
0.019993313746137702
0.013537390636141403
0.008695972526390644
0.005451695095498139
0.0031946988471639563
0.0018218955489496663
0.0009509251992695871
0.00048148590105963796
0.00021700551708522358
9.615392161327564e-5
3.847405833028609e-5
1.540076201501472e-5
6.317980525063413e-6
1.9922742316293554e-6
5.853161267865789e-7
-5.4193840021378024e-8
0.7277663495889557
0.720711586886267
0.713155618216127
0.6928448669405501
0.6724519942365765
0.6410436062891698
0.6103166561003887
0.5706288755755233
0.5326187190380194
0.4878781623186022
0.44589121550123484
0.3997543168019125
0.35731718912506727
0.3129839981623816
0.27306019284897254
0.23306971972244286
0.19788816357209366
0.1639840748304302
0.1349416048040316
0.10801635023728307
0.08566654015333873
0.06579420265352556
0.049922363227828045
0.03647396653730252
0.026240313501245255
0.018052468219909086
0.012186696914081405
0.007791154362404358
0.004861443261303915
0.0028364673464196704
0.0016042836308039338
0.0008342714486248021
0.00041483945281525607
0.00018537573641091296
7.76596580574158e-5
2.935631008700127e-5
1.0043228493911646e-5
3.1549886274652797e-6
7.913827726211299e-7
-1.0566211964929797e-7
0.6673304750481057
0.6623783540142123
0.6539004847932247
0.6367233438252513
0.6164692538423007
0.5890200894747355
0.5593210938693192
0.5241736220611516
0.4878781623186022
0.44799930135035826
0.40819942484774835
0.366644599949952
0.32664978873650696
0.28649689979421833
0.24906523327532232
0.21275010632699526
0.17993593910966765
0.14913187343059234
0.12219836650576536
0.09776686006144378
0.0771757801688291
0.05919738018032127
0.044686940608890176
0.03257561709845029
0.023304792998964197
0.01597650582176559
0.010722460157279939
0.006818872010973151
0.004230075712542044
0.0024478179247974744
0.0013777418995926227
0.00070615306610209
0.0003500912402704431
0.00015134066090275196
6.285757874419338e-5
2.14168602910693e-5
6.611704279478306e-6
1.6015420250921582e-6
9.88209199266873e-8
0.610903916575409
0.6050450459971572
0.5985533789202775
0.5814767069045418
0.5641280277392894
0.5376550648544702
0.5115706261445598
0.47810264026478605
0.44589121550123484
0.40819942484774835
0.3727049444815691
0.3336423294923315
0.2976533998815567
0.2600987366504741
0.2262675668208657
0.192477378358717
0.16277572296402704
0.13427898389348106
0.1099216644014603
0.08747668450799859
0.06891336228670084
0.05253699385291855
0.03952515893083262
0.028609315452528233
0.020359821262605042
0.01384229413553735
0.009216330438506804
0.005804241099377577
0.00355630833143759
0.0020346312171196767
0.001122214846156873
0.0005677242228857664
0.0002708046776375896
0.00011503000490268404
4.3593734326693156e-5
1.4130585520886294e-5
3.164952885567391e-6
5.19820640787931e-7
0.5489824088499745
0.5449007897205362
0.5378157015020208
0.5235560169943301
0.5066786214599489
0.48386203795577487
0.4591396811373348
0.4299241859842296
0.3997543168019125
0.366644599949952
0.3336423294923315
0.299227078827157
0.26595312169959573
0.23264084373858968
0.2015340525992793
0.17147229458844315
0.14432373737268853
0.1189671064841572
0.09685673244561696
0.07693162589994575
0.060223518109797904
0.045756282443466925
0.03416821137166145
0.0245970794283579
0.017348853831870608
0.011695434142764718
0.007703888446273499
0.004788293546698832
0.002896722894150999
0.0016225339251213235
0.0008822614682509753
0.0004300213236169157
0.00020221765739294808
7.9067851365213e-5
2.9647598917682232e-5
7.612140109901154e-6
1.7054539668536704e-6
0.4921598413200228
0.4874774620146971
0.48206786315316136
0.4682069980862724
0.45392475279947847
0.4323749397352573
0.4109620061034176
0.3837035820609006
0.35731718912506727
0.32664978873650696
0.2976533998815567
0.26595312169959573
0.23666736878099331
0.20613856378962467
0.17861317253838913
0.15121981244478497
0.12716052167277103
0.10421175438440802
0.08464957781770864
0.06677183792791914
0.05205891375564292
0.03922376124736334
0.02910144096757313
0.020734385130956694
0.014478388749293492
0.009634196608799264
0.0062483706168508886
0.003818800541041935
0.0022525358140376163
0.0012347111155738657
0.0006424687320678455
0.00030471481556348934
0.00013085206122851134
4.934885820480259e-5
1.4187903966533628e-5
3.5073107904500598e-6
0.4326455295083656
0.4294279973027197
0.4236931405656365
0.4123000790031314
0.39871443728907113
0.38044627800180436
0.3605809044885889
0.33718296661167707
0.3129839981623816
0.28649689979421833
0.2600987366504741
0.23264084373858968
0.20613856378962467
0.17968011663233263
0.15491520796097683
0.1310902689206785
0.10959071409709735
0.08963596431707264
0.07230281151979719
0.05681452887978862
0.04392086242745284
0.03288186669678164
0.024140311220732714
0.017027015950665168
0.01173081824942362
0.007682668077390684
0.004897751474435761
0.00291698065338506
0.001682071491941048
0.000880913929625854
0.0004456803900603281
0.00019283297085873833
8.032229135764546e-5
2.3340273091951634e-5
6.671931973164871e-6
0.3790508749667551
0.3754734414645781
0.37112386880445
0.36032074169114525
0.34899711406773226
0.33213751909965517
0.31521388767849057
0.2938676638607014
0.27306019284897254
0.24906523327532232
0.2262675668208657
0.2015340525992793
0.17861317253838913
0.15491520796097683
0.133514922689683
0.11231186975051466
0.09370437350964163
0.07609119291415553
0.061128410615270565
0.047606629899143625
0.03655157980844147
0.027057023039153937
0.019648509348362896
0.01365727572112221
0.009248578348042647
0.0059404998942214566
0.0036835726489931387
0.0021364265380853825
0.0011730428540923086
0.0005916864561459014
0.00027103274773645076
0.0001115790055414568
3.556487633547914e-5
9.758360884668664e-6
0.32507878991996375
0.32267304296395427
0.3182071557791706
0.3095048888081844
0.2990045738193883
0.2849966411760143
0.2696702006888781
0.25170763828074383
0.23306971972244286
0.21275010632699526
0.192477378358717
0.17147229458844315
0.15121981244478497
0.1310902689206785
0.11231186975051466
0.09434255972021274
0.07814763981483047
0.06323294326403191
0.05034873201276652
0.03895957212116326
0.029577433676229923
0.02166353652325784
0.015502703899782293
0.010592706035074104
0.007034237682349133
0.004393383549847064
0.002653814269179923
0.0014655114315815358
0.000775803252304078
0.0003539220028157066
0.0001542053031697361
4.839275279794655e-5
1.4902241404124916e-5
0.27749486945350244
0.2749078602189631
0.2715613405338058
0.26354165530241414
0.254957202406766
0.24236829273246263
0.22957038119472667
0.21359601150782165
0.19788816357209366
0.17993593910966765
0.16277572296402704
0.14432373737268853
0.12716052167277103
0.10959071409709735
0.09370437350964163
0.07814763981483047
0.06451048133461679
0.051732902739767876
0.04092677938351825
0.03130792381213844
0.023512766417333592
0.016963145944200064
0.011927131469113481
0.00798364606771157
0.005149026549353296
0.003125678268464618
0.0017952929374390962
0.0009518304089607252
0.0004549197952512717
0.00019513581753282758
6.441882170867049e-5
1.8540462003128356e-5
0.23128809189474064
0.22960294843067605
0.2262897754574642
0.21999488982724083
0.21226933589108432
0.20206633386533693
0.19079872148285362
0.17767452601035516
0.1639840748304302
0.14913187343059234
0.13427898389348106
0.1189671064841572
0.10421175438440802
0.08963596431707264
0.07609119291415553
0.06323294326403191
0.051732902739767876
0.0412482820821733
0.032265022019473164
0.024433412876156475
0.01807997990268338
0.012824143045374973
0.008836854575843447
0.005747542938989808
0.003602726736720325
0.0020781324406850404
0.0011475550680805212
0.0005497489206354151
0.0002481451669870183
8.07633727815664e-5
2.4916829104659002e-5
0.1915472925731424
0.18980009370678055
0.1873625871658044
0.18175383226934883
0.17559246963045283
0.16670762591835386
0.15752930388892777
0.14620397295059986
0.1349416048040316
0.12219836650576536
0.1099216644014603
0.09685673244561696
0.08464957781770864
0.07230281151979719
0.061128410615270565
0.05034873201276652
0.04092677938351825
0.032265022019473164
0.024989167307348438
0.01864699279772103
0.013568883548360106
0.009432886140129342
0.0063161100553746335
0.003991364597975556
0.0023752729720418106
0.001313219472827678
0.0006542074780678369
0.0002944375201404648
0.00010106971012733177
2.993986463007337e-5
0.1543501757401918
0.15326115537080862
0.15094747851034154
0.14668811928675504
0.14133998921129182
0.13435971563223775
0.126550417398669
0.11751556662435819
0.10801635023728307
0.09776686006144378
0.08747668450799859
0.07693162589994575
0.06677183792791914
0.05681452887978862
0.047606629899143625
0.03895957212116326
0.03130792381213844
0.024433412876156475
0.01864699279772103
0.013696677916318838
0.00977400698330528
0.006610952727882934
0.004305803717932804
0.0025865409977285643
0.0014762640526484573
0.0007352821720733728
0.0003448324779401423
0.00011795095613323367
3.749986630243242e-5
0.12330029279133728
0.12221750962992424
0.12055836572201001
0.11691541959692497
0.11278326187924301
0.10693475577908745
0.10076822242589684
0.09325186192950168
0.08566654015333873
0.0771757801688291
0.06891336228670084
0.060223518109797904
0.05205891375564292
0.04392086242745284
0.03655157980844147
0.029577433676229923
0.023512766417333592
0.01807997990268338
0.013568883548360106
0.00977400698330528
0.006790435439748605
0.0044712691174642666
0.002771919700259778
0.0015992851541581383
0.0008223336790080038
0.00038416732555047507
0.00013666828139275523
4.264120789944718e-5
0.09537912385998325
0.09474321734897734
0.09324688426367042
0.09059513818957918
0.08716652443268247
0.08274897519740916
0.07772041448692377
0.0719399353959096
0.06579420265352556
0.05919738018032127
0.05253699385291855
0.045756282443466925
0.03922376124736334
0.03288186669678164
0.027057023039153937
0.02166353652325784
0.016963145944200064
0.012824143045374973
0.009432886140129342
0.006610952727882934
0.0044712691174642666
0.002807771879099372
0.001675765404605631
0.0008747292833720567
0.0004229523870454169
0.0001491252605474242
4.878787145626779e-5
0.07292216902432613
0.072322703217124
0.07128664598275151
0.06913441210285567
0.06659166130730679
0.06306672080728698
0.05924860014051516
0.054651916807891415
0.049922363227828045
0.044686940608890176
0.03952515893083262
0.03416821137166145
0.02910144096757313
0.024140311220732714
0.019648509348362896
0.015502703899782293
0.011927131469113481
0.008836854575843447
0.0063161100553746335
0.004305803717932804
0.002771919700259778
0.001675765404605631
0.0009073699423949983
0.00044815255709876236
0.00016477286954558456
5.326855367495501e-5
0.05364554198296541
0.053320585923244124
0.05244741048635447
0.05096601608407547
0.04897732348420622
0.04644636194872889
0.04349593695842494
0.040119496315930016
0.03647396653730252
0.03257561709845029
0.028609315452528233
0.0245970794283579
0.020734385130956694
0.017027015950665168
0.01365727572112221
0.010592706035074104
0.00798364606771157
0.005747542938989808
0.003991364597975556
0.0025865409977285643
0.0015992851541581383
0.0008747292833720567
0.00044815255709876236
0.00017045729217425576
5.8105983494967866e-5
0.03885682622994114
0.03857446726805644
0.03799827594501898
0.03688054174163757
0.03548328008952413
0.03358804994795458
0.03145705153526538
0.028921044807206402
0.026240313501245255
0.023304792998964197
0.020359821262605042
0.017348853831870608
0.014478388749293492
0.01173081824942362
0.009248578348042647
0.007034237682349133
0.005149026549353296
0.003602726736720325
0.0023752729720418106
0.0014762640526484573
0.0008223336790080038
0.0004229523870454169
0.00016477286954558456
5.8105983494967866e-5
0.026858053633827924
0.026720886291993658
0.026280829273476646
0.025568420052158463
0.02455957783554716
0.023286830362786
0.0217513115506612
0.019993313746137702
0.018052468219909086
0.01597650582176559
0.01384229413553735
0.011695434142764718
0.009634196608799264
0.007682668077390684
0.0059404998942214566
0.004393383549847064
0.003125678268464618
0.0020781324406850404
0.001313219472827678
0.0007352821720733728
0.00038416732555047507
0.0001491252605474242
5.326855367495501e-5
0.018195168101052345
0.01809498190691184
0.017821384469923773
0.017339122985419515
0.01667856017542451
0.015805656842319125
0.014764206072814211
0.013537390636141403
0.012186696914081405
0.010722460157279939
0.009216330438506804
0.007703888446273499
0.0062483706168508886
0.004897751474435761
0.0036835726489931387
0.002653814269179923
0.0017952929374390962
0.0011475550680805212
0.0006542074780678369
0.0003448324779401423
0.00013666828139275523
4.878787145626779e-5
0.011633196264656202
0.011592811532021663
0.01141031284640528
0.01113503983181103
0.01070817220209842
0.010172048023136438
0.009486878218972598
0.008695972526390644
0.007791154362404358
0.006818872010973151
0.005804241099377577
0.004788293546698832
0.003818800541041935
0.00291698065338506
0.0021364265380853825
0.0014655114315815358
0.0009518304089607252
0.0005497489206354151
0.0002944375201404648
0.00011795095613323367
4.264120789944718e-5
0.007245980648046179
0.007229681342878768
0.0071210865195248324
0.006966047377854125
0.006708965592472096
0.006384891415973674
0.0059533121039347155
0.005451695095498139
0.004861443261303915
0.004230075712542044
0.00355630833143759
0.002896722894150999
0.0022525358140376163
0.001682071491941048
0.0011730428540923086
0.000775803252304078
0.0004549197952512717
0.0002481451669870183
0.00010106971012733177
3.749986630243242e-5
0.004199798537306636
0.00419783189063277
0.004139172860045048
0.004063302150412122
0.003921436485454092
0.0037435341010821433
0.0034914164085215896
0.0031946988471639563
0.0028364673464196704
0.0024478179247974744
0.0020346312171196767
0.0016225339251213235
0.0012347111155738657
0.000880913929625854
0.0005916864561459014
0.0003539220028157066
0.00019513581753282758
8.07633727815664e-5
2.993986463007337e-5
0.0023559521617278548
0.002366288962376309
0.0023310091638664323
0.002303935570224467
0.002223786912127472
0.002135202030671016
0.001987648182812504
0.0018218955489496663
0.0016042836308039338
0.0013777418995926227
0.001122214846156873
0.0008822614682509753
0.0006424687320678455
0.0004456803900603281
0.00027103274773645076
0.0001542053031697361
6.441882170867049e-5
2.4916829104659002e-5
0.0012107940938149576
0.0012176686114146512
0.0012046077429275382
0.001195102162696082
0.00115954825821411
0.0011154751107324069
0.0010407674162029924
0.0009509251992695871
0.0008342714486248021
0.00070615306610209
0.0005677242228857664
0.0004300213236169157
0.00030471481556348934
0.00019283297085873833
0.0001115790055414568
4.839275279794655e-5
1.8540462003128356e-5
0.0006001393505967864
0.0006119897743951703
0.0006014275106129765
0.0006055705982391313
0.0005841672363181211
0.0005679506650918437
0.0005245339989416924
0.00048148590105963796
0.00041483945281525607
0.0003500912402704431
0.0002708046776375896
0.00020221765739294808
0.00013085206122851134
8.032229135764546e-5
3.556487633547914e-5
1.4902241404124916e-5
0.00027512943340584245
0.00028065739886953134
0.0002779585766737472
0.00027963974938312205
0.00027091041319989056
0.00026124908437858704
0.00024068555650232423
0.00021700551708522358
0.00018537573641091296
0.00015134066090275196
0.00011503000490268404
7.9067851365213e-5
4.934885820480259e-5
2.3340273091951634e-5
9.758360884668664e-6
0.00012989275654859943
0.00013660350449025811
0.00013187291500889016
0.00013468261547722505
0.0001261953688418447
0.00012167620216901636
0.00010747752287282028
9.615392161327564e-5
7.76596580574158e-5
6.285757874419338e-5
4.3593734326693156e-5
2.9647598917682232e-5
1.4187903966533628e-5
6.671931973164871e-6
6.804943439054498e-5
7.115121113541557e-5
6.81510948423416e-5
6.71755701443e-5
6.076594186771384e-5
5.527512209712202e-5
4.6286158880556766e-5
3.847405833028609e-5
2.935631008700127e-5
2.14168602910693e-5
1.4130585520886294e-5
7.612140109901154e-6
3.5073107904500598e-6
4.3176358463685053e-5
4.5577117232051805e-5
4.185499302790225e-5
3.968559001989823e-5
3.3123297733643574e-5
2.770670811397632e-5
2.0647412970133903e-5
1.540076201501472e-5
1.0043228493911646e-5
6.611704279478306e-6
3.164952885567391e-6
1.7054539668536704e-6
3.170281104700351e-5
3.302932558261988e-5
2.9396692526557507e-5
2.6548203294791866e-5
2.028286333480459e-5
1.5476324738866303e-5
9.782188274119572e-6
6.317980525063413e-6
3.1549886274652797e-6
1.6015420250921582e-6
5.19820640787931e-7
2.322398148186845e-5
2.3416145859287756e-5
2.072223249434556e-5
1.7286201095845596e-5
1.2640315437988629e-5
8.140751929782817e-6
4.646734715353451e-6
1.9922742316293554e-6
7.913827726211299e-7
9.88209199266873e-8
1.549507423987762e-5
1.58272182352431e-5
1.3187339325679557e-5
1.0874533109539872e-5
6.893728388405222e-6
4.263784265898693e-6
1.5771585915848385e-6
5.853161267865789e-7
-1.0566211964929797e-7
9.688458289801905e-6
9.36874872980203e-6
7.934451756032404e-6
5.849193149251839e-6
3.681950805914428e-6
1.6685278765535111e-6
5.798760610231163e-7
-5.4193840021378024e-8
5.162005042157397e-6
5.091040640837557e-6
3.968287461690518e-6
2.9288929668671683e-6
1.4583925581473748e-6
6.519853243872793e-7
2.392307689224714e-8
2.4005094917505783e-6
2.175940085066801e-6
1.7627276982184216e-6
1.0802181391492753e-6
5.432306589351208e-7
1.1099103995657011e-7
8.267956304273337e-7
7.698493675575637e-7
5.416327603687726e-7
3.2182159829563497e-7
9.615961438293749e-8
1.7605440638594335e-7
1.2514793088919824e-7
9.667663823133972e-8
2.572600479722674e-8
4.456691528410684e-9
1.2946603388091206e-8
-1.5804126282114416e-9
-2.5934628252050477e-9
-4.281417905877747e-9
-1.5838850638733917e-11
