1.0
0.9537717586992074
0.907543513795791
0.796275422193813
0.6951498154472143
0.5593637742799789
0.445777839763536
0.32338537492142505
0.23036415751074138
0.14490243238777495
0.08802472806779676
0.044207047217310495
0.020855280550662374
0.007148408407170541
0.0022423188873562216
0.00038608204781916605
0.0001227175941810679
5.223963285406183e-5
3.8764609340847545e-5
8.076635228324628e-6
1.0744079839506618e-6
0.9537717586992074
0.925013328328484
0.8680189974344394
0.7723729549088104
0.6654046367856412
0.5427339292042332
0.4264532950819673
0.3140753745102079
0.22008856283782985
0.1412135175861779
0.08395608421897013
0.043553087302749136
0.019821130695401847
0.00734078111958933
0.0021051151270877417
0.0005362501021764478
0.00011393554734424134
8.991260608973815e-5
3.008784996661293e-5
1.076176560066781e-5
0.907543513795791
0.8680189974344394
0.8278314187083561
0.726668814112235
0.6344712648090244
0.5098847609522369
0.405783897315406
0.2935688017378519
0.20867115789441648
0.1308098893881192
0.07935927347195239
0.03979313266179422
0.01889421564032596
0.006536631617794731
0.0021217933433542225
0.0003899772999323573
0.00012408724922220873
3.738443259248541e-5
2.1829088286382186e-5
0.796275422193813
0.7723729549088104
0.726668814112235
0.6483291608085581
0.5576535876758776
0.45428697141171087
0.3551875615451286
0.26045857875231704
0.18104200782526111
0.11541461004354732
0.06791581575966185
0.035058645880264055
0.015840836485186086
0.00594817510882725
0.001706893832508432
0.0004392764461819238
6.455259236437145e-5
3.815169074826602e-5
0.6951498154472143
0.6654046367856412
0.6344712648090244
0.5576535876758776
0.4870920852154275
0.38956143577595354
0.3084462124180558
0.2207653724474098
0.1553420510894952
0.09566861003618339
0.057211127580741074
0.027938893253670438
0.013081358916508079
0.004379749271522202
0.001421941291121897
0.0002276282072442458
5.491634646371692e-5
0.5593637742799789
0.5427339292042332
0.5098847609522369
0.45428697141171087
0.38956143577595354
0.3163573006611732
0.2444132757036699
0.17708255140939727
0.12034430727072354
0.07498614694166435
0.042461930066808984
0.02109024841839638
0.008878111013194885
0.0031354946150436045
0.0007522083445365139
0.00017308732318977002
0.445777839763536
0.4264532950819673
0.405783897315406
0.3551875615451286
0.3084462124180558
0.2444132757036699
0.19146574649793024
0.13375468220553707
0.09178315726296146
0.0538829873928667
0.030772002770865073
0.013628566103783171
0.005835278295772567
0.0015210306124014412
0.00040943731326481753
0.32338537492142505
0.3140753745102079
0.2935688017378519
0.26045857875231704
0.2207653724474098
0.17708255140939727
0.13375468220553707
0.09455290404301886
0.06114132649449506
0.03607551062979621
0.018428596026738252
0.0081415130870103
0.002612379817618026
0.0006944227440037611
0.23036415751074138
0.22008856283782985
0.20867115789441648
0.18104200782526111
0.1553420510894952
0.12034430727072354
0.09178315726296146
0.06114132649449506
0.03990022823294826
0.020991499723047764
0.010748206614539638
0.0035068518394493382
0.0011477975191756277
0.14490243238777495
0.1412135175861779
0.1308098893881192
0.11541461004354732
0.09566861003618339
0.07498614694166435
0.0538829873928667
0.03607551062979621
0.020991499723047764
0.011075213106604871
0.004254613108056725
0.0013622660477037754
0.08802472806779676
0.08395608421897013
0.07935927347195239
0.06791581575966185
0.057211127580741074
0.042461930066808984
0.030772002770865073
0.018428596026738252
0.010748206614539638
0.004254613108056725
0.0017066156961198086
0.044207047217310495
0.043553087302749136
0.03979313266179422
0.035058645880264055
0.027938893253670438
0.02109024841839638
0.013628566103783171
0.0081415130870103
0.0035068518394493382
0.0013622660477037754
0.020855280550662374
0.019821130695401847
0.01889421564032596
0.015840836485186086
0.013081358916508079
0.008878111013194885
0.005835278295772567
0.002612379817618026
0.0011477975191756277
0.007148408407170541
0.00734078111958933
0.006536631617794731
0.00594817510882725
0.004379749271522202
0.0031354946150436045
0.0015210306124014412
0.0006944227440037611
0.0022423188873562216
0.0021051151270877417
0.0021217933433542225
0.001706893832508432
0.001421941291121897
0.0007522083445365139
0.00040943731326481753
0.00038608204781916605
0.0005362501021764478
0.0003899772999323573
0.0004392764461819238
0.0002276282072442458
0.00017308732318977002
0.0001227175941810679
0.00011393554734424134
0.00012408724922220873
6.455259236437145e-5
5.491634646371692e-5
5.223963285406183e-5
8.991260608973815e-5
3.738443259248541e-5
3.815169074826602e-5
3.8764609340847545e-5
3.008784996661293e-5
2.1829088286382186e-5
8.076635228324628e-6
1.076176560066781e-5
1.0744079839506618e-6
