1.0
0.9897223597115054
0.9794447206975746
0.9512120237742562
0.9235468374689052
0.8808879621812526
0.8397569019237815
0.7867718471449173
0.7364875963371733
0.6774901730559589
0.6224057821526267
0.5615768909131706
0.5057514456595065
0.4468322844450921
0.3937585277250398
0.3398114343944003
0.29221879618096547
0.24547643689781676
0.20522397237785583
0.16701616208390627
0.13505150785889716
0.10579590730323526
0.08217881187435803
0.06144149566716783
0.045440117900732956
0.03206773250299779
0.022328159770511526
0.014667034439234205
0.009477209985255185
0.005687821988967383
0.003353101077555031
0.001799577155937361
0.0009543569318713973
0.0004531740427630469
0.00022518407798137135
0.00010878624104709389
6.80774392924914e-5
4.560106498186667e-5
3.707377174437262e-5
2.6468074612405302e-5
1.915168812495291e-5
1.1819084264264323e-5
7.0951258681153475e-6
3.4145400297934635e-6
1.49062998932763e-6
4.065656046702033e-7
8.366446311946733e-8
4.342389928874523e-9
-3.2233543755378904e-12
0.9897223597115054
0.9828949382921525
0.9697093212153128
0.9446568876012007
0.9145859402471822
0.8748257723658331
0.8317398149676277
0.7813652465208599
0.729522361813235
0.6728417774676393
0.6165392317589082
0.5577320307240625
0.500978172631034
0.4437874055821061
0.3900266869369478
0.3375217323549567
0.28943802169530713
0.24386251632668482
0.20326883172993465
0.16596846769823503
0.13376990670624447
0.10518591141227053
0.08140712172027711
0.06113846266355013
0.04502124531723533
0.03195442622585193
0.02212921482109814
0.014652201374195293
0.009397670716861373
0.005709883878071316
0.003327991397251495
0.0018260089140769715
0.0009488333894358973
0.0004721230221740323
0.00022448677381125572
0.00011921624928097044
6.787173756748002e-5
5.020605080219914e-5
3.656217367165742e-5
2.798507459968347e-5
1.8485100768871556e-5
1.2147188277276942e-5
6.632597060189789e-6
3.459208863579875e-6
1.3125989963373293e-6
4.3853030946139516e-7
5.4013967763825125e-8
5.075827961909299e-10
0.9794447206975746
0.9697093212153128
0.9599312469645077
0.9324582239803042
0.9055041264791055
0.8637742153752814
0.8235125322654508
0.7715730824161716
0.7222628725167076
0.664371597550989
0.6103089897389476
0.5505951006599402
0.49579170811989576
0.4379517429412756
0.3858579641566061
0.33291760726106556
0.28622843490909045
0.24038704267582517
0.200927043537282
0.16348344286556304
0.13217265845224013
0.10352442952044619
0.08040946255382705
0.06011852764288463
0.04447009015760926
0.03139526756355129
0.021876991287268648
0.014386486572989179
0.009311045387394233
0.005600581141073444
0.003312290020357976
0.001785580526391666
0.0009525189068629994
0.0004557638481629195
0.00022788415822867916
0.00010999155022464201
6.754020506605702e-5
4.365871690257408e-5
3.437364763712146e-5
2.3619906715040285e-5
1.6640991710786912e-5
9.833332637439707e-6
5.737970885962702e-6
2.6091400753443197e-6
1.13036862784038e-6
2.6321934930709536e-7
4.371906469326901e-8
0.9512120237742562
0.9446568876012007
0.9324582239803042
0.9088386689126817
0.8801515170989577
0.8421362534853087
0.8007341120417825
0.7523221108209498
0.7023600360294924
0.6477604117549473
0.5934308310276813
0.5367247659778878
0.48194096510560314
0.42678675153023304
0.37491209469382125
0.3243069948488062
0.2779567713410982
0.23408136112785932
0.19500644571158637
0.15915018367833408
0.12820646638287253
0.10077459322673102
0.07796238633239128
0.05854589015155341
0.04311276728124435
0.030618396122355857
0.0212240882440333
0.014080227333253982
0.009052868902540315
0.005521693133139067
0.003233534904854282
0.0017863332709087923
0.0009353480756989521
0.00046916279657524036
0.0002233941486664648
0.00011645278623638871
6.281174637883292e-5
4.3498224959176554e-5
2.9386711811194412e-5
2.137623326453892e-5
1.3066513976297083e-5
8.153642831587121e-6
4.031776392267212e-6
2.0294886378570868e-6
6.520953459243995e-7
1.9141197731086378e-7
0.9235468374689052
0.9145859402471822
0.9055041264791055
0.8801515170989577
0.8551912986044343
0.8160407721776954
0.7782042151322546
0.7291636164925618
0.6825644956352344
0.627745910946431
0.576534633264263
0.5199227987940221
0.4679703986408298
0.4131337913608335
0.36377169480205246
0.3136270391553959
0.2694461324948671
0.22609944017838626
0.1888356389285731
0.15350859604966552
0.12401341013609361
0.09705333265083796
0.07533891738374168
0.05629762004564234
0.04164207501864487
0.029406874972457173
0.020515279541895075
0.01351712753531602
0.008777146424458288
0.005303009650649136
0.0031555210156612077
0.001714210543091764
0.000922674593756486
0.0004449917942335803
0.00022191316945251803
0.000103706587807685
5.89931440681388e-5
3.3921604419168465e-5
2.4441072395500963e-5
1.4912001003725087e-5
9.66442873962348e-6
4.95869246066219e-6
2.690437644085968e-6
9.85815481357751e-7
3.6291244150719705e-7
0.8808879621812526
0.8748257723658331
0.8637742153752814
0.8421362534853087
0.8160407721776954
0.7812636540280732
0.7429986706327151
0.6982259766180164
0.651764123932965
0.6010269760794109
0.5503747811481802
0.4975771326048941
0.44646792374759264
0.39510208159606697
0.3467410623840141
0.29966265271234555
0.25652990035054374
0.2157989936466317
0.17953516008495746
0.14634785617813745
0.11772747007564871
0.09242848834886257
0.0714114024612912
0.053578641278774285
0.03942059291095606
0.027994807858748968
0.019410853732575898
0.012899932622744945
0.008313542705216758
0.005093844811415002
0.002997797148740036
0.0016678453139627053
0.0008784812805816546
0.00044210425996139743
0.00020792218038977593
0.00010346899689707207
5.002200703095825e-5
3.0436513724102132e-5
1.749439629360374e-5
1.1316628388416967e-5
5.677805734333655e-6
3.1855590540226543e-6
1.1603468230455247e-6
4.767145746855963e-7
0.8397569019237815
0.8317398149676277
0.8235125322654508
0.8007341120417825
0.7782042151322546
0.7429986706327151
0.7088732142550042
0.6642592255861537
0.6218065434937414
0.571682138070541
0.5248343301409301
0.47296936512849963
0.4253857691010295
0.3751447161185964
0.3299606013980536
0.28408291922152534
0.24372460152934527
0.2041715851148248
0.1702435661943048
0.1381288825769269
0.11138994887708112
0.08699510005698277
0.06741178592260991
0.05027490577903183
0.03713471641732598
0.026187535029080132
0.018263150893070085
0.012034324356214397
0.00782685328721906
0.004739940287295942
0.002832055506396285
0.001544806909822024
0.0008346570835841582
0.00040161712769485794
0.00019681992139674865
8.658836154858903e-5
4.387653463167051e-5
2.069735924127541e-5
1.2771151526863709e-5
6.0525604355955675e-6
3.344022136237306e-6
1.149758841015428e-6
4.7540506948474584e-7
0.7867718471449173
0.7813652465208599
0.7715730824161716
0.7523221108209498
0.7291636164925618
0.6982259766180164
0.6642592255861537
0.6244442802291085
0.582769712027717
0.5372973577451008
0.49167410051430993
0.44420754839482773
0.39812485042455675
0.35192592455990857
0.30836102114715525
0.26607836681317704
0.22732049713093325
0.1908501058741955
0.15839315973389384
0.12881126795536577
0.10333122143646303
0.08091271284313445
0.06232308705057497
0.046631651385286264
0.03420311839563414
0.024230724864900112
0.01675709321644307
0.011121214708883784
0.007155570959345418
0.004385153904809259
0.0025791825475211467
0.0014367202309191192
0.0007544489100521348
0.000376842322572599
0.00017203433138626313
8.034229153548371e-5
3.347162153157997e-5
1.700628984543965e-5
7.420994790372874e-6
3.953572111284216e-6
1.2042052152054343e-6
4.929978463785226e-7
0.7364875963371733
0.729522361813235
0.7222628725167076
0.7023600360294924
0.6825644956352344
0.651764123932965
0.6218065434937414
0.582769712027717
0.5455412930737772
0.5013275202349943
0.45997643203275096
0.414086372124078
0.3720013074851548
0.32753872769201736
0.28760253117909923
0.24707381369823248
0.21149773128879773
0.17668077901245224
0.14690845161099256
0.11878952421960669
0.09547478019428605
0.07426532955163152
0.057327165722356035
0.04255692958014714
0.03130242585549332
0.021964230519036242
0.015253945944170915
0.010000737995692543
0.006478803644282028
0.0039031692931805104
0.002323367456697457
0.0012591893873269738
0.0006761423016430333
0.00031950433668135453
0.00015169739064168635
6.134135045035735e-5
2.717448434905155e-5
9.697169741701505e-6
4.839567027970788e-6
1.3549975879672153e-6
4.997870530241913e-7
0.6774901730559589
0.6728417774676393
0.664371597550989
0.6477604117549473
0.627745910946431
0.6010269760794109
0.571682138070541
0.5372973577451008
0.5013275202349943
0.4620974030017754
0.422456176861378
0.38130578267117676
0.34118981010463184
0.30110066565763843
0.2632133167992367
0.22658506198163889
0.1929837054181439
0.16151456785414398
0.13352329077671718
0.10815634332743397
0.0863454108084575
0.06728446988864625
0.05152533916103236
0.03832860231082464
0.027918568627910516
0.01964437075166597
0.013475098909660527
0.008874360710934427
0.00565428779243166
0.00343404959991393
0.001994718789090346
0.0010985829678185086
0.0005657280564404292
0.0002764481070185116
0.00011975705780332209
5.177887881733096e-5
1.776490147468604e-5
7.2791069076612634e-6
1.9556352911635428e-6
7.338661333514291e-7
0.6224057821526267
0.6165392317589082
0.6103089897389476
0.5934308310276813
0.576534633264263
0.5503747811481802
0.5248343301409301
0.49167410051430993
0.45997643203275096
0.422456176861378
0.38732230760570197
0.34818355664372086
0.3123029929517412
0.274351395401226
0.24031742030930833
0.2057944086000396
0.17557438948052806
0.14605027440995832
0.12090955738627793
0.09723477047359723
0.0777186384477754
0.060038148471170304
0.04602619049183845
0.03387280995350203
0.024702315553972752
0.017144477657893037
0.011781327316326156
0.0076177958184118775
0.004869912941953866
0.0028807125942417956
0.0016856818880934446
0.0008902185993816792
0.00046641246141652313
0.0002103996343953654
9.504344885910801e-5
3.3832588066252734e-5
1.2809563460988666e-5
2.842687199561898e-6
1.03623516420665e-6
0.5615768909131706
0.5577320307240625
0.5505951006599402
0.5367247659778878
0.5199227987940221
0.4975771326048941
0.47296936512849963
0.44420754839482773
0.414086372124078
0.38130578267117676
0.34818355664372086
0.3138768725915321
0.2802388314498475
0.24675037772421549
0.21500172592287323
0.18445862353892925
0.1564065593681447
0.13029473636984462
0.10708328778666384
0.08620789418517494
0.06830277495891467
0.0528024699873432
0.04004291806394679
0.029482451186140013
0.021204869488853736
0.014721560866591047
0.009931127735122893
0.006426822506149314
0.004003037690105306
0.0023749168938001705
0.0013357352457911702
0.0007121963474294167
0.0003484373642822029
0.0001616794691662376
6.28457832979711e-5
2.443443947700888e-5
5.90984996510222e-6
1.8006586447925002e-6
0.5057514456595065
0.500978172631034
0.49579170811989576
0.48194096510560314
0.4679703986408298
0.44646792374759264
0.4253857691010295
0.39812485042455675
0.3720013074851548
0.34118981010463184
0.3123029929517412
0.2802388314498475
0.25084286646058557
0.21968687453124006
0.19179690633642232
0.16351462245061144
0.13884412862677628
0.1147920935421307
0.09442321449680005
0.07531603057263525
0.059690553648057074
0.045615083202641626
0.034581997677855664
0.025086298105777158
0.01802688701589203
0.012269021617838454
0.008265668775352494
0.005201852485216789
0.003236135238313227
0.001840681288420703
0.0010365751562889903
0.0005151648246758612
0.00025485464563720526
0.00010256799384175387
4.1679824014998025e-5
1.0955185413679015e-5
3.3156122215139654e-6
0.4468322844450921
0.4437874055821061
0.4379517429412756
0.42678675153023304
0.4131337913608335
0.39510208159606697
0.3751447161185964
0.35192592455990857
0.32753872769201736
0.30110066565763843
0.274351395401226
0.24675037772421549
0.21968687453124006
0.19285622800943764
0.16730778327307744
0.14287706894150964
0.12040101254122339
0.09964319478089077
0.08120457447400992
0.06478845627476093
0.05075514198460848
0.038764276413277114
0.02895408000809514
0.02097049309696523
0.014772912792439996
0.01002689822171354
0.006570472388884594
0.004119720165843769
0.0024587768857705574
0.0013931730930220167
0.000732833153790266
0.00036471757457281204
0.00015828353733501896
6.523234968653133e-5
1.8646564933570204e-5
5.71371144616715e-6
0.3937585277250398
0.3900266869369478
0.3858579641566061
0.37491209469382125
0.36377169480205246
0.3467410623840141
0.3299606013980536
0.30836102114715525
0.28760253117909923
0.2632133167992367
0.24031742030930833
0.21500172592287323
0.19179690633642232
0.16730778327307744
0.14542612339439107
0.12323772205288465
0.1039676549013242
0.0852288963923902
0.06947468713244201
0.05476907640084349
0.042873026130002344
0.03223890202896171
0.024033140032594318
0.017047013898544787
0.01196792090001637
0.007888813627128769
0.0051438772732567885
0.0030884369242502783
0.00183086851976991
0.0009658900611060801
0.0005048505284569214
0.00021944829819956684
9.588601972033466e-5
2.797057018848555e-5
8.704370542650554e-6
0.3398114343944003
0.3375217323549567
0.33291760726106556
0.3243069948488062
0.3136270391553959
0.29966265271234555
0.28408291922152534
0.26607836681317704
0.24707381369823248
0.22658506198163889
0.2057944086000396
0.18445862353892925
0.16351462245061144
0.14287706894150964
0.12323772205288465
0.10459475462055644
0.0874039132930743
0.07168736795421689
0.057740103247194904
0.04548893268920692
0.03506088568212021
0.026308608432682304
0.01920923788060486
0.013571022567128329
0.009255001700602948
0.006061025191444444
0.0037861307768790606
0.0022526525131403375
0.0012456903679755698
0.0006491757965615531
0.0002972717037030161
0.00012820152843520986
4.0312272191046825e-5
1.2444203101283028e-5
0.29221879618096547
0.28943802169530713
0.28622843490909045
0.2779567713410982
0.2694461324948671
0.25652990035054374
0.24372460152934527
0.22732049713093325
0.21149773128879773
0.1929837054181439
0.17557438948052806
0.1564065593681447
0.13884412862677628
0.12040101254122339
0.1039676549013242
0.0874039132930743
0.07309981719598059
0.059234453520812344
0.047690840124159216
0.03698395300940982
0.02845167991536242
0.020899552032572356
0.015200691573710288
0.01042110281775681
0.007061670728060364
0.0044222941963526444
0.0027369534840924964
0.0015156358686841719
0.000827737185393978
0.0003767698039322195
0.00017034571967251513
5.2273643551940897e-5
1.7026854363753883e-5
0.24547643689781676
0.24386251632668482
0.24038704267582517
0.23408136112785932
0.22609944017838626
0.2157989936466317
0.2041715851148248
0.1908501058741955
0.17668077901245224
0.16151456785414398
0.14605027440995832
0.13029473636984462
0.1147920935421307
0.09964319478089077
0.0852288963923902
0.07168736795421689
0.059234453520812344
0.04800018903480786
0.03804324266488037
0.02945472831526787
0.022186210368440113
0.016235977636237492
0.011463664728029468
0.007804793094725504
0.005059601238244254
0.0031332710502530348
0.001806148832183301
0.0009846863786639468
0.0004713617993097466
0.00021040828888808157
6.844527437227054e-5
2.1118560189336633e-5
0.20522397237785583
0.20326883172993465
0.200927043537282
0.19500644571158637
0.1888356389285731
0.17953516008495746
0.1702435661943048
0.15839315973389384
0.14690845161099256
0.13352329077671718
0.12090955738627793
0.10708328778666384
0.09442321449680005
0.08120457447400992
0.06947468713244201
0.057740103247194904
0.047690840124159216
0.03804324266488037
0.030120254095548266
0.022831036855617205
0.01714449857535813
0.012176147823006814
0.008547350840953559
0.005562701956146587
0.0035704031152302045
0.0020536476784762943
0.0011676705511616898
0.0005562194310364102
0.00026226566712447434
8.377971263586735e-5
2.778349910569472e-5
0.16701616208390627
0.16596846769823503
0.16348344286556304
0.15915018367833408
0.15350859604966552
0.14634785617813745
0.1381288825769269
0.12881126795536577
0.11878952421960669
0.10815634332743397
0.09723477047359723
0.08620789418517494
0.07531603057263525
0.06478845627476093
0.05476907640084349
0.04548893268920692
0.03698395300940982
0.02945472831526787
0.022831036855617205
0.01726094823046741
0.012582741315225809
0.008887137101903163
0.0059682300518642244
0.0038454466076868776
0.0022955253101114024
0.0012975645823329893
0.0006446345484658658
0.0003007790013705222
0.00010237759182604616
3.257861796834325e-5
0.13505150785889716
0.13376990670624447
0.13217265845224013
0.12820646638287253
0.12401341013609361
0.11772747007564871
0.11138994887708112
0.10333122143646303
0.09547478019428605
0.0863454108084575
0.0777186384477754
0.06830277495891467
0.059690553648057074
0.05075514198460848
0.042873026130002344
0.03506088568212021
0.02845167991536242
0.022186210368440113
0.01714449857535813
0.012582741315225809
0.009135189658600855
0.006172800073554262
0.004114163829600857
0.002464769908627388
0.0014529858913472837
0.0007150310598249996
0.0003497235511671259
0.00011663616596296334
4.065879122079076e-5
0.10579590730323526
0.10518591141227053
0.10352442952044619
0.10077459322673102
0.09705333265083796
0.09242848834886257
0.08699510005698277
0.08091271284313445
0.07426532955163152
0.06728446988864625
0.060038148471170304
0.0528024699873432
0.045615083202641626
0.038764276413277114
0.03223890202896171
0.026308608432682304
0.020899552032572356
0.016235977636237492
0.012176147823006814
0.008887137101903163
0.006172800073554262
0.004141642368663005
0.002569929415683578
0.0015201062035922496
0.0007829439390189184
0.00037716745200807103
0.00013195762797590097
4.369481530116904e-5
0.08217881187435803
0.08140712172027711
0.08040946255382705
0.07796238633239128
0.07533891738374168
0.0714114024612912
0.06741178592260991
0.06232308705057497
0.057327165722356035
0.05152533916103236
0.04602619049183845
0.04004291806394679
0.034581997677855664
0.02895408000809514
0.024033140032594318
0.01920923788060486
0.015200691573710288
0.011463664728029468
0.008547350840953559
0.0059682300518642244
0.004114163829600857
0.002569929415683578
0.001583060659393383
0.0008191057656552422
0.00041809839440571457
0.00014326789504310323
5.1570353124165545e-5
0.06144149566716783
0.06113846266355013
0.06011852764288463
0.05854589015155341
0.05629762004564234
0.053578641278774285
0.05027490577903183
0.046631651385286264
0.04255692958014714
0.03832860231082464
0.03387280995350203
0.029482451186140013
0.025086298105777158
0.02097049309696523
0.017047013898544787
0.013571022567128329
0.01042110281775681
0.007804793094725504
0.005562701956146587
0.0038454466076868776
0.002464769908627388
0.0015201062035922496
0.0008191057656552422
0.0004200088707941125
0.0001545108214537851
5.282539138842735e-5
0.045440117900732956
0.04502124531723533
0.04447009015760926
0.04311276728124435
0.04164207501864487
0.03942059291095606
0.03713471641732598
0.03420311839563414
0.03130242585549332
0.027918568627910516
0.024702315553972752
0.021204869488853736
0.01802688701589203
0.014772912792439996
0.01196792090001637
0.009255001700602948
0.007061670728060364
0.005059601238244254
0.0035704031152302045
0.0022955253101114024
0.0014529858913472837
0.0007829439390189184
0.00041809839440571457
0.0001545108214537851
6.003854785896198e-5
0.03206773250299779
0.03195442622585193
0.03139526756355129
0.030618396122355857
0.029406874972457173
0.027994807858748968
0.026187535029080132
0.024230724864900112
0.021964230519036242
0.01964437075166597
0.017144477657893037
0.014721560866591047
0.012269021617838454
0.01002689822171354
0.007888813627128769
0.006061025191444444
0.0044222941963526444
0.0031332710502530348
0.0020536476784762943
0.0012975645823329893
0.0007150310598249996
0.00037716745200807103
0.00014326789504310323
5.282539138842735e-5
0.022328159770511526
0.02212921482109814
0.021876991287268648
0.0212240882440333
0.020515279541895075
0.019410853732575898
0.018263150893070085
0.01675709321644307
0.015253945944170915
0.013475098909660527
0.011781327316326156
0.009931127735122893
0.008265668775352494
0.006570472388884594
0.0051438772732567885
0.0037861307768790606
0.0027369534840924964
0.001806148832183301
0.0011676705511616898
0.0006446345484658658
0.0003497235511671259
0.00013195762797590097
5.1570353124165545e-5
0.014667034439234205
0.014652201374195293
0.014386486572989179
0.014080227333253982
0.01351712753531602
0.012899932622744945
0.012034324356214397
0.011121214708883784
0.010000737995692543
0.008874360710934427
0.0076177958184118775
0.006426822506149314
0.005201852485216789
0.004119720165843769
0.0030884369242502783
0.0022526525131403375
0.0015156358686841719
0.0009846863786639468
0.0005562194310364102
0.0003007790013705222
0.00011663616596296334
4.369481530116904e-5
0.009477209985255185
0.009397670716861373
0.009311045387394233
0.009052868902540315
0.008777146424458288
0.008313542705216758
0.00782685328721906
0.007155570959345418
0.006478803644282028
0.00565428779243166
0.004869912941953866
0.004003037690105306
0.003236135238313227
0.0024587768857705574
0.00183086851976991
0.0012456903679755698
0.000827737185393978
0.0004713617993097466
0.00026226566712447434
0.00010237759182604616
4.065879122079076e-5
0.005687821988967383
0.005709883878071316
0.005600581141073444
0.005521693133139067
0.005303009650649136
0.005093844811415002
0.004739940287295942
0.004385153904809259
0.0039031692931805104
0.00343404959991393
0.0028807125942417956
0.0023749168938001705
0.001840681288420703
0.0013931730930220167
0.0009658900611060801
0.0006491757965615531
0.0003767698039322195
0.00021040828888808157
8.377971263586735e-5
3.257861796834325e-5
0.003353101077555031
0.003327991397251495
0.003312290020357976
0.003233534904854282
0.0031555210156612077
0.002997797148740036
0.002832055506396285
0.0025791825475211467
0.002323367456697457
0.001994718789090346
0.0016856818880934446
0.0013357352457911702
0.0010365751562889903
0.000732833153790266
0.0005048505284569214
0.0002972717037030161
0.00017034571967251513
6.844527437227054e-5
2.778349910569472e-5
0.001799577155937361
0.0018260089140769715
0.001785580526391666
0.0017863332709087923
0.001714210543091764
0.0016678453139627053
0.001544806909822024
0.0014367202309191192
0.0012591893873269738
0.0010985829678185086
0.0008902185993816792
0.0007121963474294167
0.0005151648246758612
0.00036471757457281204
0.00021944829819956684
0.00012820152843520986
5.2273643551940897e-5
2.1118560189336633e-5
0.0009543569318713973
0.0009488333894358973
0.0009525189068629994
0.0009353480756989521
0.000922674593756486
0.0008784812805816546
0.0008346570835841582
0.0007544489100521348
0.0006761423016430333
0.0005657280564404292
0.00046641246141652313
0.0003484373642822029
0.00025485464563720526
0.00015828353733501896
9.588601972033466e-5
4.0312272191046825e-5
1.7026854363753883e-5
0.0004531740427630469
0.0004721230221740323
0.0004557638481629195
0.00046916279657524036
0.0004449917942335803
0.00044210425996139743
0.00040161712769485794
0.000376842322572599
0.00031950433668135453
0.0002764481070185116
0.0002103996343953654
0.0001616794691662376
0.00010256799384175387
6.523234968653133e-5
2.797057018848555e-5
1.2444203101283028e-5
0.00022518407798137135
0.00022448677381125572
0.00022788415822867916
0.0002233941486664648
0.00022191316945251803
0.00020792218038977593
0.00019681992139674865
0.00017203433138626313
0.00015169739064168635
0.00011975705780332209
9.504344885910801e-5
6.28457832979711e-5
4.1679824014998025e-5
1.8646564933570204e-5
8.704370542650554e-6
0.00010878624104709389
0.00011921624928097044
0.00010999155022464201
0.00011645278623638871
0.000103706587807685
0.00010346899689707207
8.658836154858903e-5
8.034229153548371e-5
6.134135045035735e-5
5.177887881733096e-5
3.3832588066252734e-5
2.443443947700888e-5
1.0955185413679015e-5
5.71371144616715e-6
6.80774392924914e-5
6.787173756748002e-5
6.754020506605702e-5
6.281174637883292e-5
5.89931440681388e-5
5.002200703095825e-5
4.387653463167051e-5
3.347162153157997e-5
2.717448434905155e-5
1.776490147468604e-5
1.2809563460988666e-5
5.90984996510222e-6
3.3156122215139654e-6
4.560106498186667e-5
5.020605080219914e-5
4.365871690257408e-5
4.3498224959176554e-5
3.3921604419168465e-5
3.0436513724102132e-5
2.069735924127541e-5
1.700628984543965e-5
9.697169741701505e-6
7.2791069076612634e-6
2.842687199561898e-6
1.8006586447925002e-6
3.707377174437262e-5
3.656217367165742e-5
3.437364763712146e-5
2.9386711811194412e-5
2.4441072395500963e-5
1.749439629360374e-5
1.2771151526863709e-5
7.420994790372874e-6
4.839567027970788e-6
1.9556352911635428e-6
1.03623516420665e-6
2.6468074612405302e-5
2.798507459968347e-5
2.3619906715040285e-5
2.137623326453892e-5
1.4912001003725087e-5
1.1316628388416967e-5
6.0525604355955675e-6
3.953572111284216e-6
1.3549975879672153e-6
7.338661333514291e-7
1.915168812495291e-5
1.8485100768871556e-5
1.6640991710786912e-5
1.3066513976297083e-5
9.66442873962348e-6
5.677805734333655e-6
3.344022136237306e-6
1.2042052152054343e-6
4.997870530241913e-7
1.1819084264264323e-5
1.2147188277276942e-5
9.833332637439707e-6
8.153642831587121e-6
4.95869246066219e-6
3.1855590540226543e-6
1.149758841015428e-6
4.929978463785226e-7
7.0951258681153475e-6
6.632597060189789e-6
5.737970885962702e-6
4.031776392267212e-6
2.690437644085968e-6
1.1603468230455247e-6
4.7540506948474584e-7
3.4145400297934635e-6
3.459208863579875e-6
2.6091400753443197e-6
2.0294886378570868e-6
9.85815481357751e-7
4.767145746855963e-7
1.49062998932763e-6
1.3125989963373293e-6
1.13036862784038e-6
6.520953459243995e-7
3.6291244150719705e-7
4.065656046702033e-7
4.3853030946139516e-7
2.6321934930709536e-7
1.9141197731086378e-7
8.366446311946733e-8
5.4013967763825125e-8
4.371906469326901e-8
4.342389928874523e-9
5.075827961909299e-10
-3.2233543755378904e-12
