1.0
0.9763782451116102
0.9527564891927331
0.8914079235880509
0.8328713227081201
0.747534807026387
0.6691753436768652
0.5748988778639492
0.49169667089954083
0.4020840439555762
0.3264066391771973
0.25150478513459446
0.19152268699171515
0.13672789275782277
0.09580137201010056
0.061671053420717284
0.038578597627500794
0.021470673042630378
0.01149142104584007
0.005177543584004647
0.002238381439078119
0.0007425936610355431
0.000264050802057891
8.028099358575127e-5
5.543923149167892e-5
3.0854183118128536e-5
2.090740294963274e-5
7.771321156455788e-6
3.176645531881079e-6
2.824703587903085e-7
3.168757672522637e-8
0.9763782451116102
0.9612588253444657
0.931289609690985
0.8776399580665893
0.8145917380074379
0.7360375147897854
0.6546284147325133
0.5661137933843814
0.4809686622103387
0.3960245170249255
0.3192091341746602
0.24785876597760778
0.18726123513249396
0.1349316512133315
0.0936644801369194
0.06104055229148986
0.037716925086584634
0.02140134155651618
0.011234277393004602
0.005261034484385833
0.0021871431002922475
0.0008108392884941919
0.0002547850127764635
0.00010941165975430585
5.110274660848827e-5
3.8054959162196776e-5
1.719908162378861e-5
8.831130128302462e-6
1.7883406764234983e-6
4.620057422630655e-7
0.9527564891927331
0.931289609690985
0.9096150157504169
0.8514498247949458
0.7958167703292688
0.7142829452767387
0.639349387655063
0.5490550052357706
0.4693682929278124
0.3835345800638608
0.3111222000832339
0.239501325133163
0.1822459527494488
0.1299887106556073
0.09103852275704101
0.05857736024398979
0.036672909546600824
0.020448310172649982
0.010992336520094483
0.004985611331169422
0.002182912974988229
0.0007385634343125407
0.00026883426359291076
8.116811647586013e-5
5.113441532396063e-5
2.4051322690864237e-5
1.5058200290095016e-5
4.199734111020945e-6
1.8113724232784466e-6
0.8914079235880509
0.8776399580665893
0.8514498247949458
0.8035450267239234
0.7460107463367937
0.6743114480830046
0.5993650007125613
0.5180673178111905
0.43953832623187433
0.36146895922710615
0.29075953120333115
0.22538168377273513
0.1698624153529437
0.1221718938378667
0.08459684253653912
0.055071542545871335
0.03398975858515992
0.019334054453076326
0.010188977244269596
0.004821897146979564
0.0020276929382759216
0.0007661802988709946
0.00024035074655548097
9.520460620367152e-5
3.4244899647930526e-5
2.163162426101568e-5
6.3730267563782806e-6
3.1555257103761267e-6
0.8328713227081201
0.8145917380074379
0.7958167703292688
0.7460107463367937
0.6980456313341098
0.6264634060218488
0.5605499625935116
0.48072070040328085
0.41031995456731807
0.33442559719007076
0.27058680868462515
0.2075423103895501
0.15740207641031018
0.1117719632511342
0.07800310935110383
0.04996637216850447
0.03121227173723278
0.017370283905045535
0.009370159187163671
0.004273447815195088
0.0018942945959392725
0.0006456035850657877
0.00023170591096076233
5.9180125007836825e-5
2.8389686134811113e-5
7.4500343800549085e-6
4.088081270752633e-6
0.747534807026387
0.7360375147897854
0.7142829452767387
0.6743114480830046
0.6264634060218488
0.5666605391951309
0.5030231557018009
0.43428257550336935
0.3673459055495526
0.30123918502879593
0.24116907386449934
0.1861071431327296
0.1393556866411655
0.09963961623982384
0.06843439687667648
0.044249298839792416
0.02705852342260766
0.01530925675181213
0.00800155288965127
0.003783969923125273
0.0015786918529554137
0.0005939441643287465
0.0001735587843233142
5.8468602238544336e-5
1.1935513186384262e-5
5.660189827001763e-6
0.6691753436768652
0.6546284147325133
0.639349387655063
0.5993650007125613
0.5605499625935116
0.5030231557018009
0.449851478011767
0.3847889185558099
0.32748580726892973
0.26558541094053467
0.2137709501451372
0.16270362530085897
0.12244749468078973
0.08600782380981704
0.05940006959544577
0.03749248419654129
0.02311114819799673
0.012618732811672414
0.006703497398407229
0.0029772663356882148
0.0012951934997248386
0.00041939136044470167
0.0001408274625918452
2.5221560203376463e-5
8.404939847477223e-6
0.5748988778639492
0.5661137933843814
0.5490550052357706
0.5180673178111905
0.48072070040328085
0.43428257550336935
0.3847889185558099
0.3315755513636971
0.27904636006419303
0.22766724292650553
0.18071560290943842
0.1382466038179678
0.1021864670521819
0.07211102701465243
0.048602741009005065
0.03083749028250326
0.018335955254096866
0.010097684578093277
0.005055337339248505
0.002297130359479705
0.0008872036221905372
0.0003128664568706256
7.282988888206796e-5
2.0163367447906317e-5
0.49169667089954083
0.4809686622103387
0.4693682929278124
0.43953832623187433
0.41031995456731807
0.3673459055495526
0.32748580726892973
0.27904636006419303
0.23640935946533323
0.19013831859666508
0.1516741662087714
0.11385465260299207
0.08444600990694448
0.05804730400969379
0.03921080222986254
0.023930499395767114
0.014251615957551518
0.007361933085238229
0.003703644551591046
0.0014849506074661196
0.0005899055746189636
0.00014827275550262757
4.048722664654021e-5
0.4020840439555762
0.3960245170249255
0.3835345800638608
0.36146895922710615
0.33442559719007076
0.30123918502879593
0.26558541094053467
0.22766724292650553
0.19013831859666508
0.15388093742740763
0.1204371080507424
0.09077318474534792
0.0655731747216755
0.04515694518527287
0.02933496819869437
0.01789537500687651
0.009997863235593853
0.005155531266107939
0.0022978481228332253
0.0009267198432868861
0.00027062343112236865
7.470719448048029e-5
0.3264066391771973
0.3192091341746602
0.3111222000832339
0.29075953120333115
0.27058680868462515
0.24116907386449934
0.2137709501451372
0.18071560290943842
0.1516741662087714
0.1204371080507424
0.09470943804086027
0.0694845022187987
0.050285675617326726
0.03325628025903756
0.021566320437650926
0.01230870557857307
0.0068350231477793
0.003109557243603669
0.0013776680403722239
0.0004023319897097277
0.00012110827241421631
0.25150478513459446
0.24785876597760778
0.239501325133163
0.22538168377273513
0.2075423103895501
0.1861071431327296
0.16270362530085897
0.1382466038179678
0.11385465260299207
0.09077318474534792
0.0694845022187987
0.05114515354782349
0.03555148050185483
0.023493146147616856
0.014262275772788859
0.008084124524560966
0.0039573784240952425
0.001779126113944733
0.0005785235850839824
0.0001698610397746799
0.19152268699171515
0.18726123513249396
0.1822459527494488
0.1698624153529437
0.15740207641031018
0.1393556866411655
0.12244749468078973
0.1021864670521819
0.08444600990694448
0.0655731747216755
0.050285675617326726
0.03555148050185483
0.024731496772428026
0.01529324616974849
0.00924435641665028
0.004615122751302747
0.002230846524451478
0.0007289112148272095
0.00023976958708820536
0.13672789275782277
0.1349316512133315
0.1299887106556073
0.1221718938378667
0.1117719632511342
0.09963961623982384
0.08600782380981704
0.07211102701465243
0.05804730400969379
0.04515694518527287
0.03325628025903756
0.023493146147616856
0.01529324616974849
0.009437614924519444
0.005034590104324142
0.00249105705790643
0.0008734708280673229
0.0002836336035961326
0.09580137201010056
0.0936644801369194
0.09103852275704101
0.08459684253653912
0.07800310935110383
0.06843439687667648
0.05940006959544577
0.048602741009005065
0.03921080222986254
0.02933496819869437
0.021566320437650926
0.014262275772788859
0.00924435641665028
0.005034590104324142
0.0026861979266077753
0.0009720385307725046
0.00034605707747643486
0.061671053420717284
0.06104055229148986
0.05857736024398979
0.055071542545871335
0.04996637216850447
0.044249298839792416
0.03749248419654129
0.03083749028250326
0.023930499395767114
0.01789537500687651
0.01230870557857307
0.008084124524560966
0.004615122751302747
0.00249105705790643
0.0009720385307725046
0.00036134090818673174
0.038578597627500794
0.037716925086584634
0.036672909546600824
0.03398975858515992
0.03121227173723278
0.02705852342260766
0.02311114819799673
0.018335955254096866
0.014251615957551518
0.009997863235593853
0.0068350231477793
0.0039573784240952425
0.002230846524451478
0.0008734708280673229
0.00034605707747643486
0.021470673042630378
0.02140134155651618
0.020448310172649982
0.019334054453076326
0.017370283905045535
0.01530925675181213
0.012618732811672414
0.010097684578093277
0.007361933085238229
0.005155531266107939
0.003109557243603669
0.001779126113944733
0.0007289112148272095
0.0002836336035961326
0.01149142104584007
0.011234277393004602
0.010992336520094483
0.010188977244269596
0.009370159187163671
0.00800155288965127
0.006703497398407229
0.005055337339248505
0.003703644551591046
0.0022978481228332253
0.0013776680403722239
0.0005785235850839824
0.00023976958708820536
0.005177543584004647
0.005261034484385833
0.004985611331169422
0.004821897146979564
0.004273447815195088
0.003783969923125273
0.0029772663356882148
0.002297130359479705
0.0014849506074661196
0.0009267198432868861
0.0004023319897097277
0.0001698610397746799
0.002238381439078119
0.0021871431002922475
0.002182912974988229
0.0020276929382759216
0.0018942945959392725
0.0015786918529554137
0.0012951934997248386
0.0008872036221905372
0.0005899055746189636
0.00027062343112236865
0.00012110827241421631
0.0007425936610355431
0.0008108392884941919
0.0007385634343125407
0.0007661802988709946
0.0006456035850657877
0.0005939441643287465
0.00041939136044470167
0.0003128664568706256
0.00014827275550262757
7.470719448048029e-5
0.000264050802057891
0.0002547850127764635
0.00026883426359291076
0.00024035074655548097
0.00023170591096076233
0.0001735587843233142
0.0001408274625918452
7.282988888206796e-5
4.048722664654021e-5
8.028099358575127e-5
0.00010941165975430585
8.116811647586013e-5
9.520460620367152e-5
5.9180125007836825e-5
5.8468602238544336e-5
2.5221560203376463e-5
2.0163367447906317e-5
5.543923149167892e-5
5.110274660848827e-5
5.113441532396063e-5
3.4244899647930526e-5
2.8389686134811113e-5
1.1935513186384262e-5
8.404939847477223e-6
3.0854183118128536e-5
3.8054959162196776e-5
2.4051322690864237e-5
2.163162426101568e-5
7.4500343800549085e-6
5.660189827001763e-6
2.090740294963274e-5
1.719908162378861e-5
1.5058200290095016e-5
6.3730267563782806e-6
4.088081270752633e-6
7.771321156455788e-6
8.831130128302462e-6
4.199734111020945e-6
3.1555257103761267e-6
3.176645531881079e-6
1.7883406764234983e-6
1.8113724232784466e-6
2.824703587903085e-7
4.620057422630655e-7
3.168757672522637e-8
