1.0
0.9454367399888293
0.8908734787700232
0.7629640208071417
0.648701253101658
0.5000975288400816
0.37997853773748896
0.25657128888655967
0.1681922436977099
0.09321511269281799
0.04852686252825835
0.019056333803689766
0.006709532927454688
0.0013531998513178862
0.0002859815400968785
5.4155952201113726e-5
5.358366161712869e-5
1.2723591151860278e-5
6.3560539249260765e-6
0.9454367399888293
0.9120043900908691
0.845254528850046
0.7361404793540179
0.6159604427315364
0.4827535683604212
0.36042263862789137
0.24811867091957873
0.1592375254704194
0.09072904933737214
0.04579191909744732
0.019033937539654926
0.006253975171056643
0.001595102871791967
0.00022602633216758374
0.00012115036056855169
3.5914593476175005e-5
2.3972763776170802e-5
0.8908734787700232
0.845254528850046
0.7986879533831165
0.684210246842122
0.5816473907622329
0.44743677086415234
0.3392306019500874
0.2281066092905666
0.14910560651223048
0.08221815557052037
0.04280672840766324
0.016843366417910798
0.006058906606746833
0.001262592089882884
0.00028585468703073926
4.306074264027569e-5
3.4356015481587984e-5
0.7629640208071417
0.7361404793540179
0.684210246842122
0.5976132436886841
0.49855715586642935
0.3897476344597284
0.2886925554912044
0.19735954637078826
0.12503339610814715
0.07054683544466035
0.03501923220488316
0.014545164986382269
0.004732371369285015
0.0012429002749141042
0.00015082296064118335
5.683540557115577e-5
0.648701253101658
0.6159604427315364
0.5816473907622329
0.49855715586642935
0.423507561853407
0.32310621927520966
0.24285052380081684
0.16039044978751266
0.10308566368987068
0.05506776392473241
0.027973205073304093
0.01045498156950466
0.0036728142767932085
0.0006839296410985743
0.00014268423063020522
0.5000975288400816
0.4827535683604212
0.44743677086415234
0.3897476344597284
0.32310621927520966
0.25092666056201407
0.18213016143351238
0.12192761580598492
0.07416820883012934
0.0401469201075758
0.0183732053485247
0.007061045261352957
0.0018732315772482138
0.00042632259490391853
0.37997853773748896
0.36042263862789137
0.3392306019500874
0.2886925554912044
0.24285052380081684
0.18213016143351238
0.1342232906134406
0.08481119332182836
0.05207220715044008
0.025213737935312064
0.01161951395921931
0.0033278535172431224
0.0009263214905443616
0.25657128888655967
0.24811867091957873
0.2281066092905666
0.19735954637078826
0.16039044978751266
0.12192761580598492
0.08481119332182836
0.05422768674090796
0.02981081628029358
0.014458728838639532
0.00500657434438961
0.001430604382722647
0.1681922436977099
0.1592375254704194
0.14910560651223048
0.12503339610814715
0.10308566368987068
0.07416820883012934
0.05207220715044008
0.02981081628029358
0.016557499693398404
0.006019791539200871
0.002110955920882264
0.09321511269281799
0.09072904933737214
0.08221815557052037
0.07054683544466035
0.05506776392473241
0.0401469201075758
0.025213737935312064
0.014458728838639532
0.006019791539200871
0.0022253241261000027
0.04852686252825835
0.04579191909744732
0.04280672840766324
0.03501923220488316
0.027973205073304093
0.0183732053485247
0.01161951395921931
0.00500657434438961
0.002110955920882264
0.019056333803689766
0.019033937539654926
0.016843366417910798
0.014545164986382269
0.01045498156950466
0.007061045261352957
0.0033278535172431224
0.001430604382722647
0.006709532927454688
0.006253975171056643
0.006058906606746833
0.004732371369285015
0.0036728142767932085
0.0018732315772482138
0.0009263214905443616
0.0013531998513178862
0.001595102871791967
0.001262592089882884
0.0012429002749141042
0.0006839296410985743
0.00042632259490391853
0.0002859815400968785
0.00022602633216758374
0.00028585468703073926
0.00015082296064118335
0.00014268423063020522
5.4155952201113726e-5
0.00012115036056855169
4.306074264027569e-5
5.683540557115577e-5
5.358366161712869e-5
3.5914593476175005e-5
3.4356015481587984e-5
1.2723591151860278e-5
2.3972763776170802e-5
6.3560539249260765e-6
