1.0
0.9884455571234597
0.9768911106160596
0.9453566781769248
0.9145114305204758
0.8672778063279025
0.8218824743191243
0.7639003921522254
0.709133578843303
0.6455468640304122
0.5865558150311705
0.5222404323680476
0.4637078779293224
0.4028847082974457
0.3486873888119573
0.2946365040385899
0.24762412109485835
0.2025292619811091
0.16441767615557396
0.12930755095340737
0.10066356663693152
0.0754447554069184
0.055769243799426535
0.03936205887467591
0.027273986761464804
0.017855280539384302
0.011403317877069736
0.006784086152711337
0.003906643961310758
0.002060814867223026
0.0010437443301357962
0.0004805086247436833
0.00021762379168406898
0.00010185734973671075
5.7506878015069085e-5
3.960549660734072e-5
3.0207847196239686e-5
2.09762321277917e-5
1.3956295036639254e-5
7.901390278021883e-6
4.099519038878528e-6
1.6216891713933323e-6
4.96966442891263e-7
7.227478129591959e-8
7.601283421346147e-9
-8.834013848447952e-11
0.9884455571234597
0.9804528372250493
0.9660037670333466
0.937712294049302
0.9045936413211502
0.8602596424527175
0.8131466460646584
0.7577081394631794
0.7017041137319986
0.6402989996272014
0.5804708420352709
0.517981933514281
0.45893291581683726
0.39959581853891707
0.34512628090531994
0.29224473092122166
0.24513110125487897
0.20091460891586774
0.16280559879990933
0.12831416532691875
0.09972195815260407
0.07490196174138088
0.0552907276473625
0.03910867900199901
0.027078034247475586
0.017763598343788517
0.011351612878496965
0.0067650412707086355
0.003909777444438769
0.0020650770886916077
0.0010574026289976886
0.00048732482743169415
0.00022702436861540918
0.0001061736820863421
6.127955553211924e-5
4.1641698793422544e-5
3.072420792539633e-5
2.1555457228056038e-5
1.3570747413474877e-5
7.895700384630732e-6
3.7890744869522034e-6
1.5754452972844384e-6
4.1864120747009845e-7
7.534830268439513e-8
-1.3521376578540687e-9
0.9768911106160596
0.9660037670333466
0.9550432489349938
0.9244456029849532
0.8944584999900524
0.8483668695859942
0.8040222652662155
0.7473171668216904
0.6937203689517568
0.6314696663827839
0.5736942037194035
0.5107081967830998
0.453374190885403
0.3938157082084267
0.3407477904952883
0.2878516957051607
0.24185330380367967
0.1977585483716615
0.1605025858372873
0.12620256441578512
0.09822820710944584
0.07361520797531157
0.054418221677116504
0.038420055267854365
0.026637784089337153
0.017458429741940857
0.011167492098801381
0.006659203884054833
0.0038473341001991537
0.0020392920739581905
0.0010395958346983945
0.00048276258313012315
0.00022060421830948017
0.0001030505016876096
5.689949017536591e-5
3.739767515878985e-5
2.7328883727879317e-5
1.809569343073249e-5
1.159829449176196e-5
6.185076700577426e-6
3.0695179513868226e-6
1.1321278264428535e-6
3.23236377807238e-7
3.470978371381747e-8
0.9453566781769248
0.937712294049302
0.9244456029849532
0.8979028468440396
0.8664572893333279
0.8242511476525429
0.7791732001614889
0.7261144965490068
0.6723695375424573
0.613463236606247
0.555979606021297
0.495980635432341
0.43923967943884445
0.382275339236016
0.3299749042083768
0.2792581454443615
0.23408742403948116
0.1917471787836379
0.1552775688083513
0.12231110785258255
0.09500619026755767
0.07133240138188116
0.052647081041614564
0.037247709902966906
0.02580981681189809
0.01695989654014407
0.010865008699378072
0.006499918107608309
0.00377531718589303
0.002008448893506431
0.0010371241292777245
0.00048269977860175437
0.00022516444392933657
0.00010307672361090796
5.552383624686065e-5
3.442218481693968e-5
2.325639963319921e-5
1.5166146135801927e-5
8.6614278883864e-6
4.630939435007515e-6
1.9778322729638813e-6
7.56859325162745e-7
1.4942599181314927e-7
0.9145114305204758
0.9045936413211502
0.8944584999900524
0.8664572893333279
0.838861945423099
0.7959199064050502
0.7544885791257115
0.7013003075384239
0.6509440584283671
0.5923844189294785
0.5379824206548495
0.4786714781124658
0.42466338515929386
0.36860216312138144
0.3186598865451023
0.268944928770681
0.22574179915191783
0.18439749543300524
0.14950001220662323
0.1174341864634998
0.09131271454655253
0.0683800176287849
0.05051875110681595
0.03566685862700299
0.02474230437283948
0.016243899152058816
0.010419821874221224
0.006242029370267905
0.003627909080607205
0.0019388189087723208
0.0009977554479845563
0.00046743356936004697
0.0002131707625521929
9.563594614656852e-5
4.768831312855647e-5
2.7032410164280322e-5
1.7479778097337582e-5
9.904334044658927e-6
5.60235477442187e-6
2.454608373838451e-6
1.0894664082536745e-6
2.647101707187977e-7
0.8672778063279025
0.8602596424527175
0.8483668695859942
0.8242511476525429
0.7959199064050502
0.7576343118443147
0.7163234583615992
0.667648449405018
0.6180821373515557
0.5637856140952089
0.5106465537461929
0.4552501347100625
0.4027862756572345
0.3502050190742887
0.3019141680049551
0.2551824438132944
0.2135862130417734
0.17468965053820096
0.14123221239506784
0.11106610188382986
0.08613007577601618
0.06456939892245322
0.0475939785315368
0.03364264152609353
0.02330652467321398
0.015327625447505697
0.009838797474293138
0.005908297419842403
0.003449087103255525
0.0018473843032373494
0.0009599184643180541
0.0004482200398095413
0.0002062353448994003
8.902404829488401e-5
4.18839797887235e-5
2.149233892452843e-5
1.1866224824182359e-5
6.3707669731731755e-6
2.766317952089648e-6
1.2249508790492816e-6
2.879969614690151e-7
0.8218824743191243
0.8131466460646584
0.8040222652662155
0.7791732001614889
0.7544885791257115
0.7163234583615992
0.679315082870796
0.6314536194917993
0.5860157835199031
0.5330500529991609
0.48377325395825854
0.4300420094413227
0.3810886519126721
0.3303299714626796
0.28512388556436424
0.24021509619282774
0.20122864039786637
0.16402466301598626
0.13267542529638113
0.10397040112008686
0.08064041248754114
0.06024123763573175
0.044396827523732425
0.031281168038685137
0.02166277188907336
0.014213342306678423
0.009117522636633367
0.005471284941827935
0.003187946572527459
0.0017105904396394096
0.000882358899144868
0.00041231256211266107
0.00018393027692067536
7.686227269671338e-5
3.2638616184230845e-5
1.4341194871868578e-5
7.2384099239102035e-6
2.7834872572732e-6
1.1806684926998887e-6
1.7784267727365203e-7
0.7639003921522254
0.7577081394631794
0.7473171668216904
0.7261144965490068
0.7013003075384239
0.667648449405018
0.6314536194917993
0.5886948307950768
0.5447928960954184
0.49672212215627715
0.449471055701186
0.400293695950913
0.3536236980787612
0.30695732919175384
0.2640782920974267
0.2227040109898485
0.1859100844849286
0.15162356931809073
0.12219630273991497
0.09577178933386167
0.07400161839121457
0.055264874309633186
0.040577229748670986
0.028568653273454928
0.019718684786168835
0.012923753982890897
0.008272289323391595
0.004955540852012931
0.0028876538876722855
0.0015438204185947353
0.0007995249451799989
0.00036890975753528987
0.0001645785649800035
6.514884567847384e-5
2.581667623122984e-5
9.823029078350072e-6
3.7593873536436427e-6
1.28824531008907e-6
1.1510236710342133e-7
0.709133578843303
0.7017041137319986
0.6937203689517568
0.6723695375424573
0.6509440584283671
0.6180821373515557
0.5860157835199031
0.5447928960954184
0.5054886839534655
0.45948919187605913
0.4165997608219024
0.36981072393877984
0.3271467536599161
0.2829725859522943
0.24363999079201962
0.20467473503052255
0.1708917422205464
0.13878356112604973
0.11179396525175962
0.08721111980735075
0.0673020015314118
0.05000655479678903
0.03663571036403382
0.0256541025662309
0.01764683656183825
0.011502294281191596
0.0073239987240770596
0.004363722103526544
0.0025208111666453915
0.001341222686395619
0.0006829567159273204
0.0003132167234339002
0.00013352865686730374
5.0959308855110735e-5
1.7569253267986204e-5
5.431923598529536e-6
1.7402975264526233e-6
1.233762624392297e-7
0.6455468640304122
0.6402989996272014
0.6314696663827839
0.613463236606247
0.5923844189294785
0.5637856140952089
0.5330500529991609
0.49672212215627715
0.45948919187605913
0.41870830652872415
0.37837251006978584
0.33646606404488344
0.2965804127168194
0.25681051039015634
0.22024430882366708
0.18509049548395498
0.15386757024138295
0.12490747973700503
0.10013005978097073
0.0780089393429035
0.059876899748241806
0.04438044726358205
0.03231892827769441
0.02254098971702701
0.015402861535978342
0.009978649087546086
0.006309126093521979
0.0037236766772793654
0.002136394542629974
0.001118976153992705
0.0005668433329277346
0.0002518126991320502
0.00010687001507382694
3.733226272907788e-5
1.217246581551346e-5
2.858003787781445e-6
5.351563488014328e-7
0.5865558150311705
0.5804708420352709
0.5736942037194035
0.555979606021297
0.5379824206548495
0.5106465537461929
0.48377325395825854
0.449471055701186
0.4165997608219024
0.37837251006978584
0.34260584369895997
0.3035392930908532
0.26786469720545564
0.23098873573893627
0.1981553835444541
0.1657472604118013
0.1376916467101836
0.11117412655850369
0.08895534568008731
0.06886965501170988
0.05268622614526523
0.03876468467533219
0.028079511848658208
0.019413238767994227
0.01315635041306199
0.008434496913173651
0.00526429832829744
0.0030679918626926447
0.00172346930944801
0.0008893364776800519
0.00043345305163253493
0.0001890160532255279
7.333051941204486e-5
2.479232034964562e-5
6.060747118557678e-6
1.0813696390601211e-6
0.5222404323680476
0.517981933514281
0.5107081967830998
0.495980635432341
0.4786714781124658
0.4552501347100625
0.4300420094413227
0.400293695950913
0.36981072393877984
0.33646606404488344
0.3035392930908532
0.269377631466764
0.23672787757690703
0.20427456782951323
0.1744074888742782
0.14582187878771297
0.12047585839252056
0.0971066658068271
0.07720233038508424
0.059570653395078506
0.04522693151107812
0.0330912758773554
0.023750642836320546
0.01627552857264294
0.01090518020402267
0.006894829679374833
0.004243392439878525
0.0024177845705292897
0.0013354738137989575
0.0006624618817576298
0.0003170649699668368
0.0001271505128440554
4.8516621095753734e-5
1.2804695022275062e-5
3.244306235036375e-6
0.4637078779293224
0.45893291581683726
0.453374190885403
0.43923967943884445
0.42466338515929386
0.4027862756572345
0.3810886519126721
0.3536236980787612
0.3271467536599161
0.2965804127168194
0.26786469720545564
0.23672787757690703
0.20822058322914846
0.17880397829956146
0.15260165139568732
0.12686049844390554
0.1046142475750634
0.08374329950137663
0.0663290413964496
0.050752714037044594
0.03829208261416873
0.027725613196952638
0.01970300451198001
0.01332271985852198
0.008788340168316727
0.005460850617848032
0.0032760904940936485
0.0018238301293519164
0.0009629524158353956
0.0004634464804437163
0.00020238844659969252
7.80097088106224e-5
2.2737261298451307e-5
5.792544818559727e-6
0.4028847082974457
0.39959581853891707
0.3938157082084267
0.382275339236016
0.36860216312138144
0.3502050190742887
0.3303299714626796
0.30695732919175384
0.2829725859522943
0.25681051039015634
0.23098873573893627
0.20427456782951323
0.17880397829956146
0.1535690915314274
0.13031272252822174
0.10817239055151492
0.08858937947896169
0.07066967177132773
0.05550329495371464
0.04220745342197172
0.03151111680559399
0.022587091250870297
0.015835820054224462
0.010535379511523111
0.00682769769955134
0.004132266000529916
0.0024208194502910304
0.0012860016152607414
0.0006577852272573585
0.00028789029974673835
0.00012110911055369487
3.590079382309782e-5
1.0305201262873421e-5
0.3486873888119573
0.34512628090531994
0.3407477904952883
0.3299749042083768
0.3186598865451023
0.3019141680049551
0.28512388556436424
0.2640782920974267
0.24363999079201962
0.22024430882366708
0.1981553835444541
0.1744074888742782
0.15260165139568732
0.13031272252822174
0.11044018179114545
0.09103465226300325
0.07429754620549635
0.05875319256418986
0.04585350201691166
0.03448277900006155
0.02547556849822039
0.017996244999721894
0.012406241583028346
0.008092815068272637
0.005101591405142325
0.0030060586774892485
0.001677699892124617
0.0008572626998692637
0.0003969237214281952
0.0001643733775187806
5.280765665463827e-5
1.47289180994898e-5
0.2946365040385899
0.29224473092122166
0.2878516957051607
0.2792581454443615
0.268944928770681
0.2551824438132944
0.24021509619282774
0.2227040109898485
0.20467473503052255
0.18509049548395498
0.1657472604118013
0.14582187878771297
0.12686049844390554
0.10817239055151492
0.09103465226300325
0.07482629250215903
0.06054085095705095
0.04759401529085238
0.03673780940937536
0.027348255956674842
0.01991601055806915
0.013832712314120126
0.009353070572351815
0.0059308707703194935
0.0036400195548121684
0.0020413147078546263
0.0010975157170106953
0.000507153392974052
0.00022240133139900993
6.982561111065271e-5
2.1314863960328033e-5
0.24762412109485835
0.24513110125487897
0.24185330380367967
0.23408742403948116
0.22574179915191783
0.2135862130417734
0.20122864039786637
0.1859100844849286
0.1708917422205464
0.15386757024138295
0.1376916467101836
0.12047585839252056
0.1046142475750634
0.08858937947896169
0.07429754620549635
0.06054085095705095
0.04870997269953207
0.03787100613136456
0.02894159197672851
0.02123149459512043
0.015204764271935168
0.010349886061514324
0.006801804996522293
0.004191127504204189
0.002446256191476126
0.0013168734350382163
0.0006402225605983145
0.00027809453573204087
9.274365139832851e-5
2.6572634231449225e-5
0.2025292619811091
0.20091460891586774
0.1977585483716615
0.1917471787836379
0.18439749543300524
0.17468965053820096
0.16402466301598626
0.15162356931809073
0.13878356112604973
0.12490747973700503
0.11117412655850369
0.0971066658068271
0.08374329950137663
0.07066967177132773
0.05875319256418986
0.04759401529085238
0.03787100613136456
0.02917175110807195
0.02197571255994005
0.015861841924115327
0.011140936128361725
0.0073739596510144995
0.004713854571176924
0.0027587806781068304
0.0015466048081364953
0.0007517355773167047
0.0003448520090827778
0.00011367216139376815
3.5264697107256875e-5
0.16441767615557396
0.16280559879990933
0.1605025858372873
0.1552775688083513
0.14950001220662323
0.14123221239506784
0.13267542529638113
0.12219630273991497
0.11179396525175962
0.10013005978097073
0.08895534568008731
0.07720233038508424
0.0663290413964496
0.05550329495371464
0.04585350201691166
0.03673780940937536
0.02894159197672851
0.02197571255994005
0.01629959388008873
0.011540354013737047
0.00788816392961726
0.005078960553303893
0.003088900812217207
0.0017328977792481577
0.000876143564769854
0.00039998347478689754
0.00014005619331492147
4.2028224186541406e-5
0.12930755095340737
0.12831416532691875
0.12620256441578512
0.12231110785258255
0.1174341864634998
0.11106610188382986
0.10397040112008686
0.09577178933386167
0.08721111980735075
0.0780089393429035
0.06886965501170988
0.059570653395078506
0.050752714037044594
0.04220745342197172
0.03448277900006155
0.027348255956674842
0.02123149459512043
0.015861841924115327
0.011540354013737047
0.007959333719900702
0.005298826051472388
0.003247905330136398
0.0018993277819555796
0.0009603947033721594
0.00045647096871133576
0.00015749761797016266
5.092882462700678e-5
0.10066356663693152
0.09972195815260407
0.09822820710944584
0.09500619026755767
0.09131271454655253
0.08613007577601618
0.08064041248754114
0.07400161839121457
0.0673020015314118
0.059876899748241806
0.05268622614526523
0.04522693151107812
0.03829208261416873
0.03151111680559399
0.02547556849822039
0.01991601055806915
0.015204764271935168
0.011140936128361725
0.00788816392961726
0.005298826051472388
0.0033666966437511828
0.0019868501584809984
0.0010521082609801409
0.0005001264491811962
0.00018048256626140426
5.688657309508234e-5
0.0754447554069184
0.07490196174138088
0.07361520797531157
0.07133240138188116
0.0683800176287849
0.06456939892245322
0.06024123763573175
0.055264874309633186
0.05000655479678903
0.04438044726358205
0.03876468467533219
0.0330912758773554
0.027725613196952638
0.022587091250870297
0.017996244999721894
0.013832712314120126
0.010349886061514324
0.0073739596510144995
0.005078960553303893
0.003247905330136398
0.0019868501584809984
0.0010637998340527024
0.0005333062348058458
0.0001918546518664954
6.369845187698452e-5
0.055769243799426535
0.0552907276473625
0.054418221677116504
0.052647081041614564
0.05051875110681595
0.0475939785315368
0.044396827523732425
0.040577229748670986
0.03663571036403382
0.03231892827769441
0.028079511848658208
0.023750642836320546
0.01970300451198001
0.015835820054224462
0.012406241583028346
0.009353070572351815
0.006801804996522293
0.004713854571176924
0.003088900812217207
0.0018993277819555796
0.0010521082609801409
0.0005333062348058458
0.0002068361246547579
6.898948151282159e-5
0.03936205887467591
0.03910867900199901
0.038420055267854365
0.037247709902966906
0.03566685862700299
0.03364264152609353
0.031281168038685137
0.028568653273454928
0.0256541025662309
0.02254098971702701
0.019413238767994227
0.01627552857264294
0.01332271985852198
0.010535379511523111
0.008092815068272637
0.0059308707703194935
0.004191127504204189
0.0027587806781068304
0.0017328977792481577
0.0009603947033721594
0.0005001264491811962
0.0001918546518664954
6.898948151282159e-5
0.027273986761464804
0.027078034247475586
0.026637784089337153
0.02580981681189809
0.02474230437283948
0.02330652467321398
0.02166277188907336
0.019718684786168835
0.01764683656183825
0.015402861535978342
0.01315635041306199
0.01090518020402267
0.008788340168316727
0.00682769769955134
0.005101591405142325
0.0036400195548121684
0.002446256191476126
0.0015466048081364953
0.000876143564769854
0.00045647096871133576
0.00018048256626140426
6.369845187698452e-5
0.017855280539384302
0.017763598343788517
0.017458429741940857
0.01695989654014407
0.016243899152058816
0.015327625447505697
0.014213342306678423
0.012923753982890897
0.011502294281191596
0.009978649087546086
0.008434496913173651
0.006894829679374833
0.005460850617848032
0.004132266000529916
0.0030060586774892485
0.0020413147078546263
0.0013168734350382163
0.0007517355773167047
0.00039998347478689754
0.00015749761797016266
5.688657309508234e-5
0.011403317877069736
0.011351612878496965
0.011167492098801381
0.010865008699378072
0.010419821874221224
0.009838797474293138
0.009117522636633367
0.008272289323391595
0.0073239987240770596
0.006309126093521979
0.00526429832829744
0.004243392439878525
0.0032760904940936485
0.0024208194502910304
0.001677699892124617
0.0010975157170106953
0.0006402225605983145
0.0003448520090827778
0.00014005619331492147
5.092882462700678e-5
0.006784086152711337
0.0067650412707086355
0.006659203884054833
0.006499918107608309
0.006242029370267905
0.005908297419842403
0.005471284941827935
0.004955540852012931
0.004363722103526544
0.0037236766772793654
0.0030679918626926447
0.0024177845705292897
0.0018238301293519164
0.0012860016152607414
0.0008572626998692637
0.000507153392974052
0.00027809453573204087
0.00011367216139376815
4.2028224186541406e-5
0.003906643961310758
0.003909777444438769
0.0038473341001991537
0.00377531718589303
0.003627909080607205
0.003449087103255525
0.003187946572527459
0.0028876538876722855
0.0025208111666453915
0.002136394542629974
0.00172346930944801
0.0013354738137989575
0.0009629524158353956
0.0006577852272573585
0.0003969237214281952
0.00022240133139900993
9.274365139832851e-5
3.5264697107256875e-5
0.002060814867223026
0.0020650770886916077
0.0020392920739581905
0.002008448893506431
0.0019388189087723208
0.0018473843032373494
0.0017105904396394096
0.0015438204185947353
0.001341222686395619
0.001118976153992705
0.0008893364776800519
0.0006624618817576298
0.0004634464804437163
0.00028789029974673835
0.0001643733775187806
6.982561111065271e-5
2.6572634231449225e-5
0.0010437443301357962
0.0010574026289976886
0.0010395958346983945
0.0010371241292777245
0.0009977554479845563
0.0009599184643180541
0.000882358899144868
0.0007995249451799989
0.0006829567159273204
0.0005668433329277346
0.00043345305163253493
0.0003170649699668368
0.00020238844659969252
0.00012110911055369487
5.280765665463827e-5
2.1314863960328033e-5
0.0004805086247436833
0.00048732482743169415
0.00048276258313012315
0.00048269977860175437
0.00046743356936004697
0.0004482200398095413
0.00041231256211266107
0.00036890975753528987
0.0003132167234339002
0.0002518126991320502
0.0001890160532255279
0.0001271505128440554
7.80097088106224e-5
3.590079382309782e-5
1.47289180994898e-5
0.00021762379168406898
0.00022702436861540918
0.00022060421830948017
0.00022516444392933657
0.0002131707625521929
0.0002062353448994003
0.00018393027692067536
0.0001645785649800035
0.00013352865686730374
0.00010687001507382694
7.333051941204486e-5
4.8516621095753734e-5
2.2737261298451307e-5
1.0305201262873421e-5
0.00010185734973671075
0.0001061736820863421
0.0001030505016876096
0.00010307672361090796
9.563594614656852e-5
8.902404829488401e-5
7.686227269671338e-5
6.514884567847384e-5
5.0959308855110735e-5
3.733226272907788e-5
2.479232034964562e-5
1.2804695022275062e-5
5.792544818559727e-6
5.7506878015069085e-5
6.127955553211924e-5
5.689949017536591e-5
5.552383624686065e-5
4.768831312855647e-5
4.18839797887235e-5
3.2638616184230845e-5
2.581667623122984e-5
1.7569253267986204e-5
1.217246581551346e-5
6.060747118557678e-6
3.244306235036375e-6
3.960549660734072e-5
4.1641698793422544e-5
3.739767515878985e-5
3.442218481693968e-5
2.7032410164280322e-5
2.149233892452843e-5
1.4341194871868578e-5
9.823029078350072e-6
5.431923598529536e-6
2.858003787781445e-6
1.0813696390601211e-6
3.0207847196239686e-5
3.072420792539633e-5
2.7328883727879317e-5
2.325639963319921e-5
1.7479778097337582e-5
1.1866224824182359e-5
7.2384099239102035e-6
3.7593873536436427e-6
1.7402975264526233e-6
5.351563488014328e-7
2.09762321277917e-5
2.1555457228056038e-5
1.809569343073249e-5
1.5166146135801927e-5
9.904334044658927e-6
6.3707669731731755e-6
2.7834872572732e-6
1.28824531008907e-6
1.233762624392297e-7
1.3956295036639254e-5
1.3570747413474877e-5
1.159829449176196e-5
8.6614278883864e-6
5.60235477442187e-6
2.766317952089648e-6
1.1806684926998887e-6
1.1510236710342133e-7
7.901390278021883e-6
7.895700384630732e-6
6.185076700577426e-6
4.630939435007515e-6
2.454608373838451e-6
1.2249508790492816e-6
1.7784267727365203e-7
4.099519038878528e-6
3.7890744869522034e-6
3.0695179513868226e-6
1.9778322729638813e-6
1.0894664082536745e-6
2.879969614690151e-7
1.6216891713933323e-6
1.5754452972844384e-6
1.1321278264428535e-6
7.56859325162745e-7
2.647101707187977e-7
4.96966442891263e-7
4.1864120747009845e-7
3.23236377807238e-7
1.4942599181314927e-7
7.227478129591959e-8
7.534830268439513e-8
3.470978371381747e-8
7.601283421346147e-9
-1.3521376578540687e-9
-8.834013848447952e-11
