1.0
0.8060589347046582
0.6121178678483082
0.31866784302821166
0.1370061699889579
0.02384820148857814
0.0005278200615606645
-2.2523180967426804e-7
0.8060589347046582
0.6979534246285334
0.5075981687144663
0.27514466652501635
0.11480913942498877
0.019532596740460602
0.0006827922943686974
0.6121178678483082
0.5075981687144663
0.38176080754554886
0.19455989073366242
0.07500834474990262
0.012926378216896992
0.31866784302821166
0.27514466652501635
0.19455989073366242
0.09444706215260938
0.031118408778448865
0.1370061699889579
0.11480913942498877
0.07500834474990262
0.031118408778448865
0.02384820148857814
0.019532596740460602
0.012926378216896992
0.0005278200615606645
0.0006827922943686974
-2.2523180967426804e-7
