1.0
0.9850652989725192
0.9701305952900086
0.9299970512966057
0.8909832821850152
0.8321642190837159
0.776268587788182
0.7062059548075338
0.6411164258715744
0.5672712385317616
0.5002877891771094
0.42931761967980736
0.36660755171344467
0.3037335431396469
0.24983089564838462
0.1984772243132912
0.15603463233202056
0.1176950662864228
0.08744731079843453
0.06174979386318296
0.04268345315145793
0.027674623425531387
0.017426420750441814
0.010103088745951946
0.005626725214088309
0.002814592969224627
0.0013355758028340023
0.000556416617172328
0.00022306842680530747
9.23750501274621e-5
4.7952527744440357e-5
3.254478757296191e-5
2.2595495170090776e-5
1.3413501895411834e-5
7.2994899220704204e-6
2.9434360609484757e-6
9.046570099792228e-7
8.857590463163745e-8
-3.4997536723559337e-9
-3.393860822208897e-10
0.9850652989725192
0.9748565091368844
0.956219369969211
0.9203595806834941
0.8785817530490286
0.8235351413914848
0.765692344250662
0.6988697824376852
0.6325104641537453
0.5613638180194399
0.49364377393222336
0.4248424102356481
0.36179031937780687
0.30058786638348917
0.24660548666328638
0.19646695215221432
0.15408721035460604
0.11655894779074562
0.08642332197694996
0.06120475563944331
0.04224464236189316
0.027468447682207537
0.017298879737086683
0.010054417992345377
0.00562051463568021
0.0028169976359232025
0.0013540460211038177
0.0005650747960095565
0.00023532613716391434
9.751671100352567e-5
5.177356390532613e-5
3.469857927960782e-5
2.2425020367588038e-5
1.3878015055245514e-5
6.6982172836059705e-6
2.8984989369160537e-6
6.76519285798251e-7
9.374919485931419e-8
-2.07291783460102e-8
0.9701305952900086
0.956219369969211
0.9421812370827035
0.9035064319392391
0.8658133884029182
0.808766487494772
0.7544799965664967
0.6863626117768923
0.6230282476577071
0.5511659982998667
0.48595247510943823
0.41688442193622416
0.3558534150220826
0.2947092345527097
0.24230391390144648
0.19242349678589046
0.15121512834551032
0.11402581162914426
0.08469888472638931
0.05980890165878687
0.04135054783385052
0.026834027876112953
0.01692333773588571
0.009835184432918226
0.005497233228282982
0.0027651991672423635
0.001322758049000193
0.0005575363782440295
0.0002265969101983458
9.356231207771976e-5
4.679738812407699e-5
2.9417933821296107e-5
1.910263166342747e-5
1.0363878113163884e-5
5.284945114443532e-6
1.8219173252225043e-6
4.855746308140953e-7
1.1428700774045014e-8
0.9299970512966057
0.9203595806834941
0.9035064319392391
0.8703318940422915
0.8311175219984471
0.7793279494254077
0.7245831927003716
0.6613481950288714
0.5983581911267499
0.5308804599417317
0.46655214617357127
0.4012796728741152
0.3414341571430694
0.2834399874063601
0.23230816054029463
0.18490420920911388
0.14487369085219684
0.10949127681753994
0.08111722364167279
0.057417690562939265
0.03963068141786133
0.025792479877393474
0.016276341269672492
0.009496654018734701
0.005337028811515872
0.002696605661973565
0.0013096539370061344
0.0005535184131370324
0.00023106531496998884
9.250385441135878e-5
4.3744428179267094e-5
2.5506608407483698e-5
1.4078446521283437e-5
7.752684380488415e-6
2.9973409042525812e-6
1.0821797962685674e-6
1.2385077149310137e-7
0.8909832821850152
0.8785817530490286
0.8658133884029182
0.8311175219984471
0.7970480289319185
0.7448061069730237
0.6949107067710829
0.6320772099864919
0.5735377096341008
0.5070740451338531
0.4467031575960004
0.38281956283634405
0.32636898355303867
0.2699208591412211
0.2215798346899149
0.17568773635832058
0.1378268738137331
0.10376509996365446
0.07695098930833469
0.054275885829525736
0.03749373170377801
0.024341337426731252
0.01537515169713268
0.008970839432898864
0.0050436943133236635
0.002559545653548223
0.0012370426395629387
0.0005269597748050364
0.00021341443081248883
8.26552944174157e-5
3.481949284084558e-5
1.7234611453619956e-5
9.035105707415691e-6
3.4366148032894115e-6
1.3569208461517317e-6
1.5003994098613474e-7
0.8321642190837159
0.8235351413914848
0.808766487494772
0.7793279494254077
0.7448061069730237
0.6989121466156187
0.6498062314107943
0.5930690656203532
0.5362167370905624
0.47540259755486813
0.4172603858093749
0.35840045496562684
0.3043879399393788
0.25220091231714215
0.2062225216026692
0.1637471737566552
0.12795271740256103
0.09644052120559071
0.07125013338598432
0.0503019346123138
0.03464067222270558
0.022512940417325204
0.014204737388156677
0.00830158389022735
0.004682097945185377
0.0023797710216242438
0.0011623581929217151
0.0004918995418074241
0.000201465685988903
7.347313412483612e-5
2.775631464779631e-5
1.1908145844756777e-5
4.066260883420584e-6
1.5026909826536375e-6
6.371630649579917e-8
0.776268587788182
0.765692344250662
0.7544799965664967
0.7245831927003716
0.6949107067710829
0.6498062314107943
0.6064412430330172
0.5514457344197906
0.5000382465405095
0.44159722253701106
0.38843449594617885
0.33225167988267756
0.2826001271679546
0.23309764117950335
0.19075304501395304
0.150731066630921
0.11778970073656185
0.08832398464076806
0.06520567476677384
0.04579172730482541
0.031483496920887644
0.020361333944289954
0.012813274677237767
0.007461352424280075
0.004187260067788401
0.0021260024388859065
0.0010260129564685706
0.0004339914462388432
0.00016959575283597239
5.9002100959953e-5
1.8932011223277767e-5
5.924619206261483e-6
1.6574417674282635e-6
-1.1469089009850431e-7
0.7062059548075338
0.6988697824376852
0.6863626117768923
0.6613481950288714
0.6320772099864919
0.5930690656203532
0.5514457344197906
0.5032687674999917
0.45454172843299556
0.40250817987535564
0.3525468986503692
0.3021268102306819
0.25579816694405405
0.2112205448808307
0.17198806695906663
0.1359345340199673
0.1056527037413082
0.07916554846553744
0.05810504398301444
0.040728465790292816
0.0278338170266725
0.017940784709995525
0.011227957832175617
0.006503025897418735
0.0036359289686020424
0.0018281502475628218
0.0008831519962642689
0.0003651073118712575
0.00014306518261338698
4.535223574906774e-5
1.3005668879253107e-5
3.086215985413821e-6
7.299786221230986e-8
0.6411164258715744
0.6325104641537453
0.6230282476577071
0.5983581911267499
0.5735377096341008
0.5362167370905624
0.5000382465405095
0.45454172843299556
0.41178083261466086
0.36304114885306527
0.31859519040851775
0.2716993423296014
0.23023458311298078
0.18906723610873608
0.15389810570003992
0.12087394378134945
0.09378154663689453
0.06976502008303355
0.051022279329294394
0.035467239409357774
0.024089227124475362
0.015379828296305848
0.00952884315602732
0.005458903436691766
0.0030001384537492997
0.0014906425748797416
0.0006968998051499938
0.00028419667216669694
0.00010257880633388632
3.110212695308411e-5
6.473073295241332e-6
9.23622030810124e-7
0.5672712385317616
0.5613638180194399
0.5511659982998667
0.5308804599417317
0.5070740451338531
0.47540259755486813
0.44159722253701106
0.40250817987535564
0.36304114885306527
0.32094109280136235
0.28025712711499084
0.23934793141823946
0.2016864513923777
0.1656384121849062
0.13396117888879197
0.10505695473655216
0.08089923401854658
0.05996895966319455
0.04347075504685958
0.030025067199427134
0.020175695672672724
0.012741180924433335
0.007794473193617364
0.004383742262537623
0.0023745146912794745
0.0011416134590867856
0.0005266846390189772
0.00019986644093904544
7.174511337443759e-5
1.7573660881897645e-5
3.6796523569144988e-6
0.5002877891771094
0.49364377393222336
0.48595247510943823
0.46655214617357127
0.4467031575960004
0.4172603858093749
0.38843449594617885
0.3525468986503692
0.31859519040851775
0.28025712711499084
0.2451457325940465
0.20815542894108216
0.1754068089244674
0.14307443913014833
0.1154899282020058
0.08982630897885809
0.06886556436851395
0.05053241199553127
0.03634050928827567
0.024781662913742626
0.01643022468571658
0.010205044633028725
0.0061030256663500895
0.003357664313244409
0.001745609074945659
0.0008154420446322944
0.00034583111639099374
0.00012655787443247086
3.5279331246657774e-5
8.263629300316669e-6
0.42931761967980736
0.4248424102356481
0.41688442193622416
0.4012796728741152
0.38281956283634405
0.35840045496562684
0.33225167988267756
0.3021268102306819
0.2716993423296014
0.23934793141823946
0.20815542894108216
0.17690270681855194
0.1480488897459154
0.1206063944544134
0.0965451790820272
0.07479409586664688
0.056751420642704865
0.041324316567586616
0.029329851137071532
0.019733892456274174
0.012859206558869211
0.007803621376297414
0.004560968944454892
0.002405548974901753
0.0012130609533856228
0.0005192079802602275
0.00021273725333755623
6.101116472961744e-5
1.684178062935623e-5
0.36660755171344467
0.36179031937780687
0.3558534150220826
0.3414341571430694
0.32636898355303867
0.3043879399393788
0.2826001271679546
0.25579816694405405
0.23023458311298078
0.2016864513923777
0.1754068089244674
0.1480488897459154
0.12376708762712522
0.09996971551498904
0.07969632498335576
0.061076769109589354
0.045960283419402795
0.03299723010787611
0.023079817233759986
0.015235339362716913
0.009678765972686581
0.005720258518185225
0.003195000146101691
0.0016213999084253744
0.00074362823763298
0.0003009640121131369
9.518524132460295e-5
2.5465211260311586e-5
0.3037335431396469
0.30058786638348917
0.2947092345527097
0.2834399874063601
0.2699208591412211
0.25220091231714215
0.23309764117950335
0.2112205448808307
0.18906723610873608
0.1656384121849062
0.14307443913014833
0.1206063944544134
0.09996971551498904
0.08049576722687023
0.06348461449776202
0.04829146030793657
0.035833013936919234
0.025369138984726654
0.017410448537346856
0.011209627406047171
0.006932738876552447
0.0039133615978351
0.002105700745427232
0.0009723170400045355
0.00042210425336317134
0.00013106799527578763
3.922314105679469e-5
0.24983089564838462
0.24660548666328638
0.24230391390144648
0.23230816054029463
0.2215798346899149
0.2062225216026692
0.19075304501395304
0.17198806695906663
0.15389810570003992
0.13396117888879197
0.1154899282020058
0.0965451790820272
0.07969632498335576
0.06348461449776202
0.049705077853345235
0.03727966087341209
0.027275796462928537
0.018940343743705294
0.012670291084328184
0.00793370074372288
0.004678084623743094
0.002533538248542956
0.0012373756852796709
0.0005364682925807263
0.0001783911699058414
5.0060363897221463e-5
0.1984772243132912
0.19646695215221432
0.19242349678589046
0.18490420920911388
0.17568773635832058
0.1637471737566552
0.150731066630921
0.1359345340199673
0.12087394378134945
0.10505695473655216
0.08982630897885809
0.07479409586664688
0.061076769109589354
0.04829146030793657
0.03727966087341209
0.027606118715635328
0.019819780082909504
0.013434796426122803
0.008747973629573509
0.005229099845329426
0.0029592388441853834
0.0014530457104049868
0.0006682737276936377
0.00022234485839977297
6.829442320443384e-5
0.15603463233202056
0.15408721035460604
0.15121512834551032
0.14487369085219684
0.1378268738137331
0.12795271740256103
0.11778970073656185
0.1056527037413082
0.09378154663689453
0.08089923401854658
0.06886556436851395
0.056751420642704865
0.045960283419402795
0.035833013936919234
0.027275796462928537
0.019819780082909504
0.013897268395586504
0.009174671612103438
0.005707461751565487
0.0032768427991664174
0.001679411100168697
0.0007726490103381899
0.00027219607423456337
8.188278249410823e-5
0.1176950662864228
0.11655894779074562
0.11402581162914426
0.10949127681753994
0.10376509996365446
0.09644052120559071
0.08832398464076806
0.07916554846553744
0.06976502008303355
0.05996895966319455
0.05053241199553127
0.041324316567586616
0.03299723010787611
0.025369138984726654
0.018940343743705294
0.013434796426122803
0.009174671612103438
0.005800465531205526
0.003473810391121938
0.0018144061790320125
0.0008731646083254016
0.0003059297252279528
9.855266420235905e-5
0.08744731079843453
0.08642332197694996
0.08469888472638931
0.08111722364167279
0.07695098930833469
0.07125013338598432
0.06520567476677384
0.05810504398301444
0.051022279329294394
0.04347075504685958
0.03634050928827567
0.029329851137071532
0.023079817233759986
0.017410448537346856
0.012670291084328184
0.008747973629573509
0.005707461751565487
0.003473810391121938
0.0018974981974540482
0.0009362712871126259
0.00034534331580286575
0.00010997536992057582
0.06174979386318296
0.06120475563944331
0.05980890165878687
0.057417690562939265
0.054275885829525736
0.0503019346123138
0.04579172730482541
0.040728465790292816
0.035467239409357774
0.030025067199427134
0.024781662913742626
0.019733892456274174
0.015235339362716913
0.011209627406047171
0.00793370074372288
0.005229099845329426
0.0032768427991664174
0.0018144061790320125
0.0009362712871126259
0.0003590640769352531
0.00012187298489196318
0.04268345315145793
0.04224464236189316
0.04135054783385052
0.03963068141786133
0.03749373170377801
0.03464067222270558
0.031483496920887644
0.0278338170266725
0.024089227124475362
0.020175695672672724
0.01643022468571658
0.012859206558869211
0.009678765972686581
0.006932738876552447
0.004678084623743094
0.0029592388441853834
0.001679411100168697
0.0008731646083254016
0.00034534331580286575
0.00012187298489196318
0.027674623425531387
0.027468447682207537
0.026834027876112953
0.025792479877393474
0.024341337426731252
0.022512940417325204
0.020361333944289954
0.017940784709995525
0.015379828296305848
0.012741180924433335
0.010205044633028725
0.007803621376297414
0.005720258518185225
0.0039133615978351
0.002533538248542956
0.0014530457104049868
0.0007726490103381899
0.0003059297252279528
0.00010997536992057582
0.017426420750441814
0.017298879737086683
0.01692333773588571
0.016276341269672492
0.01537515169713268
0.014204737388156677
0.012813274677237767
0.011227957832175617
0.00952884315602732
0.007794473193617364
0.0061030256663500895
0.004560968944454892
0.003195000146101691
0.002105700745427232
0.0012373756852796709
0.0006682737276936377
0.00027219607423456337
9.855266420235905e-5
0.010103088745951946
0.010054417992345377
0.009835184432918226
0.009496654018734701
0.008970839432898864
0.00830158389022735
0.007461352424280075
0.006503025897418735
0.005458903436691766
0.004383742262537623
0.003357664313244409
0.002405548974901753
0.0016213999084253744
0.0009723170400045355
0.0005364682925807263
0.00022234485839977297
8.188278249410823e-5
0.005626725214088309
0.00562051463568021
0.005497233228282982
0.005337028811515872
0.0050436943133236635
0.004682097945185377
0.004187260067788401
0.0036359289686020424
0.0030001384537492997
0.0023745146912794745
0.001745609074945659
0.0012130609533856228
0.00074362823763298
0.00042210425336317134
0.0001783911699058414
6.829442320443384e-5
0.002814592969224627
0.0028169976359232025
0.0027651991672423635
0.002696605661973565
0.002559545653548223
0.0023797710216242438
0.0021260024388859065
0.0018281502475628218
0.0014906425748797416
0.0011416134590867856
0.0008154420446322944
0.0005192079802602275
0.0003009640121131369
0.00013106799527578763
5.0060363897221463e-5
0.0013355758028340023
0.0013540460211038177
0.001322758049000193
0.0013096539370061344
0.0012370426395629387
0.0011623581929217151
0.0010260129564685706
0.0008831519962642689
0.0006968998051499938
0.0005266846390189772
0.00034583111639099374
0.00021273725333755623
9.518524132460295e-5
3.922314105679469e-5
0.000556416617172328
0.0005650747960095565
0.0005575363782440295
0.0005535184131370324
0.0005269597748050364
0.0004918995418074241
0.0004339914462388432
0.0003651073118712575
0.00028419667216669694
0.00019986644093904544
0.00012655787443247086
6.101116472961744e-5
2.5465211260311586e-5
0.00022306842680530747
0.00023532613716391434
0.0002265969101983458
0.00023106531496998884
0.00021341443081248883
0.000201465685988903
0.00016959575283597239
0.00014306518261338698
0.00010257880633388632
7.174511337443759e-5
3.5279331246657774e-5
1.684178062935623e-5
9.23750501274621e-5
9.751671100352567e-5
9.356231207771976e-5
9.250385441135878e-5
8.26552944174157e-5
7.347313412483612e-5
5.9002100959953e-5
4.535223574906774e-5
3.110212695308411e-5
1.7573660881897645e-5
8.263629300316669e-6
4.7952527744440357e-5
5.177356390532613e-5
4.679738812407699e-5
4.3744428179267094e-5
3.481949284084558e-5
2.775631464779631e-5
1.8932011223277767e-5
1.3005668879253107e-5
6.473073295241332e-6
3.6796523569144988e-6
3.254478757296191e-5
3.469857927960782e-5
2.9417933821296107e-5
2.5506608407483698e-5
1.7234611453619956e-5
1.1908145844756777e-5
5.924619206261483e-6
3.086215985413821e-6
9.23622030810124e-7
2.2595495170090776e-5
2.2425020367588038e-5
1.910263166342747e-5
1.4078446521283437e-5
9.035105707415691e-6
4.066260883420584e-6
1.6574417674282635e-6
7.299786221230986e-8
1.3413501895411834e-5
1.3878015055245514e-5
1.0363878113163884e-5
7.752684380488415e-6
3.4366148032894115e-6
1.5026909826536375e-6
-1.1469089009850431e-7
7.2994899220704204e-6
6.6982172836059705e-6
5.284945114443532e-6
2.9973409042525812e-6
1.3569208461517317e-6
6.371630649579917e-8
2.9434360609484757e-6
2.8984989369160537e-6
1.8219173252225043e-6
1.0821797962685674e-6
1.5003994098613474e-7
9.046570099792228e-7
6.76519285798251e-7
4.855746308140953e-7
1.2385077149310137e-7
8.857590463163745e-8
9.374919485931419e-8
1.1428700774045014e-8
-3.4997536723559337e-9
-2.07291783460102e-8
-3.393860822208897e-10
