1.0
0.9734288650874784
0.9468577298206534
0.8785731788070983
0.813843949133825
0.720477435198824
0.6357947945953083
0.5352446149097752
0.4481626186660853
0.3559805832494577
0.28024533945686037
0.20705369745606872
0.1507744585445186
0.10112483905866787
0.06627762014605419
0.03875561077930583
0.02190496600217579
0.010501362537164967
0.004803308162416662
0.0017156432501202715
0.0006007865685937091
0.0001609851555900009
8.082584025602444e-5
4.757053830694244e-5
3.5269931424827576e-5
1.6003588401323076e-5
7.136026909574335e-6
9.512616576553435e-7
2.8890316165893907e-11
0.9734288650874784
0.956365195599698
0.9229057428642725
0.8632099655177585
0.7937685489742046
0.7079264291672516
0.6202048957730203
0.5259814895156101
0.43708278190235184
0.3499312459578448
0.27321539225234687
0.2037248958399841
0.14694509276427373
0.09972022021973503
0.06457560838576011
0.03841674108406965
0.02133551359430398
0.01055224527035707
0.00467340447793971
0.0018095938343777173
0.0005814015499952094
0.00020840383899025196
7.674539156075737e-5
6.0467476152432663e-5
3.1151660250801115e-5
1.7651500042291666e-5
5.367085607755761e-6
1.122713749450166e-6
0.9468577298206534
0.9229057428642725
0.8987094728975242
0.8343225901763027
0.7731405448782657
0.6843896680860371
0.603830836426942
0.5080363225845687
0.4251040373794615
0.3373251819641176
0.2653205923524305
0.19579749395080512
0.14245980980991613
0.09544986971081831
0.06254868888960007
0.03658682933865262
0.020738245009104397
0.009985534695218394
0.004612352797033764
0.0016733617409363574
0.0006015951790821142
0.0001649184410297221
7.810064762336351e-5
3.9417546667255983e-5
2.6679739220270164e-5
9.53316894518325e-6
3.640855849535307e-6
0.8785731788070983
0.8632099655177585
0.8343225901763027
0.7816195711562419
0.7188614013209237
0.6413002267357898
0.5613140683864857
0.47566323778783304
0.39451802201836217
0.3153283156799684
0.24553561392876422
0.18268210026166723
0.1313548017851122
0.08894732043326847
0.057438671796999186
0.03416337828534466
0.018981746618143017
0.009456339864300814
0.004222403105376171
0.0016660605345291796
0.0005411654211875825
0.00018865220691383433
5.6141873069141244e-5
3.7261828562452665e-5
1.2687142814744242e-5
5.597472135360998e-6
0.813843949133825
0.7937685489742046
0.7731405448782657
0.7188614013209237
0.6669292454846049
0.5901290440482689
0.5203267859748563
0.4368911923059691
0.36478592513622593
0.28843417308835045
0.22608785537593906
0.16601828922418987
0.1202761805093723
0.08010881825915808
0.052278627611826695
0.030408690124571244
0.017224261731344226
0.00829207902163367
0.003864894824766306
0.0014107660396716147
0.0005108033364372419
0.00012911531902176244
4.834823572662258e-5
1.4278062702496864e-5
7.008418999679295e-6
0.720477435198824
0.7079264291672516
0.6843896680860371
0.6413002267357898
0.5901290440482689
0.5267428311811956
0.460128080954717
0.38919190470803405
0.32143937480418594
0.2558753552341166
0.19794346106654195
0.14635044269236042
0.1042909566206824
0.07003998594138607
0.044718321967368566
0.026349033717780843
0.01445295079856703
0.0071507573846680645
0.00314742267492286
0.001237794085423885
0.0003842715870666111
0.00012199187742691848
2.2164824490945613e-5
1.0909715232662406e-5
0.6357947945953083
0.6202048957730203
0.603830836426942
0.5613140683864857
0.5203267859748563
0.460128080954717
0.40525621353741226
0.338958005860004
0.281837864142203
0.22125295472947676
0.1721624853420691
0.1250142457209989
0.08959059227382382
0.058705514461791
0.03774657583838174
0.021449275523074667
0.011915746761896365
0.005545934873918056
0.0025200239210222738
0.0008674315545169213
0.00029994247496685646
5.8131021302696724e-5
1.5620533292606896e-5
0.5352446149097752
0.5259814895156101
0.5080363225845687
0.47566323778783304
0.4368911923059691
0.38919190470803405
0.338958005860004
0.28580873977224364
0.23432613714680534
0.18512613932653563
0.14145346885835114
0.10324430585532518
0.07218211990030464
0.04751551035214887
0.0294677151636905
0.0168376334402193
0.008812631396625376
0.004157055893465452
0.0016786821696589177
0.0006108994547067394
0.0001508416484252342
4.038361705501233e-5
0.4481626186660853
0.43708278190235184
0.4251040373794615
0.39451802201836217
0.36478592513622593
0.32143937480418594
0.281837864142203
0.23432613714680534
0.19351279512315783
0.15004106183019128
0.11522071331327824
0.08192356005230747
0.05745637924882352
0.036375830717352745
0.022599910275437826
0.012106715158798928
0.0063560241079866995
0.0026485875636543025
0.001087695687802707
0.0002862311161872733
8.053881476001342e-5
0.3559805832494577
0.3499312459578448
0.3373251819641176
0.3153283156799684
0.28843417308835045
0.2558753552341166
0.22125295472947676
0.18512613932653563
0.15004106183019128
0.11707420432029765
0.08757558922620497
0.062467567973949076
0.04214205883545359
0.02667721849013895
0.015560880481662275
0.008298847320614235
0.003863721051059431
0.0016037440712889873
0.00048358247755963385
0.000134245930661343
0.28024533945686037
0.27321539225234687
0.2653205923524305
0.24553561392876422
0.22608785537593906
0.19794346106654195
0.1721624853420691
0.14145346885835114
0.11522071331327824
0.08757558922620497
0.06581086479274494
0.04511573987933877
0.03045525989425017
0.01805247690114629
0.010492458010447526
0.004931475211854003
0.0022834167294268188
0.0006899119601065857
0.0002135656505232527
0.20705369745606872
0.2037248958399841
0.19579749395080512
0.18268210026166723
0.16601828922418987
0.14635044269236042
0.1250142457209989
0.10324430585532518
0.08192356005230747
0.062467567973949076
0.04511573987933877
0.03098602201588109
0.019604831640832238
0.011566129834801339
0.0059467606979200895
0.0027521935803310653
0.0009369190206679088
0.0002807593383824012
0.1507744585445186
0.14694509276427373
0.14245980980991613
0.1313548017851122
0.1202761805093723
0.1042909566206824
0.08959059227382382
0.07218211990030464
0.05745637924882352
0.04214205883545359
0.03045525989425017
0.019604831640832238
0.012408806256873968
0.006470255589210309
0.0033113643598773244
0.0011111544514947778
0.0003855930426296239
0.10112483905866787
0.09972022021973503
0.09544986971081831
0.08894732043326847
0.08010881825915808
0.07003998594138607
0.058705514461791
0.04751551035214887
0.036375830717352745
0.02667721849013895
0.01805247690114629
0.011566129834801339
0.006470255589210309
0.003359431721473154
0.0012656366610072948
0.0004185309920697277
0.06627762014605419
0.06457560838576011
0.06254868888960007
0.057438671796999186
0.052278627611826695
0.044718321967368566
0.03774657583838174
0.0294677151636905
0.022599910275437826
0.015560880481662275
0.010492458010447526
0.0059467606979200895
0.0033113643598773244
0.0012656366610072948
0.0005002987371908155
0.03875561077930583
0.03841674108406965
0.03658682933865262
0.03416337828534466
0.030408690124571244
0.026349033717780843
0.021449275523074667
0.0168376334402193
0.012106715158798928
0.008298847320614235
0.004931475211854003
0.0027521935803310653
0.0011111544514947778
0.0004185309920697277
0.02190496600217579
0.02133551359430398
0.020738245009104397
0.018981746618143017
0.017224261731344226
0.01445295079856703
0.011915746761896365
0.008812631396625376
0.0063560241079866995
0.003863721051059431
0.0022834167294268188
0.0009369190206679088
0.0003855930426296239
0.010501362537164967
0.01055224527035707
0.009985534695218394
0.009456339864300814
0.00829207902163367
0.0071507573846680645
0.005545934873918056
0.004157055893465452
0.0026485875636543025
0.0016037440712889873
0.0006899119601065857
0.0002807593383824012
0.004803308162416662
0.00467340447793971
0.004612352797033764
0.004222403105376171
0.003864894824766306
0.00314742267492286
0.0025200239210222738
0.0016786821696589177
0.001087695687802707
0.00048358247755963385
0.0002135656505232527
0.0017156432501202715
0.0018095938343777173
0.0016733617409363574
0.0016660605345291796
0.0014107660396716147
0.001237794085423885
0.0008674315545169213
0.0006108994547067394
0.0002862311161872733
0.000134245930661343
0.0006007865685937091
0.0005814015499952094
0.0006015951790821142
0.0005411654211875825
0.0005108033364372419
0.0003842715870666111
0.00029994247496685646
0.0001508416484252342
8.053881476001342e-5
0.0001609851555900009
0.00020840383899025196
0.0001649184410297221
0.00018865220691383433
0.00012911531902176244
0.00012199187742691848
5.8131021302696724e-5
4.038361705501233e-5
8.082584025602444e-5
7.674539156075737e-5
7.810064762336351e-5
5.6141873069141244e-5
4.834823572662258e-5
2.2164824490945613e-5
1.5620533292606896e-5
4.757053830694244e-5
6.0467476152432663e-5
3.9417546667255983e-5
3.7261828562452665e-5
1.4278062702496864e-5
1.0909715232662406e-5
3.5269931424827576e-5
3.1151660250801115e-5
2.6679739220270164e-5
1.2687142814744242e-5
7.008418999679295e-6
1.6003588401323076e-5
1.7651500042291666e-5
9.53316894518325e-6
5.597472135360998e-6
7.136026909574335e-6
5.367085607755761e-6
3.640855849535307e-6
9.512616576553435e-7
1.122713749450166e-6
2.8890316165893907e-11
