1.0
0.9888970279919793
0.9777940545598114
0.9474186572427171
0.9176982557487492
0.8720546887281652
0.8281634010445453
0.7718943310282698
0.7187014682961722
0.6566530111206523
0.5990208531730147
0.5358270932969713
0.4782183548886334
0.41793954345481277
0.3640978041085793
0.30995152467516573
0.2626921043613861
0.21689602988102538
0.17799656488964913
0.1417036414477474
0.11187924843887365
0.08519149180702641
0.06415376368355848
0.046228426293024254
0.032834108952766096
0.022082202058181708
0.014587502107411521
0.008989713688811933
0.0054238742846422225
0.002992982949171239
0.0016185666740715793
0.0007814042603572523
0.00038007996311400046
0.0001684803629257625
9.137584985785116e-5
5.2529762939992905e-5
4.095198182946749e-5
2.8807016672769966e-5
2.1226967116366404e-5
1.2919291070593337e-5
7.840621500998709e-6
3.6632321590458954e-6
1.5868941356358513e-6
3.845813882803342e-7
8.366313455266755e-8
1.9657943510027417e-9
1.0333594857049967e-11
0.9888970279919793
0.9815984699169821
0.9673070856183478
0.9404349264853894
0.9080953489399488
0.8656383214761652
0.8196374374206334
0.7662270145000615
0.7113687878319662
0.6518435306084316
0.592926286997608
0.531916853615525
0.4733431345269487
0.41491184759057587
0.36037002707164634
0.30774297441006637
0.2599936471640161
0.21540244241961204
0.1761695091319876
0.1407882612527877
0.11073862932600935
0.08470215334678942
0.06350911160326511
0.046018520051760485
0.03251192940330143
0.02202944196330722
0.014450632089002016
0.009004752022858374
0.005376866353640864
0.003024111781407245
0.001606361444703646
0.000806435424273323
0.00037789440119870174
0.00018322262702193917
9.086072996651458e-5
5.9395802334722095e-5
4.027302311016781e-5
3.117149950711926e-5
2.0316273363979893e-5
1.3504732835081597e-5
7.173050285091836e-6
3.754505934750382e-6
1.319207636398752e-6
4.285384319492299e-7
3.639636845213593e-8
2.1536713922647625e-9
0.9777940545598114
0.9673070856183478
0.9567696035830104
0.9272614474384742
0.8983502166683084
0.8537675574896539
0.8108666640412915
0.7557864847225763
0.7036967930092517
0.6428982605225688
0.5864166815901404
0.5244719252161624
0.46800238270134803
0.4089196780408168
0.35615878207998686
0.30311306679098965
0.2568333676011147
0.212002134124201
0.17394141629530308
0.13844303924091922
0.10928802460202389
0.08320753651045301
0.06266129254571667
0.04515896862895442
0.03208960034172869
0.021598865971901485
0.014286737536924275
0.008819894707862938
0.005335555019694459
0.002955072482331709
0.0016063597615627256
0.0007811018400648681
0.00038307812231227757
0.00017096472056388396
9.202130851315673e-5
5.1349430148644316e-5
3.8569879290838765e-5
2.589548707907464e-5
1.8473477690341616e-5
1.0666157684298455e-5
6.28814636291679e-6
2.718647345157486e-6
1.1610095232220174e-6
2.2236634209203396e-7
5.324481202031637e-8
0.9474186572427171
0.9404349264853894
0.9272614474384742
0.9020182523000329
0.8712534312923423
0.8307799438699642
0.7866941719205703
0.7355081995418565
0.6827789199792285
0.6255975847946819
0.5688977993091549
0.5102355854591832
0.4538549677045095
0.39767429842689983
0.34520721394039366
0.29465092685368693
0.2487771336693597
0.20600182840635334
0.16837338919300557
0.13449187313611402
0.1057253295199267
0.08084105294413017
0.06059435459866774
0.04391362311373831
0.031037022603337325
0.021057371058633863
0.013838059738581003
0.0086502875082153
0.0051852493172443795
0.002933721403224636
0.001569582917554797
0.0007952580246798263
0.00037538892057085077
0.00018142691731361707
8.695025729881946e-5
5.321814857686094e-5
3.294098611826288e-5
2.3926238439714277e-5
1.4189496858097469e-5
8.933700462684214e-6
4.19241402547048e-6
2.088524253911862e-6
5.724694854556294e-7
1.924878656688484e-7
0.9176982557487492
0.9080953489399488
0.8983502166683084
0.8712534312923423
0.8446034170901204
0.8029524241422559
0.7627997492496286
0.711003971894803
0.6619760596361386
0.6046369903284632
0.5513519047560449
0.4928699510296589
0.4395678607872861
0.3838007626912111
0.334036826336711
0.28403275180855886
0.2404595400053218
0.19828837170424507
0.16254233045006172
0.12923889918391368
0.10193700670741994
0.07754239283274854
0.05836574578539809
0.042049364627954805
0.02989195545768845
0.02013963496811502
0.013352157974627285
0.008271171599987946
0.005029518177216718
0.002804085259987508
0.0015376108685907649
0.0007549434492974026
0.00037255267661714833
0.0001646911777298345
8.421235656255506e-5
4.18922605661957e-5
2.8118841817399325e-5
1.6340404788535596e-5
1.0612318393276207e-5
5.116214575608471e-6
2.7654825077654033e-6
8.790873447674897e-7
3.6906565177993296e-7
0.8720546887281652
0.8656383214761652
0.8537675574896539
0.8307799438699642
0.8029524241422559
0.7661435913650446
0.725609264586956
0.6785291981368919
0.6297469492557894
0.5768996381952772
0.5243166583272325
0.4700025933918363
0.41769611770474147
0.3656838253289926
0.31706224724786586
0.2703285582569169
0.22791634171206487
0.18848255128945016
0.15380917557925625
0.12268783449394315
0.0962877543370877
0.07352984565245219
0.05503497001700067
0.03985440031356156
0.028149010255462063
0.019110484820419184
0.012572689931757787
0.007884696831850422
0.004744834897266863
0.0027017622691791563
0.0014542790723595996
0.0007418120884609284
0.0003498084311341434
0.0001654582050149461
7.344522079410011e-5
3.948318214042775e-5
2.0193214746621738e-5
1.28018635800255e-5
5.919447514732766e-6
3.274860308190651e-6
1.0174945109523922e-6
4.6765091972164664e-7
0.8281634010445453
0.8196374374206334
0.8108666640412915
0.7866941719205703
0.7627997492496286
0.725609264586956
0.6896408695375542
0.6428331498299411
0.5984620602291886
0.5463825979679844
0.49796675414642283
0.44475705197732296
0.3962815218254241
0.34555931932407896
0.3003513931552175
0.2549596289902649
0.21548262179373529
0.17733036533739438
0.145077612215764
0.11508661280670979
0.09058277156180027
0.06873860691051381
0.05163409322593622
0.03711768272630513
0.02634938939116569
0.017732024767450075
0.011758842198370192
0.007289878195217112
0.004444914140911248
0.002486257591605817
0.0013694197221746902
0.0006732696509092304
0.00033044585382829193
0.00014137384292501937
6.658810408645043e-5
2.7585385242342158e-5
1.5424808186194125e-5
6.6450973485549525e-6
3.5373672706056818e-6
9.8839028439932e-7
4.670799510979877e-7
0.7718943310282698
0.7662270145000615
0.7557864847225763
0.7355081995418565
0.711003971894803
0.6785291981368919
0.6428331498299411
0.6013132424333137
0.5578966931913198
0.510920530060424
0.4639356906598143
0.41551751356742755
0.3687486560699579
0.32238235286563705
0.2789726319507338
0.23739881041754549
0.199656619750755
0.16471488442441967
0.13401231843873737
0.10659244529683246
0.08336815366903724
0.06346188380014041
0.04732004005994633
0.034156866108876534
0.024033811758693735
0.016274039489127902
0.010673443730541535
0.006684498138873173
0.004013676661213102
0.0022856408269557307
0.0012272589070245052
0.0006241360569508342
0.00028922340246711814
0.00013164567726443673
5.2580525415840645e-5
2.4002029679057878e-5
9.047604978238572e-6
4.574072706495567e-6
1.1145281766785539e-6
4.930477126375775e-7
0.7187014682961722
0.7113687878319662
0.7036967930092517
0.6827789199792285
0.6619760596361386
0.6297469492557894
0.5984620602291886
0.5578966931913198
0.5193533181270643
0.4738495567445277
0.43152258388804865
0.38490191243182126
0.34245599501812685
0.29802708872217953
0.2584933930062895
0.21883411260892263
0.18443583439694755
0.1512554818199431
0.12331477531726885
0.09740765668083373
0.07634800388697428
0.05764369466957171
0.043090759684913035
0.030795932024757902
0.021745298031739108
0.014540635221486221
0.009590591634392246
0.005904710842890664
0.003580466491938931
0.001986519525085286
0.001086887061188677
0.0005268427992507405
0.00025344746530386403
0.0001023181299228387
4.379050141411593e-5
1.423635863779555e-5
6.268470870110589e-6
1.5079219416027972e-6
5.688329679648794e-7
0.6566530111206523
0.6518435306084316
0.6428982605225688
0.6255975847946819
0.6046369903284632
0.5768996381952772
0.5463825979679844
0.510920530060424
0.4738495567445277
0.4337785723262115
0.39339770716376316
0.35190394460242486
0.31165216941888185
0.27190183522487754
0.23460348933451777
0.19905313511334788
0.1667597379758338
0.13703658922198425
0.11094287414143669
0.08780434389659605
0.06825122612768245
0.051634810709347015
0.038209390526208566
0.027374423067244254
0.019082646272086685
0.012806754754016875
0.008304334983012198
0.005145628730584531
0.003044973430001114
0.0017111587156650807
0.0008999721440495151
0.00044866546414657523
0.00019941028761037466
8.597204518474063e-5
2.9660489121634536e-5
1.1265856826963777e-5
2.5824419426862643e-6
9.712152872818811e-7
0.5990208531730147
0.592926286997608
0.5864166815901404
0.5688977993091549
0.5513519047560449
0.5243166583272325
0.49796675414642283
0.4639356906598143
0.43152258388804865
0.39339770716376316
0.3578927745610192
0.31864404256940104
0.2829325697748797
0.24552213339938786
0.2123022567899118
0.17900833565433297
0.15023319555438105
0.12254482351786022
0.09935194776925248
0.07793185346823857
0.06064735194602038
0.0453799878707291
0.03361514429383629
0.023747335136636797
0.016573817914954565
0.010917289493544096
0.00709449165198896
0.0042807664665256975
0.002545879937372798
0.0013732085448638154
0.0007316675247663659
0.0003387912151599185
0.00015576176805000817
5.6620410779140016e-5
2.157715923502603e-5
4.663928738334698e-6
1.4962671056946788e-6
0.5358270932969713
0.531916853615525
0.5244719252161624
0.5102355854591832
0.4928699510296589
0.4700025933918363
0.44475705197732296
0.41551751356742755
0.38490191243182126
0.35190394460242486
0.31864404256940104
0.2845690905247555
0.2513127913044057
0.21862557374213104
0.18785711006714842
0.15870884275308075
0.13220555674521353
0.10799899129256639
0.08677253540177543
0.06813326250113064
0.05243410852390174
0.039257221770060545
0.02866934740739524
0.02025780987578185
0.013872815517667714
0.009140089155246209
0.00578440486597996
0.003494903481009552
0.001997107496833654
0.00108379341580074
0.0005401010089228069
0.0002554329337394931
0.00010224417839655396
3.994109522256996e-5
1.0282390821698913e-5
3.102601583826414e-6
0.4782183548886334
0.4733431345269487
0.46800238270134803
0.4538549677045095
0.4395678607872861
0.41769611770474147
0.3962815218254241
0.3687486560699579
0.34245599501812685
0.31165216941888185
0.2829325697748797
0.2513127913044057
0.22255001738274516
0.19236949118012436
0.1656347998222663
0.1388654673670166
0.11583465247314678
0.09374191465031353
0.07536822024018283
0.058488612737887996
0.045008395102721005
0.03319348442141455
0.024219337977777703
0.016772888390589775
0.01146597898040224
0.007344732456616763
0.004637845397960788
0.002686088120890996
0.0015328350345903722
0.0007755860883706846
0.000388737693674356
0.00016050462084697947
6.632132557301682e-5
1.7894057987333222e-5
5.41765514502142e-6
0.41793954345481277
0.41491184759057587
0.4089196780408168
0.39767429842689983
0.3838007626912111
0.3656838253289926
0.34555931932407896
0.32238235286563705
0.29802708872217953
0.27190183522487754
0.24552213339938786
0.21862557374213104
0.19236949118012436
0.16670190842048682
0.1424332004412054
0.11961802212926052
0.09884361637070913
0.08006035931680308
0.06361392010168362
0.049362835891466054
0.037414540874214725
0.027560341109936992
0.019706653834120142
0.013613318883436898
0.009046666721001333
0.005772321118454165
0.003495427015280447
0.0020143128129406084
0.001073149309653315
0.0005415255486662596
0.00023821534192132037
9.993028905570954e-5
2.953169742322439e-5
8.897825151512202e-6
0.3640978041085793
0.36037002707164634
0.35615878207998686
0.34520721394039366
0.334036826336711
0.31706224724786586
0.3003513931552175
0.2789726319507338
0.2584933930062895
0.23460348933451777
0.2123022567899118
0.18785711006714842
0.1656347998222663
0.1424332004412054
0.12193661684520155
0.10143262613647269
0.08389724129947344
0.06714054701813067
0.053339295249518345
0.04074790772278798
0.030838218509227244
0.02224432936286604
0.015854609463544497
0.010634725224811917
0.007030004692173516
0.004294689199012295
0.0025816332559524743
0.00138552506579564
0.0007315191391913524
0.00032254839024351906
0.0001417821752489662
4.246192093761722e-5
1.3406053930573408e-5
0.30995152467516573
0.30774297441006637
0.30311306679098965
0.29465092685368693
0.28403275180855886
0.2703285582569169
0.2549596289902649
0.23739881041754549
0.21883411260892263
0.19905313511334788
0.17900833565433297
0.15870884275308075
0.1388654673670166
0.11961802212926052
0.10143262613647269
0.08450076097979868
0.06905521171776831
0.055275798661424985
0.04323322876444414
0.03298512923978818
0.024445919328188823
0.01757643098978266
0.012164819962722232
0.008112232130384537
0.0051331075888272765
0.0031084083137165285
0.0017424070645360818
0.0009237228982936372
0.00042725616656609896
0.0001862155170399214
5.8852580852263896e-5
1.830851678813935e-5
0.2626921043613861
0.2599936471640161
0.2568333676011147
0.2487771336693597
0.2404595400053218
0.22791634171206487
0.21548262179373529
0.199656619750755
0.18443583439694755
0.1667597379758338
0.15023319555438105
0.13220555674521353
0.11583465247314678
0.09884361637070913
0.08389724129947344
0.06905521171776831
0.056464110606392545
0.04449180785771292
0.03476385143272522
0.025966505638769493
0.019185580085702144
0.01338713747097984
0.009211372109600798
0.00587355313643732
0.003681233106562963
0.0020741689119964176
0.0011480549330476371
0.0005322142712113723
0.00024263710378746707
7.54782883569465e-5
2.4351177951419904e-5
0.21689602988102538
0.21540244241961204
0.212002134124201
0.20600182840635334
0.19828837170424507
0.18848255128945016
0.17733036533739438
0.16471488442441967
0.1512554818199431
0.13703658922198425
0.12254482351786022
0.10799899129256639
0.09374191465031353
0.08006035931680308
0.06714054701813067
0.055275798661424985
0.04449180785771292
0.035043545806851206
0.026808943765340737
0.01997534736911836
0.014327213881616476
0.009942735346674385
0.006543604890850257
0.004131863782047121
0.0024083066280993115
0.001337319652426332
0.0006482165341987297
0.00029536996552564785
9.706955225341519e-5
3.040729794197172e-5
0.17799656488964913
0.1761695091319876
0.17394141629530308
0.16837338919300557
0.16254233045006172
0.15380917557925625
0.145077612215764
0.13401231843873737
0.12331477531726885
0.11094287414143669
0.09935194776925248
0.08677253540177543
0.07536822024018283
0.06361392010168362
0.053339295249518345
0.04323322876444414
0.03476385143272522
0.026808943765340737
0.02047162390373636
0.014806564575753998
0.010572913301829079
0.007017322624263103
0.004578949692702985
0.0026868684104903446
0.0015438172697155679
0.000748140139467942
0.000357221782437561
0.00011677314785662721
3.897511459755597e-5
0.1417036414477474
0.1407882612527877
0.13844303924091922
0.13449187313611402
0.12923889918391368
0.12268783449394315
0.11508661280670979
0.10659244529683246
0.09740765668083373
0.08780434389659605
0.07793185346823857
0.06813326250113064
0.058488612737887996
0.049362835891466054
0.04074790772278798
0.03298512923978818
0.025966505638769493
0.01997534736911836
0.014806564575753998
0.010670249908953364
0.007290213349384391
0.004803185340804254
0.0029157188321379786
0.0016875572095848997
0.0008450968254001388
0.0004019461230648739
0.0001379787932782694
4.5390536797931515e-5
0.11187924843887365
0.11073862932600935
0.10928802460202389
0.1057253295199267
0.10193700670741994
0.0962877543370877
0.09058277156180027
0.08336815366903724
0.07634800388697428
0.06825122612768245
0.06064735194602038
0.05243410852390174
0.045008395102721005
0.037414540874214725
0.030838218509227244
0.024445919328188823
0.019185580085702144
0.014327213881616476
0.010572913301829079
0.007290213349384391
0.004953674179462568
0.003037933070424816
0.0018265713077549308
0.0009227769395748491
0.00045484827694629185
0.0001542990035470169
5.396179995607121e-5
0.08519149180702641
0.08470215334678942
0.08320753651045301
0.08084105294413017
0.07754239283274854
0.07352984565245219
0.06873860691051381
0.06346188380014041
0.05764369466957171
0.051634810709347015
0.0453799878707291
0.039257221770060545
0.03319348442141455
0.027560341109936992
0.02224432936286604
0.01757643098978266
0.01338713747097984
0.009942735346674385
0.007017322624263103
0.004803185340804254
0.003037933070424816
0.0018480932071836076
0.0009721702675125536
0.00048544790217321744
0.00017045119068589124
5.809902418778475e-5
0.06415376368355848
0.06350911160326511
0.06266129254571667
0.06059435459866774
0.05836574578539809
0.05503497001700067
0.05163409322593622
0.04732004005994633
0.043090759684913035
0.038209390526208566
0.03361514429383629
0.02866934740739524
0.024219337977777703
0.019706653834120142
0.015854609463544497
0.012164819962722232
0.009211372109600798
0.006543604890850257
0.004578949692702985
0.0029157188321379786
0.0018265713077549308
0.0009721702675125536
0.0005099652840276695
0.00018338128495361353
6.60411427513711e-5
0.046228426293024254
0.046018520051760485
0.04515896862895442
0.04391362311373831
0.042049364627954805
0.03985440031356156
0.03711768272630513
0.034156866108876534
0.030795932024757902
0.027374423067244254
0.023747335136636797
0.02025780987578185
0.016772888390589775
0.013613318883436898
0.010634725224811917
0.008112232130384537
0.00587355313643732
0.004131863782047121
0.0026868684104903446
0.0016875572095848997
0.0009227769395748491
0.00048544790217321744
0.00018338128495361353
6.841863893118696e-5
0.032834108952766096
0.03251192940330143
0.03208960034172869
0.031037022603337325
0.02989195545768845
0.028149010255462063
0.02634938939116569
0.024033811758693735
0.021745298031739108
0.019082646272086685
0.016573817914954565
0.013872815517667714
0.01146597898040224
0.009046666721001333
0.007030004692173516
0.0051331075888272765
0.003681233106562963
0.0024083066280993115
0.0015438172697155679
0.0008450968254001388
0.00045484827694629185
0.00017045119068589124
6.60411427513711e-5
0.022082202058181708
0.02202944196330722
0.021598865971901485
0.021057371058633863
0.02013963496811502
0.019110484820419184
0.017732024767450075
0.016274039489127902
0.014540635221486221
0.012806754754016875
0.010917289493544096
0.009140089155246209
0.007344732456616763
0.005772321118454165
0.004294689199012295
0.0031084083137165285
0.0020741689119964176
0.001337319652426332
0.000748140139467942
0.0004019461230648739
0.0001542990035470169
5.809902418778475e-5
0.014587502107411521
0.014450632089002016
0.014286737536924275
0.013838059738581003
0.013352157974627285
0.012572689931757787
0.011758842198370192
0.010673443730541535
0.009590591634392246
0.008304334983012198
0.00709449165198896
0.00578440486597996
0.004637845397960788
0.003495427015280447
0.0025816332559524743
0.0017424070645360818
0.0011480549330476371
0.0006482165341987297
0.000357221782437561
0.0001379787932782694
5.396179995607121e-5
0.008989713688811933
0.009004752022858374
0.008819894707862938
0.0086502875082153
0.008271171599987946
0.007884696831850422
0.007289878195217112
0.006684498138873173
0.005904710842890664
0.005145628730584531
0.0042807664665256975
0.003494903481009552
0.002686088120890996
0.0020143128129406084
0.00138552506579564
0.0009237228982936372
0.0005322142712113723
0.00029536996552564785
0.00011677314785662721
4.5390536797931515e-5
0.0054238742846422225
0.005376866353640864
0.005335555019694459
0.0051852493172443795
0.005029518177216718
0.004744834897266863
0.004444914140911248
0.004013676661213102
0.003580466491938931
0.003044973430001114
0.002545879937372798
0.001997107496833654
0.0015328350345903722
0.001073149309653315
0.0007315191391913524
0.00042725616656609896
0.00024263710378746707
9.706955225341519e-5
3.897511459755597e-5
0.002992982949171239
0.003024111781407245
0.002955072482331709
0.002933721403224636
0.002804085259987508
0.0027017622691791563
0.002486257591605817
0.0022856408269557307
0.001986519525085286
0.0017111587156650807
0.0013732085448638154
0.00108379341580074
0.0007755860883706846
0.0005415255486662596
0.00032254839024351906
0.0001862155170399214
7.54782883569465e-5
3.040729794197172e-5
0.0016185666740715793
0.001606361444703646
0.0016063597615627256
0.001569582917554797
0.0015376108685907649
0.0014542790723595996
0.0013694197221746902
0.0012272589070245052
0.001086887061188677
0.0008999721440495151
0.0007316675247663659
0.0005401010089228069
0.000388737693674356
0.00023821534192132037
0.0001417821752489662
5.8852580852263896e-5
2.4351177951419904e-5
0.0007814042603572523
0.000806435424273323
0.0007811018400648681
0.0007952580246798263
0.0007549434492974026
0.0007418120884609284
0.0006732696509092304
0.0006241360569508342
0.0005268427992507405
0.00044866546414657523
0.0003387912151599185
0.0002554329337394931
0.00016050462084697947
9.993028905570954e-5
4.246192093761722e-5
1.830851678813935e-5
0.00038007996311400046
0.00037789440119870174
0.00038307812231227757
0.00037538892057085077
0.00037255267661714833
0.0003498084311341434
0.00033044585382829193
0.00028922340246711814
0.00025344746530386403
0.00019941028761037466
0.00015576176805000817
0.00010224417839655396
6.632132557301682e-5
2.953169742322439e-5
1.3406053930573408e-5
0.0001684803629257625
0.00018322262702193917
0.00017096472056388396
0.00018142691731361707
0.0001646911777298345
0.0001654582050149461
0.00014137384292501937
0.00013164567726443673
0.0001023181299228387
8.597204518474063e-5
5.6620410779140016e-5
3.994109522256996e-5
1.7894057987333222e-5
8.897825151512202e-6
9.137584985785116e-5
9.086072996651458e-5
9.202130851315673e-5
8.695025729881946e-5
8.421235656255506e-5
7.344522079410011e-5
6.658810408645043e-5
5.2580525415840645e-5
4.379050141411593e-5
2.9660489121634536e-5
2.157715923502603e-5
1.0282390821698913e-5
5.41765514502142e-6
5.2529762939992905e-5
5.9395802334722095e-5
5.1349430148644316e-5
5.321814857686094e-5
4.18922605661957e-5
3.948318214042775e-5
2.7585385242342158e-5
2.4002029679057878e-5
1.423635863779555e-5
1.1265856826963777e-5
4.663928738334698e-6
3.102601583826414e-6
4.095198182946749e-5
4.027302311016781e-5
3.8569879290838765e-5
3.294098611826288e-5
2.8118841817399325e-5
2.0193214746621738e-5
1.5424808186194125e-5
9.047604978238572e-6
6.268470870110589e-6
2.5824419426862643e-6
1.4962671056946788e-6
2.8807016672769966e-5
3.117149950711926e-5
2.589548707907464e-5
2.3926238439714277e-5
1.6340404788535596e-5
1.28018635800255e-5
6.6450973485549525e-6
4.574072706495567e-6
1.5079219416027972e-6
9.712152872818811e-7
2.1226967116366404e-5
2.0316273363979893e-5
1.8473477690341616e-5
1.4189496858097469e-5
1.0612318393276207e-5
5.919447514732766e-6
3.5373672706056818e-6
1.1145281766785539e-6
5.688329679648794e-7
1.2919291070593337e-5
1.3504732835081597e-5
1.0666157684298455e-5
8.933700462684214e-6
5.116214575608471e-6
3.274860308190651e-6
9.8839028439932e-7
4.930477126375775e-7
7.840621500998709e-6
7.173050285091836e-6
6.28814636291679e-6
4.19241402547048e-6
2.7654825077654033e-6
1.0174945109523922e-6
4.670799510979877e-7
3.6632321590458954e-6
3.754505934750382e-6
2.718647345157486e-6
2.088524253911862e-6
8.790873447674897e-7
4.6765091972164664e-7
1.5868941356358513e-6
1.319207636398752e-6
1.1610095232220174e-6
5.724694854556294e-7
3.6906565177993296e-7
3.845813882803342e-7
4.285384319492299e-7
2.2236634209203396e-7
1.924878656688484e-7
8.366313455266755e-8
3.639636845213593e-8
5.324481202031637e-8
1.9657943510027417e-9
2.1536713922647625e-9
1.0333594857049967e-11
