1.0
0.9799611574868287
0.9599223145769571
0.9071957406404929
0.8564447105456723
0.7815606192686207
0.7116836299202246
0.6263763457801211
0.5492533930505347
0.4646133068043753
0.3906883781331911
0.31561588674803226
0.2526209004236897
0.19289548665821166
0.14521095608420662
0.10313154533690433
0.0716751163698098
0.04621423030291367
0.028838605002731662
0.016310979256198545
0.008779539180449145
0.0041365741683228735
0.0018148543219380494
0.0006691113128574238
0.0002318955928511094
8.481435176006154e-5
4.646899035777706e-5
3.199264998260451e-5
2.1665713808133637e-5
1.0686860184258556e-5
4.916248740810219e-6
1.1526416511579411e-6
1.5583893303829382e-7
-4.725925068683557e-9
0.9799611574868287
0.9661587893156417
0.9415560695799281
0.8944072424585339
0.8405727562242491
0.7705124422067646
0.6987685522859172
0.6174798052473054
0.5394206137597669
0.45798015291212774
0.38376924721590133
0.3111157039853431
0.2482261869451197
0.19019598155745338
0.14277897332746115
0.10175655233102295
0.07056802296040209
0.045652599216046696
0.02847440347098976
0.01614910631324648
0.008726111563574624
0.004116454205161748
0.0018344045173921447
0.0006764640032597592
0.00024666231513931664
9.11913117867207e-5
4.94623491791865e-5
3.498417457494114e-5
2.034999957706051e-5
1.091692115367995e-5
4.013921590297903e-6
1.1999929181121034e-6
3.0782081246508564e-8
0.9599223145769571
0.9415560695799281
0.922964815271716
0.8726648036048893
0.8240837896291379
0.7521119555453668
0.684834302980305
0.6026403913920542
0.5282604580589357
0.44666104925227135
0.37537415701481053
0.30306349114641307
0.24240584607723867
0.184981712090075
0.13916233607827055
0.09879236041716975
0.06863461891105549
0.04426478242266501
0.02764965504549335
0.015675906988620984
0.008471084915300546
0.004017431835426469
0.001780729647697299
0.0006673022959899673
0.00023611656644616832
8.551269193218163e-5
4.353445648872854e-5
2.663115660237826e-5
1.6405276957963304e-5
7.034855807332512e-6
3.0716122947834007e-6
4.871175183212084e-7
0.9071957406404929
0.8944072424585339
0.8726648036048893
0.8299100552457122
0.780243254515577
0.7154635930606906
0.6486763932561093
0.5730511885470001
0.500206104821824
0.42432490869606315
0.3551121182072445
0.2875063485463727
0.22902508784218184
0.17520799064850084
0.13130957527498213
0.0934359555062563
0.064716837063878
0.04184015549933619
0.026113560884335207
0.014852510472233705
0.00806789625141012
0.003840604022387219
0.0017322675844050697
0.0006491482187428272
0.00023675114318882126
8.171314124715129e-5
3.6200092455997074e-5
2.139752227831838e-5
9.864696248645654e-6
4.599791732619489e-6
9.835257291814464e-7
0.8564447105456723
0.8405727562242491
0.8240837896291379
0.780243254515577
0.7374823603256585
0.6732411971844974
0.612919259537771
0.5390024983571943
0.47197123835416777
0.3984858278669302
0.3342586490578063
0.2692831046430676
0.21483600552546267
0.16350480881962107
0.12263644080186883
0.0868152297672562
0.0601370277374295
0.038708401732597944
0.024149377999305617
0.013713802569730952
0.007439608541690936
0.003558885530069495
0.0015936158995637595
0.0006037944816516878
0.00021097325583520842
6.789487596372034e-5
2.5847120692667718e-5
1.116930615001791e-5
5.254196564281928e-6
9.067917856217556e-7
0.7815606192686207
0.7705124422067646
0.7521119555453668
0.7154635930606906
0.6732411971844974
0.6177834387455727
0.559814142735222
0.4942096038814137
0.43064722587628174
0.36461697637986396
0.3042881685135923
0.24559300625099317
0.1948848028845298
0.1484576586477638
0.11073734542630813
0.07839031848294802
0.05401473248584959
0.034731870770736264
0.021582291496254062
0.012233456241148653
0.006637603725716602
0.0031627194508447123
0.0014295841861886704
0.0005324364794406855
0.00018733001731096482
5.4214130261063796e-5
1.6355594778162074e-5
6.312121481792125e-6
9.461949562775931e-7
0.7116836299202246
0.6987685522859172
0.684834302980305
0.6486763932561093
0.612919259537771
0.559814142735222
0.5095350603559639
0.4475398476937273
0.39111947111672135
0.32931284784023057
0.27524765678125207
0.22078434898031532
0.17521071058033258
0.13254714762076233
0.09870880740077281
0.06933848294130636
0.0475984766198107
0.030355503280251772
0.018736179952060974
0.010538963226409648
0.005650068836485786
0.002677088247106959
0.001180212371011364
0.00043920811107737984
0.0001426508543435611
3.813879090131592e-5
8.556972827826797e-6
1.4079537782499795e-6
0.6263763457801211
0.6174798052473054
0.6026403913920542
0.5730511885470001
0.5390024983571943
0.4942096038814137
0.4475398476937273
0.39466502177409957
0.3429540121931474
0.28941174104562917
0.24036472049105542
0.19290311384597936
0.15198539823377574
0.11480159410084644
0.08479270463182031
0.05931594252364316
0.040336020822196464
0.02551636401496693
0.015581873821571638
0.008639374895422838
0.004580301457835426
0.0021125072428390223
0.0009241770581186827
0.00032297276225362945
0.00010481082170246384
2.1968062581870672e-5
3.7090811826914113e-6
0.5492533930505347
0.5394206137597669
0.5282604580589357
0.500206104821824
0.47197123835416777
0.43064722587628174
0.39111947111672135
0.3429540121931474
0.29883910861853635
0.25051390569841964
0.20815867260743187
0.16574755909895258
0.13031280436778503
0.09749523283099884
0.07161247436949571
0.04950808882250286
0.03331462210457586
0.020761909146058126
0.012439584449097556
0.006767439810894264
0.0034625474068126372
0.0015593466420071448
0.0006329715393326456
0.00021549316950034768
5.518796228993202e-5
1.1522837334314916e-5
0.4646133068043753
0.45798015291212774
0.44666104925227135
0.42432490869606315
0.3984858278669302
0.36461697637986396
0.32931284784023057
0.28941174104562917
0.25051390569841964
0.21034529646804762
0.17339310475135628
0.13787057717590132
0.10734639008314481
0.07989270607920149
0.0579722716878079
0.0396441608593595
0.026262111126292863
0.016037335827519757
0.009406856763709677
0.004925029026056517
0.002448960135642463
0.0010166551499087213
0.00039905270986009556
0.00010744054476444913
2.730407107018693e-5
0.3906883781331911
0.38376924721590133
0.37537415701481053
0.3551121182072445
0.3342586490578063
0.3042881685135923
0.27524765678125207
0.24036472049105542
0.20815867260743187
0.17339310475135628
0.14279569668594538
0.11240166306171281
0.08704508153079416
0.06393822904212709
0.0458583576376549
0.03080875449301212
0.019965018018136542
0.011891286794897328
0.006691191479724554
0.0033793544565890584
0.0015383769386524064
0.0006052621812194155
0.00018553512992714973
4.697705854415089e-5
0.31561588674803226
0.3111157039853431
0.30306349114641307
0.2875063485463727
0.2692831046430676
0.24559300625099317
0.22078434898031532
0.19290311384597936
0.16574755909895258
0.13787057717590132
0.11240166306171281
0.08811197120138846
0.06734722741056931
0.04892973219090994
0.034482986256859915
0.02266478546465704
0.014327819988268646
0.00817304977433078
0.004434313480978069
0.002046341696285189
0.0008817678825048049
0.0002677868063971035
7.710224855353447e-5
0.2526209004236897
0.2482261869451197
0.24240584607723867
0.22902508784218184
0.21483600552546267
0.1948848028845298
0.17521071058033258
0.15198539823377574
0.13031280436778503
0.10734639008314481
0.08704508153079416
0.06734722741056931
0.05094892715810419
0.036359731194996865
0.025074403227859428
0.01606015155767392
0.00972644086873244
0.005330065675028684
0.0026352125220012517
0.0011439210797122186
0.0003816747846545094
0.00010474165812088604
0.19289548665821166
0.19019598155745338
0.184981712090075
0.17520799064850084
0.16350480881962107
0.1484576586477638
0.13254714762076233
0.11480159410084644
0.09749523283099884
0.07989270607920149
0.06393822904212709
0.04892973219090994
0.036359731194996865
0.025430417638840297
0.017104474825102287
0.01050111191232904
0.0061249670171325925
0.0030546935434247716
0.0014208261190272503
0.0004742886659705804
0.00014528401509302622
0.14521095608420662
0.14277897332746115
0.13916233607827055
0.13130957527498213
0.12263644080186883
0.11073734542630813
0.09870880740077281
0.08479270463182031
0.07161247436949571
0.0579722716878079
0.0458583576376549
0.034482986256859915
0.025074403227859428
0.017104474825102287
0.011055065009275928
0.0065400129665660065
0.0034849793898720552
0.0016322419371896958
0.0005852025859880185
0.00017664409988623017
0.10313154533690433
0.10175655233102295
0.09879236041716975
0.0934359555062563
0.0868152297672562
0.07839031848294802
0.06933848294130636
0.05931594252364316
0.04950808882250286
0.0396441608593595
0.03080875449301212
0.02266478546465704
0.01606015155767392
0.01050111191232904
0.0065400129665660065
0.0035431700117749504
0.0017857430098866785
0.0006413345585459203
0.0002094082525398454
0.0716751163698098
0.07056802296040209
0.06863461891105549
0.064716837063878
0.0601370277374295
0.05401473248584959
0.0475984766198107
0.040336020822196464
0.03331462210457586
0.026262111126292863
0.019965018018136542
0.014327819988268646
0.00972644086873244
0.0061249670171325925
0.0034849793898720552
0.0017857430098866785
0.0007072193709905184
0.00023325804033038543
0.04621423030291367
0.045652599216046696
0.04426478242266501
0.04184015549933619
0.038708401732597944
0.034731870770736264
0.030355503280251772
0.02551636401496693
0.020761909146058126
0.016037335827519757
0.011891286794897328
0.00817304977433078
0.005330065675028684
0.0030546935434247716
0.0016322419371896958
0.0006413345585459203
0.00023325804033038543
0.028838605002731662
0.02847440347098976
0.02764965504549335
0.026113560884335207
0.024149377999305617
0.021582291496254062
0.018736179952060974
0.015581873821571638
0.012439584449097556
0.009406856763709677
0.006691191479724554
0.004434313480978069
0.0026352125220012517
0.0014208261190272503
0.0005852025859880185
0.0002094082525398454
0.016310979256198545
0.01614910631324648
0.015675906988620984
0.014852510472233705
0.013713802569730952
0.012233456241148653
0.010538963226409648
0.008639374895422838
0.006767439810894264
0.004925029026056517
0.0033793544565890584
0.002046341696285189
0.0011439210797122186
0.0004742886659705804
0.00017664409988623017
0.008779539180449145
0.008726111563574624
0.008471084915300546
0.00806789625141012
0.007439608541690936
0.006637603725716602
0.005650068836485786
0.004580301457835426
0.0034625474068126372
0.002448960135642463
0.0015383769386524064
0.0008817678825048049
0.0003816747846545094
0.00014528401509302622
0.0041365741683228735
0.004116454205161748
0.004017431835426469
0.003840604022387219
0.003558885530069495
0.0031627194508447123
0.002677088247106959
0.0021125072428390223
0.0015593466420071448
0.0010166551499087213
0.0006052621812194155
0.0002677868063971035
0.00010474165812088604
0.0018148543219380494
0.0018344045173921447
0.001780729647697299
0.0017322675844050697
0.0015936158995637595
0.0014295841861886704
0.001180212371011364
0.0009241770581186827
0.0006329715393326456
0.00039905270986009556
0.00018553512992714973
7.710224855353447e-5
0.0006691113128574238
0.0006764640032597592
0.0006673022959899673
0.0006491482187428272
0.0006037944816516878
0.0005324364794406855
0.00043920811107737984
0.00032297276225362945
0.00021549316950034768
0.00010744054476444913
4.697705854415089e-5
0.0002318955928511094
0.00024666231513931664
0.00023611656644616832
0.00023675114318882126
0.00021097325583520842
0.00018733001731096482
0.0001426508543435611
0.00010481082170246384
5.518796228993202e-5
2.730407107018693e-5
8.481435176006154e-5
9.11913117867207e-5
8.551269193218163e-5
8.171314124715129e-5
6.789487596372034e-5
5.4214130261063796e-5
3.813879090131592e-5
2.1968062581870672e-5
1.1522837334314916e-5
4.646899035777706e-5
4.94623491791865e-5
4.353445648872854e-5
3.6200092455997074e-5
2.5847120692667718e-5
1.6355594778162074e-5
8.556972827826797e-6
3.7090811826914113e-6
3.199264998260451e-5
3.498417457494114e-5
2.663115660237826e-5
2.139752227831838e-5
1.116930615001791e-5
6.312121481792125e-6
1.4079537782499795e-6
2.1665713808133637e-5
2.034999957706051e-5
1.6405276957963304e-5
9.864696248645654e-6
5.254196564281928e-6
9.461949562775931e-7
1.0686860184258556e-5
1.091692115367995e-5
7.034855807332512e-6
4.599791732619489e-6
9.067917856217556e-7
4.916248740810219e-6
4.013921590297903e-6
3.0716122947834007e-6
9.835257291814464e-7
1.1526416511579411e-6
1.1999929181121034e-6
4.871175183212084e-7
1.5583893303829382e-7
3.0782081246508564e-8
-4.725925068683557e-9
