1.0
0.9279334030748309
0.8558668033637999
0.6965061385153405
0.5579449155615916
0.39202098378538114
0.26544246945517264
0.1516694734902744
0.07922405898077953
0.031354364553962316
0.009763675108572244
0.001797481922411575
0.00015201825791023084
3.8850525266107474e-5
1.5418915569981342e-5
7.181901932836827e-10
0.9279334030748309
0.8816866958564159
0.799065832791417
0.6615159210570025
0.5224367117612685
0.3720953123059725
0.249164576096699
0.1441169923142218
0.07481791966891677
0.029826134097055066
0.009591396730937375
0.001749393756930296
0.00017650545084784783
6.355336886443332e-5
3.764170496778813e-6
0.8558668033637999
0.799065832791417
0.7391044953107391
0.6017393354071265
0.4808812248513815
0.3367274832595889
0.2265303944644739
0.12868017835279943
0.06650949245807913
0.02627974081201626
0.008264250444570673
0.0015504920012650012
0.00012517883208046357
1.095512392225459e-5
0.6965061385153405
0.6615159210570025
0.6017393354071265
0.49900109393567954
0.3916410767527679
0.2764381052541327
0.18239263319626725
0.10322828236001917
0.052291248075926444
0.02013396698713647
0.006349503343793756
0.0010854371565845033
8.854884287824137e-5
0.5579449155615916
0.5224367117612685
0.4808812248513815
0.3916410767527679
0.3102442760222073
0.21395834796050292
0.1397686406332387
0.07663449283724355
0.037025936454702826
0.01366543008529422
0.0036438492299306624
0.0006053720524825184
0.39202098378538114
0.3720953123059725
0.3367274832595889
0.2764381052541327
0.21395834796050292
0.1471573846858442
0.09296819098108917
0.048728584094564986
0.022300117858563114
0.006813786101871413
0.0016563904536401554
0.26544246945517264
0.249164576096699
0.2265303944644739
0.18239263319626725
0.1397686406332387
0.09296819098108917
0.056117334953117104
0.027747022649592588
0.01040432085571107
0.0028172564004846014
0.1516694734902744
0.1441169923142218
0.12868017835279943
0.10322828236001917
0.07663449283724355
0.048728584094564986
0.027747022649592588
0.011508178705902507
0.0038259803696673047
0.07922405898077953
0.07481791966891677
0.06650949245807913
0.052291248075926444
0.037025936454702826
0.022300117858563114
0.01040432085571107
0.0038259803696673047
0.031354364553962316
0.029826134097055066
0.02627974081201626
0.02013396698713647
0.01366543008529422
0.006813786101871413
0.0028172564004846014
0.009763675108572244
0.009591396730937375
0.008264250444570673
0.006349503343793756
0.0036438492299306624
0.0016563904536401554
0.001797481922411575
0.001749393756930296
0.0015504920012650012
0.0010854371565845033
0.0006053720524825184
0.00015201825791023084
0.00017650545084784783
0.00012517883208046357
8.854884287824137e-5
3.8850525266107474e-5
6.355336886443332e-5
1.095512392225459e-5
1.5418915569981342e-5
3.764170496778813e-6
7.181901932836827e-10
