1.0
0.9012080318430349
0.8024160623817995
0.5987552801341047
0.43594027244064193
0.255683837346691
0.1414513325225887
0.05307144998001693
0.016658346962727315
0.002108757891034528
0.00020914201471027266
3.895125010416765e-5
3.207656095509296e-5
0.9012080318430349
0.8439679227823166
0.7286450568072191
0.5613621199439763
0.3950846663565447
0.24104034386950424
0.12721213407887963
0.05172616642719878
0.014684659302946651
0.0028333663692092217
0.00015725216482853632
0.00015783083614669236
0.8024160623817995
0.7286450568072191
0.6522547159502562
0.48492965985207387
0.3516779231164432
0.20356788146541036
0.11174442065479073
0.04112881929844898
0.013294114773426178
0.001707577441492254
0.00022067540917736125
0.5987552801341047
0.5613621199439763
0.48492965985207387
0.3738473131417945
0.2574842659472817
0.15387827134987705
0.07721293233037393
0.03006830825197228
0.007642939015560227
0.0015254593237864148
0.43594027244064193
0.3950846663565447
0.3516779231164432
0.2574842659472817
0.18316463164850985
0.0991960360029498
0.051061515596515575
0.015135275828056188
0.004113440868885307
0.255683837346691
0.24104034386950424
0.20356788146541036
0.15387827134987705
0.0991960360029498
0.05504455876999606
0.02214693422697257
0.006493968924839244
0.1414513325225887
0.12721213407887963
0.11174442065479073
0.07721293233037393
0.051061515596515575
0.02214693422697257
0.009219464848645298
0.05307144998001693
0.05172616642719878
0.04112881929844898
0.03006830825197228
0.015135275828056188
0.006493968924839244
0.016658346962727315
0.014684659302946651
0.013294114773426178
0.007642939015560227
0.004113440868885307
0.002108757891034528
0.0028333663692092217
0.001707577441492254
0.0015254593237864148
0.00020914201471027266
0.00015725216482853632
0.00022067540917736125
3.895125010416765e-5
0.00015783083614669236
3.207656095509296e-5
