1.0
0.9827973963872912
0.9655947920225585
0.9197739461109558
0.8754953658682733
0.8092427633992272
0.7469673817357199
0.6695556890904114
0.5987905861490496
0.5192974959501239
0.448764405689669
0.3749487347170739
0.3116069790714562
0.24912037177985305
0.19759460816465668
0.1495892253931524
0.11194792569510091
0.07901580409188844
0.0548693290621312
0.035301297540689
0.022225778647435
0.012636352333201041
0.006987747393533664
0.003356221344228636
0.0015724233934207947
0.0006074286124612428
0.00024885993824116183
9.656208006605253e-5
6.114209484348771e-5
4.103098759238587e-5
3.0877339080035286e-5
1.754484996613225e-5
9.876595436026286e-6
3.811608812418451e-6
1.1664876321987874e-6
9.035963034959925e-8
5.486345060651915e-12
0.9827973963872912
0.9715398894931232
0.9496591860563127
0.9092553413709455
0.8614176266021285
0.8000091685548705
0.7351135102311448
0.661937155886182
0.5893135987548829
0.5134165439646826
0.4416237903313611
0.3707525805081586
0.3066069806708201
0.2464187700397171
0.19440508292311
0.14807926277407593
0.11014118670758322
0.0783329124483174
0.05398883681555807
0.0350974126974636
0.021875205116772756
0.012641472452207132
0.006880959502135536
0.0034109763981827854
0.0015499628048523959
0.0006487254078948771
0.00024533047548486143
0.00011624672460235789
5.9665603993969306e-5
4.7442515173122245e-5
2.9109006291673524e-5
1.8763287853506252e-5
8.720446728146641e-6
3.970666574659448e-6
8.16251800824366e-7
1.0027141878115266e-7
0.9655947920225585
0.9496591860563127
0.9336124465850794
0.8896329576623374
0.8470553642171268
0.7830357714950286
0.7228075714887531
0.6478236692168935
0.5792567028330741
0.5021955895766234
0.43383071197465733
0.3622963562719649
0.30095338028293167
0.24047006750960845
0.19064585665904787
0.1442549212073358
0.10792128977293072
0.07615027149918131
0.05288643970854157
0.03404262868919166
0.02146688833671717
0.01223335341422545
0.006793063391114561
0.0032831667889334005
0.0015535093024100241
0.0006087646084995299
0.0002530277928625527
9.761855486696867e-5
5.865463404288174e-5
3.614733355545703e-5
2.5613132149685577e-5
1.3189230278823937e-5
7.088584630352539e-6
2.3339452738898962e-6
6.428459461409176e-7
0.9197739461109558
0.9092553413709455
0.8896329576623374
0.8526218275904658
0.808045366416599
0.7507396961848298
0.6897510271654587
0.6210436451282553
0.5526036757343227
0.4812002651455582
0.4135276280808323
0.3468768096498129
0.2865108836472432
0.23002927259955458
0.1812261971394524
0.13789470878183416
0.10242951756639335
0.07279376564146499
0.05013247271404163
0.032609162662172585
0.020348750172237744
0.011806576306519302
0.006459338572858178
0.003232571386849886
0.0014852123102749195
0.0006305346357118993
0.00023857898250196895
0.00010758451197968183
4.776862927478855e-5
3.390484855663883e-5
1.74480632585023e-5
1.0322989423604134e-5
3.691522853073411e-6
1.4097785486681387e-6
0.8754953658682733
0.8614176266021285
0.8470553642171268
0.808045366416599
0.7700814540704342
0.7120635213293576
0.6573718652444962
0.5889217780808643
0.526301316352009
0.45580519602479946
0.3933140282745419
0.327929012350265
0.27197025277469467
0.21686177852206281
0.17160466959689866
0.129543145667665
0.09673041114462581
0.0681010441149557
0.04723796340955055
0.030372811689234915
0.01917459701514805
0.01095459767881418
0.00612157847201143
0.0029831959816174667
0.0014288317381935406
0.0005655497699214524
0.00023329963541010478
8.22645438819369e-5
4.128197715898425e-5
1.9687397187670225e-5
1.1965823605519423e-5
4.19671938473798e-6
1.7237273611338993e-6
0.8092427633992272
0.8000091685548705
0.7830357714950286
0.7507396961848298
0.7120635213293576
0.6621007384569196
0.6081510691009827
0.5474544800102616
0.4865578985816011
0.4232253902693054
0.3629841158157326
0.3039039159601013
0.25032124125603594
0.20044946235332003
0.15737441298331525
0.11936878857537025
0.0883165737490759
0.06255574923233502
0.04290955958575481
0.02784164324189357
0.017328016791197796
0.010061306794683198
0.00550806488595756
0.0027728612531418176
0.001276787284837224
0.000542443721678103
0.00019820623480824563
8.036537402538561e-5
2.6648583198827057e-5
1.5510873929651413e-5
4.824448329938457e-6
2.138479856490058e-6
0.7469673817357199
0.7351135102311448
0.7228075714887531
0.6897510271654587
0.6573718652444962
0.6081510691009827
0.5615790561595646
0.502701944499577
0.4488083405152523
0.3879367543258745
0.3340554115526362
0.27766552458873967
0.22956167385999754
0.1822663914223154
0.143628085241156
0.10783290023724593
0.08011224312974038
0.05603043158404914
0.03864708011196763
0.024668839034643175
0.015494621214565017
0.00879261491993021
0.004897169815676654
0.0023717430799193376
0.0011333661607488116
0.0004401814456613438
0.00017454880253918185
5.222259916289009e-5
2.035490800019335e-5
5.753306575395447e-6
2.442260238401859e-6
0.6695556890904114
0.661937155886182
0.6478236692168935
0.6210436451282553
0.5889217780808643
0.5474544800102616
0.502701944499577
0.4523888838632067
0.4013238526479175
0.34844808419289547
0.2978631242350718
0.2485573127434104
0.20373780383483042
0.1623473396293935
0.12661641242624347
0.09540240643183165
0.06997761558757169
0.04914447944717871
0.03334292737113387
0.021408262629985464
0.013143900993249472
0.007540203095512938
0.004055255347531354
0.002011992860490632
0.0009013757629125428
0.00037297638703760543
0.00012466411151814736
4.400921608878536e-5
8.910050154452283e-6
3.882131513134536e-6
0.5987905861490496
0.5893135987548829
0.5792567028330741
0.5526036757343227
0.526301316352009
0.4865578985816011
0.4488083405152523
0.4013238526479175
0.357795079402809
0.30833905708715587
0.2646441185454923
0.21887106549399588
0.18000246699574307
0.14186596916687833
0.11094927777457216
0.08244226435430345
0.06062222871626265
0.0418043023730549
0.028440981403433957
0.017802477704211044
0.010978575328232345
0.0060612981454116616
0.0032920650455594775
0.0015287710834406606
0.0007044380487749984
0.0002519095099167748
9.221453455995794e-5
2.0024590907960055e-5
5.610373765113572e-6
0.5192974959501239
0.5134165439646826
0.5021955895766234
0.4812002651455582
0.45580519602479946
0.4232253902693054
0.3879367543258745
0.34844808419289547
0.30833905708715587
0.26700559191726075
0.22710979308362242
0.1885364823302207
0.15334576273343023
0.12120086698181301
0.09346733525618048
0.06959232024945043
0.0502406663654071
0.03469281818599638
0.023010400201792132
0.014417987476579653
0.008559663775626105
0.0047392063600699575
0.002416534103399152
0.0011364542246757382
0.00046229723685282286
0.00017451456152215323
4.4654986193576356e-5
1.2899260490997416e-5
0.448764405689669
0.4416237903313611
0.43383071197465733
0.4135276280808323
0.3933140282745419
0.3629841158157326
0.3340554115526362
0.2978631242350718
0.2646441185454923
0.22710979308362242
0.19399986228899022
0.15923681999932787
0.12989588923871997
0.10117953639082837
0.07815701536366168
0.057070278358297075
0.04121477224935586
0.02769423460437721
0.0183515044587323
0.011038606478299995
0.00654228096815492
0.0033871086940530223
0.0017272424136930982
0.0007135826331704183
0.0002957088073369597
7.935930547994062e-5
2.3097971265465884e-5
0.3749487347170739
0.3707525805081586
0.3622963562719649
0.3468768096498129
0.327929012350265
0.3039039159601013
0.27766552458873967
0.2485573127434104
0.21887106549399588
0.1885364823302207
0.15923681999932787
0.13119220854099295
0.10546364826504273
0.08231524298020478
0.062357447564517846
0.045541550138298074
0.03200756448085996
0.021461327498422587
0.013657824849293083
0.008174076238528881
0.004536403280121001
0.0023319819319722285
0.0010491022281983308
0.00043262425774973486
0.00013050921529047672
3.774921206029677e-5
0.3116069790714562
0.3066069806708201
0.30095338028293167
0.2865108836472432
0.27197025277469467
0.25032124125603594
0.22956167385999754
0.20373780383483042
0.18000246699574307
0.15334576273343023
0.12989588923871997
0.10546364826504273
0.08500684426615424
0.06504649250399627
0.0493004395565288
0.03501110599945977
0.02455701567409279
0.015786272052938897
0.009992830425588939
0.00557963574637818
0.0030714553586496406
0.0013874814450513268
0.0006186140785134739
0.00018346274310196726
5.7318248628694377e-5
0.24912037177985305
0.2464187700397171
0.24047006750960845
0.23002927259955458
0.21686177852206281
0.20044946235332003
0.1822663914223154
0.1623473396293935
0.14186596916687833
0.12120086698181301
0.10117953639082837
0.08231524298020478
0.06504649250399627
0.049838494509470956
0.036735811274123516
0.026042564103101164
0.01752232001678182
0.011196846052443348
0.006622004696133936
0.0036503908981596724
0.0017692405184641202
0.0007858738211883867
0.00025541402708111174
7.567492012863966e-5
0.19759460816465668
0.19440508292311
0.19064585665904787
0.1812261971394524
0.17160466959689866
0.15737441298331525
0.143628085241156
0.12661641242624347
0.11094927777457216
0.09346733525618048
0.07815701536366168
0.062357447564517846
0.0493004395565288
0.036735811274123516
0.02706726860994253
0.018400463313351132
0.012329299557830119
0.007351233955145749
0.004307674706628145
0.002079845369671723
0.000995018364351115
0.0003195020636329343
0.00010560887237899226
0.1495892253931524
0.14807926277407593
0.1442549212073358
0.13789470878183416
0.129543145667665
0.11936878857537025
0.10783290023724593
0.09540240643183165
0.08244226435430345
0.06959232024945043
0.057070278358297075
0.045541550138298074
0.03501110599945977
0.026042564103101164
0.018400463313351132
0.012467645489589375
0.00780411673394151
0.004608656222712497
0.0023741335195847884
0.0011231277792087223
0.0003897972855813254
0.00012352666115505222
0.11194792569510091
0.11014118670758322
0.10792128977293072
0.10242951756639335
0.09673041114462581
0.0883165737490759
0.08011224312974038
0.06997761558757169
0.06062222871626265
0.0502406663654071
0.04121477224935586
0.03200756448085996
0.02455701567409279
0.01752232001678182
0.012329299557830119
0.00780411673394151
0.0048643735193165975
0.002526052450725951
0.0012908143472062333
0.00043851953086027106
0.0001554121462072776
0.07901580409188844
0.0783329124483174
0.07615027149918131
0.07279376564146499
0.0681010441149557
0.06255574923233502
0.05603043158404914
0.04914447944717871
0.0418043023730549
0.03469281818599638
0.02769423460437721
0.021461327498422587
0.015786272052938897
0.011196846052443348
0.007351233955145749
0.004608656222712497
0.002526052450725951
0.001301430034618046
0.0004844859454211493
0.00016262230997109262
0.0548693290621312
0.05398883681555807
0.05288643970854157
0.05013247271404163
0.04723796340955055
0.04290955958575481
0.03864708011196763
0.03334292737113387
0.028440981403433957
0.023010400201792132
0.0183515044587323
0.013657824849293083
0.009992830425588939
0.006622004696133936
0.004307674706628145
0.0023741335195847884
0.0012908143472062333
0.0004844859454211493
0.00018946274200082382
0.035301297540689
0.0350974126974636
0.03404262868919166
0.032609162662172585
0.030372811689234915
0.02784164324189357
0.024668839034643175
0.021408262629985464
0.017802477704211044
0.014417987476579653
0.011038606478299995
0.008174076238528881
0.00557963574637818
0.0036503908981596724
0.002079845369671723
0.0011231277792087223
0.00043851953086027106
0.00016262230997109262
0.022225778647435
0.021875205116772756
0.02146688833671717
0.020348750172237744
0.01917459701514805
0.017328016791197796
0.015494621214565017
0.013143900993249472
0.010978575328232345
0.008559663775626105
0.00654228096815492
0.004536403280121001
0.0030714553586496406
0.0017692405184641202
0.000995018364351115
0.0003897972855813254
0.0001554121462072776
0.012636352333201041
0.012641472452207132
0.01223335341422545
0.011806576306519302
0.01095459767881418
0.010061306794683198
0.00879261491993021
0.007540203095512938
0.0060612981454116616
0.0047392063600699575
0.0033871086940530223
0.0023319819319722285
0.0013874814450513268
0.0007858738211883867
0.0003195020636329343
0.00012352666115505222
0.006987747393533664
0.006880959502135536
0.006793063391114561
0.006459338572858178
0.00612157847201143
0.00550806488595756
0.004897169815676654
0.004055255347531354
0.0032920650455594775
0.002416534103399152
0.0017272424136930982
0.0010491022281983308
0.0006186140785134739
0.00025541402708111174
0.00010560887237899226
0.003356221344228636
0.0034109763981827854
0.0032831667889334005
0.003232571386849886
0.0029831959816174667
0.0027728612531418176
0.0023717430799193376
0.002011992860490632
0.0015287710834406606
0.0011364542246757382
0.0007135826331704183
0.00043262425774973486
0.00018346274310196726
7.567492012863966e-5
0.0015724233934207947
0.0015499628048523959
0.0015535093024100241
0.0014852123102749195
0.0014288317381935406
0.001276787284837224
0.0011333661607488116
0.0009013757629125428
0.0007044380487749984
0.00046229723685282286
0.0002957088073369597
0.00013050921529047672
5.7318248628694377e-5
0.0006074286124612428
0.0006487254078948771
0.0006087646084995299
0.0006305346357118993
0.0005655497699214524
0.000542443721678103
0.0004401814456613438
0.00037297638703760543
0.0002519095099167748
0.00017451456152215323
7.935930547994062e-5
3.774921206029677e-5
0.00024885993824116183
0.00024533047548486143
0.0002530277928625527
0.00023857898250196895
0.00023329963541010478
0.00019820623480824563
0.00017454880253918185
0.00012466411151814736
9.221453455995794e-5
4.4654986193576356e-5
2.3097971265465884e-5
9.656208006605253e-5
0.00011624672460235789
9.761855486696867e-5
0.00010758451197968183
8.22645438819369e-5
8.036537402538561e-5
5.222259916289009e-5
4.400921608878536e-5
2.0024590907960055e-5
1.2899260490997416e-5
6.114209484348771e-5
5.9665603993969306e-5
5.865463404288174e-5
4.776862927478855e-5
4.128197715898425e-5
2.6648583198827057e-5
2.035490800019335e-5
8.910050154452283e-6
5.610373765113572e-6
4.103098759238587e-5
4.7442515173122245e-5
3.614733355545703e-5
3.390484855663883e-5
1.9687397187670225e-5
1.5510873929651413e-5
5.753306575395447e-6
3.882131513134536e-6
3.0877339080035286e-5
2.9109006291673524e-5
2.5613132149685577e-5
1.74480632585023e-5
1.1965823605519423e-5
4.824448329938457e-6
2.442260238401859e-6
1.754484996613225e-5
1.8763287853506252e-5
1.3189230278823937e-5
1.0322989423604134e-5
4.19671938473798e-6
2.138479856490058e-6
9.876595436026286e-6
8.720446728146641e-6
7.088584630352539e-6
3.691522853073411e-6
1.7237273611338993e-6
3.811608812418451e-6
3.970666574659448e-6
2.3339452738898962e-6
1.4097785486681387e-6
1.1664876321987874e-6
8.16251800824366e-7
6.428459461409176e-7
9.035963034959925e-8
1.0027141878115266e-7
5.486345060651915e-12
