1.0
0.9869192209137574
0.97383844002561
0.9383792387077121
0.9038205103801712
0.8512168641072919
0.8009918592427362
0.7372739977793472
0.6776649204465215
0.6090059798172109
0.5461247068668087
0.4782299359136635
0.41745669157434084
0.3550641398828627
0.30062896890591356
0.24717998421631163
0.20192704357100918
0.15940654349487313
0.12470527296501781
0.09361959209033975
0.06940884805878639
0.04890352947338086
0.03388437611179371
0.022015133650644905
0.014005051447343432
0.008191484757788189
0.004673457618490523
0.002386350080254699
0.001192934666926336
0.0005177580636742542
0.00023436259107301237
0.000101566496480845
6.149976014671187e-5
4.013379006801134e-5
3.141138750617816e-5
1.979432761852105e-5
1.2938616985684733e-5
6.347438200753441e-6
3.0608742459423304e-6
8.420226114287344e-7
1.9478054112270326e-7
8.809779282096223e-9
1.786994687166043e-10
0.9869192209137574
0.9783575805649904
0.9615642994612119
0.9302505408750389
0.8927147951948217
0.8438592290086976
0.7913031272614475
0.7309178149044762
0.6695277656238297
0.6037726266615749
0.5395697359881578
0.4741437653380068
0.4124246123746208
0.3520690989252358
0.2969862687062995
0.24515507574040585
0.1994752034971994
0.15817588472087357
0.12319683837275815
0.09297457032448467
0.06857842790385676
0.04863814380313629
0.033486431079058375
0.02195593173814782
0.013846107564929553
0.008214397938781651
0.0046230824493200895
0.002423483116687869
0.001180523801453819
0.0005440161462492749
0.00023121820130029953
0.00011485941258341025
5.985083372921289e-5
4.5265987654562024e-5
3.0064139761773808e-5
2.127999300564267e-5
1.183630821941978e-5
6.6263498587922754e-6
2.5693579979507004e-6
9.278019156915658e-7
9.123583951888045e-8
9.917268750543961e-9
0.97383844002561
0.9615642994612119
0.9492211637806645
0.9149112870469726
0.881420348386849
0.8302203192488328
0.7812978308340274
0.7191381869540086
0.6609630808828046
0.5939170186824563
0.532505516483253
0.4661901556426815
0.40684026741125134
0.34592202684812723
0.29279756448841077
0.2406560884330783
0.19653826680170328
0.15510217335758167
0.1213099565840346
0.09105039466611478
0.06750263928053805
0.047565136448028386
0.032975065038180706
0.02144521218169084
0.013665424372184504
0.008011549824049665
0.00458756098535644
0.0023547200614078925
0.0011859877180828173
0.0005200599902317468
0.00023767398201731766
0.00010288285934734144
6.0490500451201264e-5
3.731899609266233e-5
2.7961374069179775e-5
1.650130713074211e-5
1.0407279412811379e-5
4.653056648788547e-6
2.192748074633121e-6
4.790074703613032e-7
1.214747288221433e-7
0.9383792387077121
0.9302505408750389
0.9149112870469726
0.8857408922620553
0.8502744760426307
0.8040255357636257
0.7539771439225021
0.6964897465462687
0.6378555429477798
0.5751086185189818
0.5137257877930153
0.4512520751174543
0.39225851664645667
0.33466080051310076
0.2820782563279338
0.23269290127326558
0.18917406823450955
0.14990729523409663
0.11666197665017995
0.08799779637258205
0.064871253126339
0.04601177334883288
0.03168837212049702
0.02080895952331821
0.013151806098700753
0.007834590656209901
0.00443182741784095
0.0023419153777287853
0.0011515672918421386
0.0005364521347249478
0.00022856649775504723
0.00011044781356699526
5.2712966176265024e-5
3.641137946999871e-5
2.1462288097531693e-5
1.4152053162758847e-5
6.781951059600943e-6
3.5591774340647724e-6
1.0627404113560234e-6
3.9330174573343316e-7
0.9038205103801712
0.8927147951948217
0.881420348386849
0.8502744760426307
0.8197384801481562
0.7723799457365516
0.7270382743105919
0.6691451901709883
0.614916577965234
0.5522980413236979
0.49493593777870415
0.432961509573555
0.37753117603645686
0.3206572326567872
0.27112540713659955
0.22255732543040155
0.181541500278928
0.1430690844607439
0.11176782505874565
0.08377953335767871
0.06206000429153008
0.043698318660671615
0.03030136801401454
0.01972450784577452
0.012603005451310446
0.007419313811556413
0.004276418301094619
0.0022132667717194056
0.0011267677863667934
0.0004989268953879294
0.00022731944920835364
9.369365372265133e-5
4.902979505762823e-5
2.5327426640791675e-5
1.6772051616141762e-5
7.899497518526346e-6
4.480384310300059e-6
1.3849686333020042e-6
6.375038949796166e-7
0.8512168641072919
0.8438592290086976
0.8302203192488328
0.8040255357636257
0.7723799457365516
0.7308959659698782
0.6854520978797457
0.6332607564955959
0.579688714092809
0.5224525998799825
0.46625797414100695
0.4091997896642911
0.355216705860463
0.3026668907505537
0.2546602732333064
0.20973145658268363
0.17015141243163218
0.13458274025176453
0.10449801267205845
0.07867576274323246
0.0578728802748369
0.04099189921133378
0.028190971730566373
0.01851782737281275
0.011712378063420703
0.0070017973338773335
0.003977040849051537
0.002116830222625885
0.0010466680685077656
0.0004892085060990884
0.00020474913927107536
9.259883058810071e-5
3.7080791931211205e-5
2.1521721925067025e-5
9.506091773441282e-6
5.275981665633514e-6
1.5536970668011307e-6
7.346778703204326e-7
0.8009918592427362
0.7913031272614475
0.7812978308340274
0.7539771439225021
0.7270382743105919
0.6854520978797457
0.6454951010746249
0.5940042365907202
0.5457071442654882
0.4897418600566635
0.43847519455786094
0.38302899372565324
0.33349147127878004
0.2826837604285019
0.23852904838422034
0.19529539983968924
0.15890126819204678
0.12484081502384696
0.09724617421331523
0.07264309192277518
0.053649065095150626
0.0376450825899299
0.026038608817162575
0.016906393051827437
0.010794434069320166
0.006351062775702758
0.0036679211352551385
0.0019014453772005216
0.000970576705063552
0.0004269203184965142
0.00018994626548755262
7.158772942845116e-5
3.165528707042952e-5
1.1984259656531798e-5
6.307527027762052e-6
1.5950514980254786e-6
7.724724418391497e-7
0.7372739977793472
0.7309178149044762
0.7191381869540086
0.6964897465462687
0.6691451901709883
0.6332607564955959
0.5940042365907202
0.5488831632765813
0.5020992935987423
0.4522231696142703
0.4029843630125051
0.3531592547102154
0.3058798925510103
0.2600521920906078
0.21813842362902844
0.179115612809456
0.14475109932954366
0.11406321228281514
0.08815063070144563
0.06607357005334247
0.048337015276040264
0.03406980528993851
0.023289966578556354
0.015226657136683797
0.00957334866781368
0.005700673986056559
0.0032183937964508423
0.001707392362748236
0.0008365427687095872
0.00038610963897081987
0.00015439626016815997
6.395669103535805e-5
2.004957621545872e-5
9.175329399869563e-6
2.231559377123757e-6
9.269298661976268e-7
0.6776649204465215
0.6695277656238297
0.6609630808828046
0.6378555429477798
0.614916577965234
0.579688714092809
0.5457071442654882
0.5020992935987423
0.4611031444998987
0.41331826347377226
0.3695426018560223
0.32211063199861545
0.27979657718407347
0.2364097103914385
0.19881517515492583
0.1620726417803222
0.1312844402935232
0.10256466126066949
0.07944631991726162
0.05892896257279493
0.043221535985512705
0.03006582035239941
0.020625943027503486
0.013253390204365143
0.00838326510293784
0.004869529054536454
0.0027814999824640487
0.001417319895202004
0.0007127014581778387
0.0003031008555386388
0.00012904514844057957
4.2421469157579884e-5
1.551500402341834e-5
3.523666313053774e-6
1.3558578497112513e-6
0.6090059798172109
0.6037726266615749
0.5939170186824563
0.5751086185189818
0.5522980413236979
0.5224525998799825
0.4897418600566635
0.4522231696142703
0.41331826347377226
0.3719277687502523
0.33073242310241285
0.2892246025623545
0.24966655097259308
0.21153946653364356
0.17660556251394302
0.14431144692948186
0.11588334647722327
0.09072283846323716
0.06953058398029029
0.051677225874456216
0.037398915796940144
0.026073621080662635
0.017573193926722658
0.011329508931945106
0.006991536993340074
0.004088000861187948
0.002248543699178303
0.0011640180610880029
0.0005474723758282406
0.00024268618114849417
8.834426929083829e-5
3.2755750697606305e-5
6.875693214927506e-6
2.3295597062749916e-6
0.5461247068668087
0.5395697359881578
0.532505516483253
0.5137257877930153
0.49493593777870415
0.46625797414100695
0.43847519455786094
0.4029843630125051
0.3695426018560223
0.33073242310241285
0.295154019766817
0.2564766599151137
0.22203223555983714
0.1867133494054793
0.1562268082054966
0.12649889246583135
0.1017451217041195
0.0787576649268138
0.060425561151315955
0.04426691093848198
0.032056100385852944
0.021925581237162213
0.0147832399688316
0.009279000048429057
0.005732877711841958
0.0032189282507979014
0.0017791853890772081
0.0008602696039724711
0.0004121006520397536
0.00015869222908315272
6.169448519097211e-5
1.5249909361505233e-5
4.4021503837028096e-6
0.4782299359136635
0.4741437653380068
0.4661901556426815
0.4512520751174543
0.432961509573555
0.4091997896642911
0.38302899372565324
0.3531592547102154
0.32211063199861545
0.2892246025623545
0.2564766599151137
0.2236363280333743
0.192139895703363
0.16199891468333882
0.13430714302130725
0.10894814232339467
0.08663397487693429
0.06712881357266198
0.05075878237607645
0.0371920239324124
0.02641746928075652
0.01805647374739075
0.011850037606707029
0.007428165444034187
0.00440840076809102
0.0024738637474174246
0.0012796260141964275
0.0006228142319263534
0.00026256425124667387
0.00010480484420028286
2.8709214884716038e-5
8.49764295514898e-6
0.41745669157434084
0.4124246123746208
0.40684026741125134
0.39225851664645667
0.37753117603645686
0.355216705860463
0.33349147127878004
0.3058798925510103
0.27979657718407347
0.24966655097259308
0.22203223555983714
0.192139895703363
0.16556208216030027
0.1382930104944756
0.1148708962056912
0.0920941170949126
0.07329146545023775
0.05593503462272492
0.042278281501818754
0.030356143178849156
0.021522837292555268
0.014298888689769432
0.009351484454851696
0.005619826687746472
0.0033195117777828393
0.0017375875891216667
0.0008952566453550207
0.00038172499920832584
0.00016287543705805212
4.631138023611055e-5
1.3956712047699137e-5
0.3550641398828627
0.3520690989252358
0.34592202684812723
0.33466080051310076
0.3206572326567872
0.3026668907505537
0.2826837604285019
0.2600521920906078
0.2364097103914385
0.21153946653364356
0.1867133494054793
0.16199891468333882
0.1382930104944756
0.11580535997629436
0.09506628372804148
0.07631120864548865
0.05981491220845413
0.04564042701094921
0.03380313188968256
0.02422295876879302
0.016692785853080993
0.01104281763724415
0.006922139504629489
0.004131929048717662
0.0022796755015035146
0.001182367507848234
0.0005349682469577583
0.00022725874331300597
7.013930016492208e-5
2.123801689555249e-5
0.30062896890591356
0.2969862687062995
0.29279756448841077
0.2820782563279338
0.27112540713659955
0.2546602732333064
0.23852904838422034
0.21813842362902844
0.19881517515492583
0.17660556251394302
0.1562268082054966
0.13430714302130725
0.1148708962056912
0.09506628372804148
0.07816570173340842
0.06178803487579498
0.04843121480983217
0.03619657354662369
0.02675488670596455
0.018619848387358053
0.012772107110774712
0.008087835245065237
0.0050290102906847866
0.00279725616136956
0.001526552437694225
0.0006934414872490289
0.0003101323180357268
9.422701924566706e-5
3.0040459792926494e-5
0.24717998421631163
0.24515507574040585
0.2406560884330783
0.23269290127326558
0.22255732543040155
0.20973145658268363
0.19529539983968924
0.179115612809456
0.1620726417803222
0.14431144692948186
0.12649889246583135
0.10894814232339467
0.0920941170949126
0.07631120864548865
0.06178803487579498
0.04887525865009598
0.03752633427919883
0.028006971174239583
0.020109164625765924
0.013934179687613683
0.00915125234159489
0.005746045074419629
0.0033280714492356475
0.001827028443220286
0.0008751561588419989
0.00039117876540568594
0.00012636612436743388
3.870593022785809e-5
0.20192704357100918
0.1994752034971994
0.19653826680170328
0.18917406823450955
0.181541500278928
0.17015141243163218
0.15890126819204678
0.14475109932954366
0.1312844402935232
0.11588334647722327
0.1017451217041195
0.08663397487693429
0.07329146545023775
0.05981491220845413
0.04843121480983217
0.03752633427919883
0.028789950778016327
0.020869304976572703
0.014932564627588634
0.009903829139352097
0.0064553683610732784
0.0037714714973701297
0.0021555920001964848
0.001035036789737299
0.0004887449103784488
0.0001571372725149372
5.150625319868072e-5
0.15940654349487313
0.15817588472087357
0.15510217335758167
0.14990729523409663
0.1430690844607439
0.13458274025176453
0.12484081502384696
0.11406321228281514
0.10256466126066949
0.09072283846323716
0.0787576649268138
0.06712881357266198
0.05593503462272492
0.04564042701094921
0.03619657354662369
0.028006971174239583
0.020869304976572703
0.015088978853491423
0.010338144378144504
0.006813227468213197
0.004136310893679999
0.0023856825122545327
0.0011909602371041605
0.0005615035739361581
0.0001914854033142101
6.179208487527386e-5
0.12470527296501781
0.12319683837275815
0.1213099565840346
0.11666197665017995
0.11176782505874565
0.10449801267205845
0.09724617421331523
0.08815063070144563
0.07944631991726162
0.06953058398029029
0.060425561151315955
0.05075878237607645
0.042278281501818754
0.03380313188968256
0.02675488670596455
0.020109164625765924
0.014932564627588634
0.010338144378144504
0.00705129802980293
0.004330066048738745
0.002605683785427872
0.0013141111941404773
0.0006458214960829512
0.00021795113937975028
7.560103887086339e-5
0.09361959209033975
0.09297457032448467
0.09105039466611478
0.08799779637258205
0.08377953335767871
0.07867576274323246
0.07264309192277518
0.06607357005334247
0.05892896257279493
0.051677225874456216
0.04426691093848198
0.0371920239324124
0.030356143178849156
0.02422295876879302
0.018619848387358053
0.013934179687613683
0.009903829139352097
0.006813227468213197
0.004330066048738745
0.0026398624165117767
0.001392195654043521
0.0006940482416016813
0.00024376468454901946
8.242555549883713e-5
0.06940884805878639
0.06857842790385676
0.06750263928053805
0.064871253126339
0.06206000429153008
0.0578728802748369
0.053649065095150626
0.048337015276040264
0.043221535985512705
0.037398915796940144
0.032056100385852944
0.02641746928075652
0.021522837292555268
0.016692785853080993
0.012772107110774712
0.00915125234159489
0.0064553683610732784
0.004136310893679999
0.002605683785427872
0.001392195654043521
0.000732357771118263
0.0002636923767748634
9.47898966273076e-5
0.04890352947338086
0.04863814380313629
0.047565136448028386
0.04601177334883288
0.043698318660671615
0.04099189921133378
0.0376450825899299
0.03406980528993851
0.03006582035239941
0.026073621080662635
0.021925581237162213
0.01805647374739075
0.014298888689769432
0.01104281763724415
0.008087835245065237
0.005746045074419629
0.0037714714973701297
0.0023856825122545327
0.0013141111941404773
0.0006940482416016813
0.0002636923767748634
9.830243088784161e-5
0.03388437611179371
0.033486431079058375
0.032975065038180706
0.03168837212049702
0.03030136801401454
0.028190971730566373
0.026038608817162575
0.023289966578556354
0.020625943027503486
0.017573193926722658
0.0147832399688316
0.011850037606707029
0.009351484454851696
0.006922139504629489
0.0050290102906847866
0.0033280714492356475
0.0021555920001964848
0.0011909602371041605
0.0006458214960829512
0.00024376468454901946
9.47898966273076e-5
0.022015133650644905
0.02195593173814782
0.02144521218169084
0.02080895952331821
0.01972450784577452
0.01851782737281275
0.016906393051827437
0.015226657136683797
0.013253390204365143
0.011329508931945106
0.009279000048429057
0.007428165444034187
0.005619826687746472
0.004131929048717662
0.00279725616136956
0.001827028443220286
0.001035036789737299
0.0005615035739361581
0.00021795113937975028
8.242555549883713e-5
0.014005051447343432
0.013846107564929553
0.013665424372184504
0.013151806098700753
0.012603005451310446
0.011712378063420703
0.010794434069320166
0.00957334866781368
0.00838326510293784
0.006991536993340074
0.005732877711841958
0.00440840076809102
0.0033195117777828393
0.0022796755015035146
0.001526552437694225
0.0008751561588419989
0.0004887449103784488
0.0001914854033142101
7.560103887086339e-5
0.008191484757788189
0.008214397938781651
0.008011549824049665
0.007834590656209901
0.007419313811556413
0.0070017973338773335
0.006351062775702758
0.005700673986056559
0.004869529054536454
0.004088000861187948
0.0032189282507979014
0.0024738637474174246
0.0017375875891216667
0.001182367507848234
0.0006934414872490289
0.00039117876540568594
0.0001571372725149372
6.179208487527386e-5
0.004673457618490523
0.0046230824493200895
0.00458756098535644
0.00443182741784095
0.004276418301094619
0.003977040849051537
0.0036679211352551385
0.0032183937964508423
0.0027814999824640487
0.002248543699178303
0.0017791853890772081
0.0012796260141964275
0.0008952566453550207
0.0005349682469577583
0.0003101323180357268
0.00012636612436743388
5.150625319868072e-5
0.002386350080254699
0.002423483116687869
0.0023547200614078925
0.0023419153777287853
0.0022132667717194056
0.002116830222625885
0.0019014453772005216
0.001707392362748236
0.001417319895202004
0.0011640180610880029
0.0008602696039724711
0.0006228142319263534
0.00038172499920832584
0.00022725874331300597
9.422701924566706e-5
3.870593022785809e-5
0.001192934666926336
0.001180523801453819
0.0011859877180828173
0.0011515672918421386
0.0011267677863667934
0.0010466680685077656
0.000970576705063552
0.0008365427687095872
0.0007127014581778387
0.0005474723758282406
0.0004121006520397536
0.00026256425124667387
0.00016287543705805212
7.013930016492208e-5
3.0040459792926494e-5
0.0005177580636742542
0.0005440161462492749
0.0005200599902317468
0.0005364521347249478
0.0004989268953879294
0.0004892085060990884
0.0004269203184965142
0.00038610963897081987
0.0003031008555386388
0.00024268618114849417
0.00015869222908315272
0.00010480484420028286
4.631138023611055e-5
2.123801689555249e-5
0.00023436259107301237
0.00023121820130029953
0.00023767398201731766
0.00022856649775504723
0.00022731944920835364
0.00020474913927107536
0.00018994626548755262
0.00015439626016815997
0.00012904514844057957
8.834426929083829e-5
6.169448519097211e-5
2.8709214884716038e-5
1.3956712047699137e-5
0.000101566496480845
0.00011485941258341025
0.00010288285934734144
0.00011044781356699526
9.369365372265133e-5
9.259883058810071e-5
7.158772942845116e-5
6.395669103535805e-5
4.2421469157579884e-5
3.2755750697606305e-5
1.5249909361505233e-5
8.49764295514898e-6
6.149976014671187e-5
5.985083372921289e-5
6.0490500451201264e-5
5.2712966176265024e-5
4.902979505762823e-5
3.7080791931211205e-5
3.165528707042952e-5
2.004957621545872e-5
1.551500402341834e-5
6.875693214927506e-6
4.4021503837028096e-6
4.013379006801134e-5
4.5265987654562024e-5
3.731899609266233e-5
3.641137946999871e-5
2.5327426640791675e-5
2.1521721925067025e-5
1.1984259656531798e-5
9.175329399869563e-6
3.523666313053774e-6
2.3295597062749916e-6
3.141138750617816e-5
3.0064139761773808e-5
2.7961374069179775e-5
2.1462288097531693e-5
1.6772051616141762e-5
9.506091773441282e-6
6.307527027762052e-6
2.231559377123757e-6
1.3558578497112513e-6
1.979432761852105e-5
2.127999300564267e-5
1.650130713074211e-5
1.4152053162758847e-5
7.899497518526346e-6
5.275981665633514e-6
1.5950514980254786e-6
9.269298661976268e-7
1.2938616985684733e-5
1.183630821941978e-5
1.0407279412811379e-5
6.781951059600943e-6
4.480384310300059e-6
1.5536970668011307e-6
7.724724418391497e-7
6.347438200753441e-6
6.6263498587922754e-6
4.653056648788547e-6
3.5591774340647724e-6
1.3849686333020042e-6
7.346778703204326e-7
3.0608742459423304e-6
2.5693579979507004e-6
2.192748074633121e-6
1.0627404113560234e-6
6.375038949796166e-7
8.420226114287344e-7
9.278019156915658e-7
4.790074703613032e-7
3.9330174573343316e-7
1.9478054112270326e-7
9.123583951888045e-8
1.214747288221433e-7
8.809779282096223e-9
9.917268750543961e-9
1.786994687166043e-10
