1.0
0.9843636492436146
0.9687272972281096
0.9268121134086347
0.8861685011995127
0.8249808437508082
0.7670996919433843
0.6946313114618003
0.6277578453142763
0.5519703640400625
0.48384230242422194
0.4117524031526758
0.3487933734900134
0.28579162238336986
0.23258341300236843
0.18205450138635665
0.1410987630556147
0.1043017129132929
0.07601376666170878
0.05219679956213829
0.035144265820642444
0.02191034752921025
0.013318950678367017
0.007299251887991194
0.0038849085589003013
0.001793590887063003
0.0008147739764422029
0.00030822196065975906
0.00013750896566501803
6.193864164210843e-5
4.626854985305343e-5
2.975771261456176e-5
2.1153513022519173e-5
1.0906567050657359e-5
5.799028367034853e-6
1.852328350276423e-6
5.078450899040129e-7
3.068798043484412e-8
4.2676978778781424e-11
0.9843636492436146
0.9741890103089855
0.9541741294106489
0.9172485326685058
0.8731974816611441
0.8164898388998831
0.756033821840799
0.6875048105867458
0.6187451674109405
0.5463332600923361
0.4768764410813875
0.40758789589344374
0.3437380294293031
0.28296911681295966
0.22919435625169157
0.1803501951576078
0.139042746489489
0.10342731640272905
0.07491405706375608
0.05185372152579194
0.03464249160777566
0.021846253523864052
0.013133930499280327
0.007335878920572506
0.003833591367110395
0.001840490279838657
0.0008043041637584081
0.00033762653552610935
0.00013534220055305286
7.51037061805166e-5
4.4595981163022305e-5
3.37223082899869e-5
1.948700059034991e-5
1.1818085964921795e-5
4.8848215663510815e-6
2.023705282075574e-6
2.7422641988520086e-7
4.409574838201387e-8
0.9687272972281096
0.9541741294106489
0.9395247231348999
0.8991717424842178
0.8599727849771892
0.800686281342381
0.7445565720100922
0.6741711335195314
0.6091947589563523
0.5355195776659599
0.46929211446699415
0.39921632802173246
0.3380435477034527
0.2768547601354251
0.2252185308386158
0.17620853678177792
0.13652161893498
0.10088283932055045
0.0735147946572681
0.05048122332202593
0.03401066039961522
0.02122939173910327
0.012933665225924871
0.00711067800832124
0.003804472433216687
0.001769927750678081
0.0008129966428956751
0.00031219345669424974
0.00013987873964352765
6.110198138980016e-5
4.3044494163585347e-5
2.5532630348319527e-5
1.72879741750028e-5
7.986854869855627e-6
4.085296308153267e-6
1.0400629009562192e-6
3.1053557567486086e-7
0.9268121134086347
0.9172485326685058
0.8991717424842178
0.865134462081185
0.8238685695347435
0.7706629201590781
0.7135610744613541
0.6488785991997353
0.5837462742983348
0.5152484800441748
0.4494171188359045
0.38386819544523476
0.32341404566373694
0.2660116142510238
0.21521364523101538
0.16919417306128828
0.13029094494687746
0.09684162481330749
0.0700791882470886
0.048501274363836416
0.03240667292160075
0.020473529088252295
0.012342040306263284
0.006931392163241628
0.003646416653969769
0.0017698920155262926
0.0007826266961191783
0.000331526917872107
0.0001298007545066018
6.631611738844659e-5
3.3929444854475874e-5
2.3246582319788815e-5
1.1177024602224102e-5
6.2477086761339905e-6
1.9040360281763643e-6
7.916792398118704e-7
0.8861685011995127
0.8731974816611441
0.8599727849771892
0.8238685695347435
0.7886197851638818
0.7344751812147448
0.683106124151963
0.6183632331329937
0.5585550405392371
0.4906188130242022
0.4295712870829791
0.3649670372341495
0.3086480028753117
0.25236390892175775
0.20497593308206016
0.16006724476989306
0.12381182869677387
0.09131412234460434
0.06645129661173925
0.04556848555546611
0.030696669473574755
0.01917285839462187
0.011717372842270136
0.0064741254849999845
0.00349273776995405
0.001641363253711181
0.0007630598578010322
0.00029389264260373945
0.00012668218503728118
4.786838430936374e-5
2.8374082582829338e-5
1.282982679910763e-5
7.514258106746906e-6
2.22817063169488e-6
1.0755743038417974e-6
0.8249808437508082
0.8164898388998831
0.800686281342381
0.7706629201590781
0.7344751812147448
0.6875873469685204
0.6365690181326802
0.5788299290544563
0.520284693179519
0.4588723736872043
0.3996310362179414
0.34084957539825605
0.2865465859293301
0.23520793290314726
0.1897703906101758
0.14881961331927307
0.11423703871427032
0.0846792233744232
0.06107399301291589
0.042169670217690046
0.028099889043840674
0.017744472305619263
0.010693468778967765
0.006026765406242031
0.003181611965490266
0.0015557883494280874
0.000688648630316913
0.00028893231352691894
0.00010559844197987143
4.624744382910635e-5
1.723795754594813e-5
9.539131616551572e-6
2.5907991392017685e-6
1.278178694285444e-6
0.7670996919433843
0.756033821840799
0.7445565720100922
0.7135610744613541
0.683106124151963
0.6365690181326802
0.5922486477311308
0.5358454578566114
0.4836886045255008
0.42424716010688773
0.370873933748891
0.31436029343708954
0.26520443624771434
0.21613699076100126
0.17498093475151097
0.13607573037813386
0.10483697787620112
0.07693625336171502
0.05573724134117814
0.038011079499697564
0.025494362828599106
0.015843582033450657
0.009656163602421169
0.005316072240702276
0.0028671970655633947
0.001343662215646123
0.0006225293081105836
0.000232871249396668
9.345598903999252e-5
2.7898423564136e-5
1.2691758372788956e-5
3.110312662310261e-6
1.421205524149065e-6
0.6946313114618003
0.6875048105867458
0.6741711335195314
0.6488785991997353
0.6183632331329937
0.5788299290544563
0.5358454578566114
0.487208293636318
0.4373406917008837
0.38521559943970796
0.3346431250651657
0.28471629136115034
0.2384686341954487
0.19502319054598016
0.15655731140801565
0.12216501512653827
0.09317040807430088
0.06863112325117568
0.04910174668519007
0.03364808180886097
0.022203525867634338
0.013905108749035054
0.008285893181208497
0.004628660810253708
0.0024088834226895727
0.0011657578689144568
0.0005029858830016512
0.00020392196663682362
6.599669735244276e-5
2.4047231837083157e-5
5.25057061578805e-6
2.1528226699021006e-6
0.6277578453142763
0.6187451674109405
0.6091947589563523
0.5837462742983348
0.5585550405392371
0.520284693179519
0.4836886045255008
0.4373406917008837
0.3943984869056082
0.34517217288246316
0.30101245258454246
0.25419526747545496
0.2135996664676759
0.17313123578042747
0.13937161129408218
0.10757152401818852
0.08224639883007251
0.05975604441420276
0.04286251296561243
0.02884807859429349
0.019100766636692558
0.011665398085019959
0.006994865364684671
0.003759809819440256
0.0019848439630050395
0.0008967003921028172
0.0004018874170711361
0.00013839297201263798
5.0258181737034566e-5
1.0096485827431364e-5
3.3006679121141204e-6
0.5519703640400625
0.5463332600923361
0.5355195776659599
0.5152484800441748
0.4906188130242022
0.4588723736872043
0.42424716010688773
0.38521559943970796
0.34517217288246316
0.30347276907624676
0.26265930771251444
0.22263022802151577
0.18539660153575432
0.150721727156879
0.11999778046065508
0.09283912302516324
0.06999958029213162
0.05095697503352067
0.03588850826173328
0.02419790444076974
0.015619057747174177
0.009563780395872384
0.005520419326011263
0.0029870490736240134
0.0014798252805429874
0.000683509829087584
0.00026920438481318424
0.00010026038478612188
2.4852152504178416e-5
7.273080284682103e-6
0.48384230242422194
0.4768764410813875
0.46929211446699415
0.4494171188359045
0.4295712870829791
0.3996310362179414
0.370873933748891
0.3346431250651657
0.30101245258454246
0.26265930771251444
0.22826764721331463
0.19170910324856166
0.16013362641909357
0.12870112442747964
0.102675142666998
0.07827799025766798
0.059082536576278405
0.042178986265146066
0.029707830492316973
0.019492662183657004
0.01257123625144069
0.007391430287304887
0.0042642847024032746
0.002156457508907553
0.0010732665473459253
0.0004350960719958772
0.00017685627098965647
4.6050924439748554e-5
1.3361590389710191e-5
0.4117524031526758
0.40758789589344374
0.39921632802173246
0.38386819544523476
0.3649670372341495
0.34084957539825605
0.31436029343708954
0.28471629136115034
0.25419526747545496
0.22263022802151577
0.19170910324856166
0.161618305667596
0.13345387132464093
0.10752820978566353
0.08452617002888912
0.06451712268176944
0.04774942617141511
0.034077821916716364
0.023354559018443917
0.01529238281038904
0.009467623966415708
0.005546328141182332
0.002994750242256248
0.0015089939062857263
0.0006615752817021357
0.00027123179210084355
8.002065846236632e-5
2.311309320334528e-5
0.3487933734900134
0.3437380294293031
0.3380435477034527
0.32341404566373694
0.3086480028753117
0.2865465859293301
0.26520443624771434
0.2384686341954487
0.2135996664676759
0.18539660153575432
0.16013362641909357
0.13345387132464093
0.11051971169711092
0.08772345797688191
0.06904659672674103
0.051648990126941886
0.0382018752669375
0.026500152815584044
0.018107472354526366
0.011363855086238918
0.006993809229673561
0.0038241596087596834
0.0020484083366594913
0.0009056012345255997
0.00039491623647591604
0.00011626080348364609
3.617016012578018e-5
0.28579162238336986
0.28296911681295966
0.2768547601354251
0.2660116142510238
0.25236390892175775
0.23520793290314726
0.21613699076100126
0.19502319054598016
0.17313123578042747
0.150721727156879
0.12870112442747964
0.10752820978566353
0.08772345797688191
0.06977592306891493
0.05382367375578984
0.04026095053025913
0.028947795536361762
0.020023995406427138
0.013115024940068741
0.008176332578699158
0.00469571790116153
0.0025398963171035173
0.001197005115828239
0.0005222037083597561
0.0001649858575912631
4.944355059134342e-5
0.23258341300236843
0.22919435625169157
0.2252185308386158
0.21521364523101538
0.20497593308206016
0.1897703906101758
0.17498093475151097
0.15655731140801565
0.13937161129408218
0.11999778046065508
0.102675142666998
0.08452617002888912
0.06904659672674103
0.05382367375578984
0.04154341079186808
0.030201099847727047
0.0216684275626815
0.014359278639409398
0.00934726553084387
0.005430008672616608
0.003082337747228759
0.0014618098471326712
0.0006800657385507582
0.0002138332352358588
6.846637135027733e-5
0.18205450138635665
0.1803501951576078
0.17620853678177792
0.16919417306128828
0.16006724476989306
0.14881961331927307
0.13607573037813386
0.12216501512653827
0.10757152401818852
0.09283912302516324
0.07827799025766798
0.06451712268176944
0.051648990126941886
0.04026095053025913
0.030201099847727047
0.021931090831936288
0.015079314364543107
0.009943318335094242
0.00603660476315861
0.003466682499024386
0.0017228585558332087
0.0008032575454439895
0.000271207684686454
8.540994680792459e-5
0.1410987630556147
0.139042746489489
0.13652161893498
0.13029094494687746
0.12381182869677387
0.11423703871427032
0.10483697787620112
0.09317040807430088
0.08224639883007251
0.06999958029213162
0.059082536576278405
0.04774942617141511
0.0382018752669375
0.028947795536361762
0.0216684275626815
0.015079314364543107
0.010335405559712525
0.006357507276098333
0.0038301520711523256
0.001926991702761926
0.0009432478358197879
0.0003161276546747593
0.00010831824429980898
0.1043017129132929
0.10342731640272905
0.10088283932055045
0.09684162481330749
0.09131412234460434
0.0846792233744232
0.07693625336171502
0.06863112325117568
0.05975604441420276
0.05095697503352067
0.042178986265146066
0.034077821916716364
0.026500152815584044
0.020023995406427138
0.014359278639409398
0.009943318335094242
0.006357507276098333
0.003887570012085934
0.0020563552169757344
0.0010232629542254994
0.000359269613113193
0.00012027625344275138
0.07601376666170878
0.07491405706375608
0.0735147946572681
0.0700791882470886
0.06645129661173925
0.06107399301291589
0.05573724134117814
0.04910174668519007
0.04286251296561243
0.03588850826173328
0.029707830492316973
0.023354559018443917
0.018107472354526366
0.013115024940068741
0.00934726553084387
0.00603660476315861
0.0038301520711523256
0.0020563552169757344
0.0010857306446039972
0.00039154468354371053
0.0001403312960376622
0.05219679956213829
0.05185372152579194
0.05048122332202593
0.048501274363836416
0.04556848555546611
0.042169670217690046
0.038011079499697564
0.03364808180886097
0.02884807859429349
0.02419790444076974
0.019492662183657004
0.01529238281038904
0.011363855086238918
0.008176332578699158
0.005430008672616608
0.003466682499024386
0.001926991702761926
0.0010232629542254994
0.00039154468354371053
0.0001458147675714975
0.035144265820642444
0.03464249160777566
0.03401066039961522
0.03240667292160075
0.030696669473574755
0.028099889043840674
0.025494362828599106
0.022203525867634338
0.019100766636692558
0.015619057747174177
0.01257123625144069
0.009467623966415708
0.006993809229673561
0.00469571790116153
0.003082337747228759
0.0017228585558332087
0.0009432478358197879
0.000359269613113193
0.0001403312960376622
0.02191034752921025
0.021846253523864052
0.02122939173910327
0.020473529088252295
0.01917285839462187
0.017744472305619263
0.015843582033450657
0.013905108749035054
0.011665398085019959
0.009563780395872384
0.007391430287304887
0.005546328141182332
0.0038241596087596834
0.0025398963171035173
0.0014618098471326712
0.0008032575454439895
0.0003161276546747593
0.00012027625344275138
0.013318950678367017
0.013133930499280327
0.012933665225924871
0.012342040306263284
0.011717372842270136
0.010693468778967765
0.009656163602421169
0.008285893181208497
0.006994865364684671
0.005520419326011263
0.0042642847024032746
0.002994750242256248
0.0020484083366594913
0.001197005115828239
0.0006800657385507582
0.000271207684686454
0.00010831824429980898
0.007299251887991194
0.007335878920572506
0.00711067800832124
0.006931392163241628
0.0064741254849999845
0.006026765406242031
0.005316072240702276
0.004628660810253708
0.003759809819440256
0.0029870490736240134
0.002156457508907553
0.0015089939062857263
0.0009056012345255997
0.0005222037083597561
0.0002138332352358588
8.540994680792459e-5
0.0038849085589003013
0.003833591367110395
0.003804472433216687
0.003646416653969769
0.00349273776995405
0.003181611965490266
0.0028671970655633947
0.0024088834226895727
0.0019848439630050395
0.0014798252805429874
0.0010732665473459253
0.0006615752817021357
0.00039491623647591604
0.0001649858575912631
6.846637135027733e-5
0.001793590887063003
0.001840490279838657
0.001769927750678081
0.0017698920155262926
0.001641363253711181
0.0015557883494280874
0.001343662215646123
0.0011657578689144568
0.0008967003921028172
0.000683509829087584
0.0004350960719958772
0.00027123179210084355
0.00011626080348364609
4.944355059134342e-5
0.0008147739764422029
0.0008043041637584081
0.0008129966428956751
0.0007826266961191783
0.0007630598578010322
0.000688648630316913
0.0006225293081105836
0.0005029858830016512
0.0004018874170711361
0.00026920438481318424
0.00017685627098965647
8.002065846236632e-5
3.617016012578018e-5
0.00030822196065975906
0.00033762653552610935
0.00031219345669424974
0.000331526917872107
0.00029389264260373945
0.00028893231352691894
0.000232871249396668
0.00020392196663682362
0.00013839297201263798
0.00010026038478612188
4.6050924439748554e-5
2.311309320334528e-5
0.00013750896566501803
0.00013534220055305286
0.00013987873964352765
0.0001298007545066018
0.00012668218503728118
0.00010559844197987143
9.345598903999252e-5
6.599669735244276e-5
5.0258181737034566e-5
2.4852152504178416e-5
1.3361590389710191e-5
6.193864164210843e-5
7.51037061805166e-5
6.110198138980016e-5
6.631611738844659e-5
4.786838430936374e-5
4.624744382910635e-5
2.7898423564136e-5
2.4047231837083157e-5
1.0096485827431364e-5
7.273080284682103e-6
4.626854985305343e-5
4.4595981163022305e-5
4.3044494163585347e-5
3.3929444854475874e-5
2.8374082582829338e-5
1.723795754594813e-5
1.2691758372788956e-5
5.25057061578805e-6
3.3006679121141204e-6
2.975771261456176e-5
3.37223082899869e-5
2.5532630348319527e-5
2.3246582319788815e-5
1.282982679910763e-5
9.539131616551572e-6
3.110312662310261e-6
2.1528226699021006e-6
2.1153513022519173e-5
1.948700059034991e-5
1.72879741750028e-5
1.1177024602224102e-5
7.514258106746906e-6
2.5907991392017685e-6
1.421205524149065e-6
1.0906567050657359e-5
1.1818085964921795e-5
7.986854869855627e-6
6.2477086761339905e-6
2.22817063169488e-6
1.278178694285444e-6
5.799028367034853e-6
4.8848215663510815e-6
4.085296308153267e-6
1.9040360281763643e-6
1.0755743038417974e-6
1.852328350276423e-6
2.023705282075574e-6
1.0400629009562192e-6
7.916792398118704e-7
5.078450899040129e-7
2.7422641988520086e-7
3.1053557567486086e-7
3.068798043484412e-8
4.409574838201387e-8
4.2676978778781424e-11
