1.0
0.9749590100175416
0.949918019222124
0.8852829755498515
0.8236656195728349
0.7345767666696313
0.6529212467732158
0.555776696443505
0.4703105533789732
0.379628766854283
0.3034549709956512
0.22954689373863055
0.1709023811822065
0.11877354139131428
0.08045042087885729
0.04975164357685715
0.029519047041285152
0.015479792441899133
0.007592201183176885
0.003128191406571096
0.0011631355997204316
0.00034507419064249074
0.00010699769761148809
4.731465343599544e-5
3.482427278633767e-5
1.897435574142274e-5
9.913216138542832e-6
2.739381131600308e-6
4.781891103719111e-7
-1.5535736941183746e-8
0.9749590100175416
0.9577784124999064
0.9273177485203208
0.8696615208651938
0.8047217320962197
0.7215654024789113
0.6382235742544972
0.5458769256792425
0.4598769350456348
0.3728476178828812
0.2968376566868055
0.2254999531738382
0.16731091168786483
0.11677440596071854
0.0788981421822862
0.04899308847725949
0.029070557193811113
0.015296847355045
0.0075584723487139216
0.003121092493094153
0.0011971096628320063
0.0003588606569869178
0.00012096783149194935
5.531802211555094e-5
3.3804218886793704e-5
2.0611845694551165e-5
8.08819280491532e-6
2.962351620117652e-6
1.6529130132186646e-7
0.949918019222124
0.9273177485203208
0.904358709186435
0.8432962578456775
0.7848315837724381
0.6999719547508938
0.6220253821580981
0.5292701375274002
0.44758508563942145
0.3610134999909922
0.2882977689348919
0.2178859320208083
0.16205665775406253
0.11254295135423208
0.07617345715478709
0.04711007728099841
0.027983157103742953
0.014722581473985108
0.0072613376938764785
0.003022156956866696
0.0011428939879763681
0.0003480927393203668
0.00010963751312521518
4.345328280282482e-5
2.7869184912798242e-5
1.2718719898332326e-5
6.116238169348317e-6
1.0076538956505927e-6
0.8852829755498515
0.8696615208651938
0.8432962578456775
0.7920093665974739
0.7330768884852439
0.6574847466421729
0.5811581413021001
0.49670162975451676
0.4178267064174869
0.3382140170206019
0.26868469667692996
0.2036576567377211
0.15073085122852706
0.10493962215923835
0.07074591820904348
0.043859087971695035
0.026028264967869898
0.013739916538497484
0.006835877898401454
0.002857344691398876
0.0011127442381240334
0.0003376190746003481
0.00010662156211920913
3.810343687557354e-5
1.7125432566625365e-5
8.733546611761997e-6
1.6297742799811678e-6
0.8236656195728349
0.8047217320962197
0.7848315837724381
0.7330768884852439
0.6828989338523651
0.6090418700594356
0.5408362951460226
0.4595369367232375
0.38779040042186497
0.31195103827752774
0.2482723020394549
0.1869339127110291
0.13841644349151142
0.09570056632117988
0.06445293933704258
0.03970603047129409
0.0235021149743555
0.012370318717270342
0.006118742279394048
0.0025707180744232723
0.0009793056909034779
0.00029701345013251974
8.3286173511123e-5
2.2140054608151576e-5
9.746787426078143e-6
1.5068734387928717e-6
0.7345767666696313
0.7215654024789113
0.6999719547508938
0.6574847466421729
0.6090418700594356
0.5464939604993467
0.4823754844155812
0.41156308749729004
0.34508149258765924
0.27827858121697896
0.21994948705906525
0.16573685569781846
0.12182268502552833
0.08413579993751613
0.05624411745384215
0.034528964075478896
0.020311293542470393
0.010623072709840396
0.005249822517795168
0.0021774457962194715
0.0008420530983592358
0.0002434068567608655
6.642093868014298e-5
1.3858867402644694e-5
2.2653807615612562e-6
0.6529212467732158
0.6382235742544972
0.6220253821580981
0.5811581413021001
0.5408362951460226
0.4823754844155812
0.4278374422774246
0.3625515933555945
0.3047185534939627
0.2438309283688162
0.1927093935715496
0.1439023036014782
0.10544840595004841
0.07205637868092982
0.04782488606575832
0.028997225408131686
0.01682272070403587
0.008679496144198658
0.0041741881821532375
0.0017078719617270614
0.0006195273694472011
0.00017609371701763046
3.708140954073268e-5
4.775941944274262e-6
0.555776696443505
0.5458769256792425
0.5292701375274002
0.49670162975451676
0.4595369367232375
0.41156308749729004
0.3625515933555945
0.30844397830999326
0.25719442262263503
0.20598649471245636
0.16129403555863964
0.12012754438325522
0.08705044988770042
0.05903929504248145
0.03865768546489656
0.023081591694009224
0.013164259561386059
0.006590291010698545
0.0031076091357978416
0.001192203991509337
0.00042662910545909305
9.889414465236037e-5
2.1965822912657285e-5
0.4703105533789732
0.4598769350456348
0.44758508563942145
0.4178267064174869
0.38779040042186497
0.34508149258765924
0.3047185534939627
0.25719442262263503
0.21477169218899225
0.1703274160006834
0.1329728362674694
0.0978020297809889
0.0702424405505839
0.04685722340813228
0.03012043332649152
0.017579084565887765
0.009666606949166455
0.004684117872190261
0.002039341419694222
0.0007465731085374174
0.00021232050752595342
4.662858697150059e-5
0.379628766854283
0.3728476178828812
0.3610134999909922
0.3382140170206019
0.31195103827752774
0.27827858121697896
0.2438309283688162
0.20598649471245636
0.1703274160006834
0.13490391214256026
0.10400059214708078
0.07588019530457468
0.05360030842673242
0.035105694879117216
0.022053268713436866
0.012389073733451364
0.006588075812303774
0.0029402113259053633
0.0012176765264155548
0.0003513707005011128
9.563671564009026e-5
0.3034549709956512
0.2968376566868055
0.2882977689348919
0.26868469667692996
0.2482723020394549
0.21994948705906525
0.1927093935715496
0.16129403555863964
0.1329728362674694
0.10400059214708078
0.07958286040966744
0.057070553293075546
0.03956451931317854
0.02527412865613909
0.015266834821569765
0.008249177291551847
0.004019763362092422
0.0016874662331895132
0.0005457797903890998
0.00014167055947907902
0.22954689373863055
0.2254999531738382
0.2178859320208083
0.2036576567377211
0.1869339127110291
0.16573685569781846
0.1439023036014782
0.12012754438325522
0.0978020297809889
0.07588019530457468
0.057070553293075546
0.04024854515749869
0.027234285973076793
0.01674110003135433
0.009749471540292907
0.004822088716645018
0.0022124244628924173
0.000721888190530722
0.00021402806138321915
0.1709023811822065
0.16731091168786483
0.16205665775406253
0.15073085122852706
0.13841644349151142
0.12182268502552833
0.10544840595004841
0.08705044988770042
0.0702424405505839
0.05360030842673242
0.03956451931317854
0.027234285973076793
0.017770743496702157
0.010530753804448116
0.0056280204625870885
0.002612564341176688
0.0009313798152474018
0.0002729015983300605
0.11877354139131428
0.11677440596071854
0.11254295135423208
0.10493962215923835
0.09570056632117988
0.08413579993751613
0.07205637868092982
0.05903929504248145
0.04685722340813228
0.035105694879117216
0.02527412865613909
0.01674110003135433
0.010530753804448116
0.005745119857585716
0.0029024850973573377
0.0010420445545387673
0.0003364517477177392
0.08045042087885729
0.0788981421822862
0.07617345715478709
0.07074591820904348
0.06445293933704258
0.05624411745384215
0.04782488606575832
0.03865768546489656
0.03012043332649152
0.022053268713436866
0.015266834821569765
0.009749471540292907
0.0056280204625870885
0.0029024850973573377
0.001161337612039298
0.00038104127452468926
0.04975164357685715
0.04899308847725949
0.04711007728099841
0.043859087971695035
0.03970603047129409
0.034528964075478896
0.028997225408131686
0.023081591694009224
0.017579084565887765
0.012389073733451364
0.008249177291551847
0.004822088716645018
0.002612564341176688
0.0010420445545387673
0.00038104127452468926
0.029519047041285152
0.029070557193811113
0.027983157103742953
0.026028264967869898
0.0235021149743555
0.020311293542470393
0.01682272070403587
0.013164259561386059
0.009666606949166455
0.006588075812303774
0.004019763362092422
0.0022124244628924173
0.0009313798152474018
0.0003364517477177392
0.015479792441899133
0.015296847355045
0.014722581473985108
0.013739916538497484
0.012370318717270342
0.010623072709840396
0.008679496144198658
0.006590291010698545
0.004684117872190261
0.0029402113259053633
0.0016874662331895132
0.000721888190530722
0.0002729015983300605
0.007592201183176885
0.0075584723487139216
0.0072613376938764785
0.006835877898401454
0.006118742279394048
0.005249822517795168
0.0041741881821532375
0.0031076091357978416
0.002039341419694222
0.0012176765264155548
0.0005457797903890998
0.00021402806138321915
0.003128191406571096
0.003121092493094153
0.003022156956866696
0.002857344691398876
0.0025707180744232723
0.0021774457962194715
0.0017078719617270614
0.001192203991509337
0.0007465731085374174
0.0003513707005011128
0.00014167055947907902
0.0011631355997204316
0.0011971096628320063
0.0011428939879763681
0.0011127442381240334
0.0009793056909034779
0.0008420530983592358
0.0006195273694472011
0.00042662910545909305
0.00021232050752595342
9.563671564009026e-5
0.00034507419064249074
0.0003588606569869178
0.0003480927393203668
0.0003376190746003481
0.00029701345013251974
0.0002434068567608655
0.00017609371701763046
9.889414465236037e-5
4.662858697150059e-5
0.00010699769761148809
0.00012096783149194935
0.00010963751312521518
0.00010662156211920913
8.3286173511123e-5
6.642093868014298e-5
3.708140954073268e-5
2.1965822912657285e-5
4.731465343599544e-5
5.531802211555094e-5
4.345328280282482e-5
3.810343687557354e-5
2.2140054608151576e-5
1.3858867402644694e-5
4.775941944274262e-6
3.482427278633767e-5
3.3804218886793704e-5
2.7869184912798242e-5
1.7125432566625365e-5
9.746787426078143e-6
2.2653807615612562e-6
1.897435574142274e-5
2.0611845694551165e-5
1.2718719898332326e-5
8.733546611761997e-6
1.5068734387928717e-6
9.913216138542832e-6
8.08819280491532e-6
6.116238169348317e-6
1.6297742799811678e-6
2.739381131600308e-6
2.962351620117652e-6
1.0076538956505927e-6
4.781891103719111e-7
1.6529130132186646e-7
-1.5535736941183746e-8
