1.0
0.8739584851704635
0.7479169694558698
0.5083860942174366
0.32984530068773565
0.15626460470521358
0.0641292919239652
0.011840308597863539
0.0015582159712322584
4.581340946590766e-5
9.215711992038689e-5
0.8739584851704635
0.8025322192382182
0.6605270885308719
0.4675547156329214
0.2894382602357043
0.1448845986906311
0.055037536374972724
0.012418151914204749
0.0010263212328048153
0.0004584437020021484
0.7479169694558698
0.6605270885308719
0.569341103530424
0.3833594096258469
0.246584084290788
0.11315103563537175
0.04591269300968246
0.00803248031211643
0.0012698885169400234
0.5083860942174366
0.4675547156329214
0.3833594096258469
0.26919453537816823
0.15830365225584836
0.0747612083761445
0.024240005400710703
0.004798844419822587
0.32984530068773565
0.2894382602357043
0.246584084290788
0.15830365225584836
0.09614038940259469
0.03557252470766071
0.01184095897746135
0.15626460470521358
0.1448845986906311
0.11315103563537175
0.0747612083761445
0.03557252470766071
0.013064723909449792
0.0641292919239652
0.055037536374972724
0.04591269300968246
0.024240005400710703
0.01184095897746135
0.011840308597863539
0.012418151914204749
0.00803248031211643
0.004798844419822587
0.0015582159712322584
0.0010263212328048153
0.0012698885169400234
4.581340946590766e-5
0.0004584437020021484
9.215711992038689e-5
