1.0
0.9819182786279823
0.9638365559868646
0.9158885405826016
0.8695549551897634
0.8006439663206268
0.7358685527228053
0.6560219653451976
0.5830359883415568
0.5019508742512261
0.4300272373916611
0.3558268772926137
0.29221304999509484
0.2306085105425201
0.1799200532148299
0.13383335784055247
0.0978585250604847
0.06741238955955015
0.045279375688580335
0.028162131402117714
0.016899110388760713
0.009153000242164252
0.0047125805473024526
0.0021120026446859812
0.0008865536741626734
0.0003142058716850428
0.00011667675777607334
5.0355333976617535e-5
3.303579595540574e-5
2.0491352360821243e-5
1.2185080770712e-5
5.184279868058846e-6
1.776823825856596e-6
2.4653205576427615e-7
-1.1061295315583297e-9
-2.3549463183605803e-9
0.9819182786279823
0.9695862786487347
0.9471652676059451
0.9043850140807658
0.8549817395075292
0.7905773610197421
0.7238042678049388
0.6477536007132418
0.5736196080032357
0.49560847952362985
0.4231640491650541
0.351339731298433
0.2876233492625112
0.22774761925568643
0.17718120158428843
0.1322419228545478
0.09645870215139436
0.06667580202953782
0.0447122022869099
0.027901394257551452
0.016754617529553203
0.009098589940321752
0.0047144424656317425
0.002116233324780873
0.0009078809281705112
0.0003217424603010936
0.00012622038866895842
5.429765514875006e-5
3.416902193636812e-5
2.2140213708304676e-5
1.137393997387798e-5
5.268561541981204e-6
1.3483032305714543e-6
2.0865682321085364e-7
-4.554788558624467e-8
0.9638365559868646
0.9471652676059451
0.9303049742793709
0.884388474732748
0.8398767691389267
0.7734179396485182
0.7108440331948525
0.6336427690202605
0.5630091928504208
0.4845519460458886
0.4149335932686712
0.34317009257268644
0.2816575902303577
0.22216010978360876
0.17322848182159456
0.1287974900035913
0.09413457020844475
0.06483888911118951
0.043555838319975546
0.027119314489273523
0.016306284472873352
0.008860893303086688
0.0045854988098069744
0.002072318939085612
0.0008806648503307328
0.00031752690916436147
0.000119323725013245
4.9188775081585594e-5
2.9631148926785866e-5
1.6323727717859157e-5
8.925343810004724e-6
3.105764312141343e-6
9.094541642989332e-7
2.990875540278904e-8
0.9158885405826016
0.9043850140807658
0.884388474732748
0.845305929092224
0.7994206281155456
0.7394781744099379
0.6769193681570159
0.6057056336132352
0.5360618414540682
0.4628732529907449
0.3948169791569641
0.3274730270682387
0.2677379555281459
0.21173532091032385
0.16449187708944094
0.12260951346010794
0.08931889299535216
0.06168112311733912
0.04134846689365319
0.025824485134562054
0.015544994006984777
0.008484531165947965
0.004427355639262077
0.0020094764552604683
0.0008734769378685275
0.0003137252894386664
0.00011955527134023715
4.515136018863915e-5
2.3199028155439947e-5
1.2672084816939476e-5
4.884048252607357e-6
1.8204567335894162e-6
1.8231502841388594e-7
0.8695549551897634
0.8549817395075292
0.8398767691389267
0.7994206281155456
0.7598385000911557
0.6999360627602663
0.6432910313015343
0.5731853264838654
0.5089012979773054
0.4375091746156953
0.3741128242861923
0.3088923316318237
0.2530171677033647
0.19914769956910594
0.15491270534408125
0.11491302744445268
0.08377503204561927
0.057591093118511884
0.03861838212941464
0.02404181764205618
0.014473325791885651
0.00790153531136083
0.004117678060135667
0.001881195897615252
0.0008080999475003563
0.00029261963281852245
0.0001044835648793318
3.5080606780191565e-5
1.596412236926377e-5
5.569484079932009e-6
2.153968949629636e-6
9.808189677568577e-8
0.8006439663206268
0.7905773610197421
0.7734179396485182
0.7394781744099379
0.6999360627602663
0.647943940395889
0.5929445961572252
0.5303634768068182
0.4687864406586356
0.40422875771693173
0.3440521533624004
0.2847092185966542
0.23207877714824743
0.1829517055293875
0.1416038209790526
0.10513817077616096
0.07627210916329268
0.05245088077473556
0.03502188593482852
0.02180282075079821
0.013101672673005318
0.007152396472002103
0.0037416447412737435
0.001706319537147829
0.0007428639130283654
0.00026233309850953626
9.259973868937719e-5
2.6689084488544594e-5
8.708971269156145e-6
2.6695325445477744e-6
-2.0827698556042282e-8
0.7358685527228053
0.7238042678049388
0.7108440331948525
0.6769193681570159
0.6432910313015343
0.5929445961572252
0.5449561633535909
0.4851828402334838
0.430171061911728
0.36908019347667437
0.31475976658400523
0.25904864971566005
0.21134741333829168
0.16560536686218288
0.1281345793050099
0.09450974046852141
0.06844104040697174
0.04673185179607791
0.031091418911194647
0.019220845515585453
0.011480549029220891
0.006229953745693866
0.0032220744631164815
0.0014650788048642092
0.000621314042878856
0.00021850251889377298
6.97097361300464e-5
1.7235575738868727e-5
4.343276983782713e-6
1.4547682048302969e-8
0.6560219653451976
0.6477536007132418
0.6336427690202605
0.6057056336132352
0.5731853264838654
0.5303634768068182
0.4851828402334838
0.4337223660705286
0.38259004926350826
0.3291399171118101
0.27913221736897637
0.2300484783437353
0.18652452308323783
0.1461537978623552
0.11229978911553908
0.08269041966097905
0.05941745076443744
0.04041396962581909
0.026656540273510717
0.016362157226132525
0.00968824719014529
0.005193015264485183
0.002666609353765953
0.0011845635211184002
0.0005017914466589421
0.000165885998042653
5.23861839782286e-5
9.62415476932142e-6
1.4923476067616431e-6
0.5830359883415568
0.5736196080032357
0.5630091928504208
0.5360618414540682
0.5089012979773054
0.4687864406586356
0.430171061911728
0.38259004926350826
0.3385195779580265
0.28953678021692525
0.2458738805142603
0.20128410762112492
0.16311515362019474
0.12680625744462584
0.0971578449001471
0.07086825816609899
0.05062058552058276
0.03403928538331604
0.02221355783956716
0.013443239105728146
0.007813214924034147
0.004115061501992766
0.002041726193090018
0.0008884304601589326
0.00034942535109123816
0.00011297070063198202
2.849773277388176e-5
4.852300798339234e-6
0.5019508742512261
0.49560847952362985
0.4845519460458886
0.4628732529907449
0.4375091746156953
0.40422875771693173
0.36908019347667437
0.3291399171118101
0.28953678021692525
0.24823780825197783
0.20937551164240756
0.17144720647048078
0.1378235728540355
0.10689712626944531
0.08111005001887313
0.05882647739757635
0.04151546139949473
0.027616289775469746
0.017746341081347178
0.010531714206315664
0.006001191662731865
0.0030477456696415607
0.0014762913376979356
0.0005956039456741309
0.0002292062662963896
5.897522634678553e-5
1.5010137224011044e-5
0.4300272373916611
0.4231640491650541
0.4149335932686712
0.3948169791569641
0.3741128242861923
0.3440521533624004
0.31475976658400523
0.27913221736897637
0.2458738805142603
0.20937551164240756
0.1766859894389024
0.14348214172496793
0.11504869290684853
0.08830780950393642
0.06656475145992087
0.047633505502600204
0.03319725197255271
0.021691603423738864
0.013626634601807809
0.007889794175637658
0.004312792090166255
0.00211325596117454
0.0009372048677235151
0.00036010187900946964
0.00010868422503568779
2.629822679771071e-5
0.3558268772926137
0.351339731298433
0.34317009257268644
0.3274730270682387
0.3088923316318237
0.2847092185966542
0.25904864971566005
0.2300484783437353
0.20128410762112492
0.17144720647048078
0.14348214172496793
0.11636342983774194
0.09233606496335993
0.07047680192094327
0.05241304557681368
0.037062608469271716
0.025367575900777338
0.016210415389720293
0.009928265070291207
0.005510336881319194
0.002907551867948394
0.001303284470758201
0.0005495616733407461
0.0001642914006425631
4.770268057124322e-5
0.29221304999509484
0.2876233492625112
0.2816575902303577
0.2677379555281459
0.2530171677033647
0.23207877714824743
0.21134741333829168
0.18652452308323783
0.16311515362019474
0.1378235728540355
0.11504869290684853
0.09233606496335993
0.07287013380301553
0.05486214134066953
0.04030462241981567
0.027969731554482388
0.018700279988593627
0.011631456002660315
0.006811494661892075
0.0036307836028869776
0.001746077106247619
0.0007349598124470184
0.00023888938579745122
6.455049138216916e-5
0.2306085105425201
0.22774761925568643
0.22216010978360876
0.21173532091032385
0.19914769956910594
0.1829517055293875
0.16560536686218288
0.1461537978623552
0.12680625744462584
0.10689712626944531
0.08830780950393642
0.07047680192094327
0.05486214134066953
0.04086701607301104
0.029474708005710972
0.02001194574473076
0.013031607687681778
0.007759994533510469
0.0043649692343609
0.0021186752005707427
0.0009602357956686807
0.00031194021488159496
9.353262725146833e-5
0.1799200532148299
0.17718120158428843
0.17322848182159456
0.16449187708944094
0.15491270534408125
0.1416038209790526
0.1281345793050099
0.11229978911553908
0.0971578449001471
0.08111005001887313
0.06656475145992087
0.05241304557681368
0.04030462241981567
0.029474708005710972
0.020805715812443754
0.013763322232969182
0.008583290958802708
0.004910543497066353
0.002509871301320978
0.0011411900357432311
0.0003988388517762741
0.00011672339271640749
0.13383335784055247
0.1322419228545478
0.1287974900035913
0.12260951346010794
0.11491302744445268
0.10513817077616096
0.09450974046852141
0.08269041966097905
0.07086825816609899
0.05882647739757635
0.047633505502600204
0.037062608469271716
0.027969731554482388
0.02001194574473076
0.013763322232969182
0.008743519695171835
0.005250117983841309
0.002742475084187999
0.0013155371779581617
0.0004583744010431954
0.00014597119728634614
0.0978585250604847
0.09645870215139436
0.09413457020844475
0.08931889299535216
0.08377503204561927
0.07627210916329268
0.06844104040697174
0.05941745076443744
0.05062058552058276
0.04151546139949473
0.03319725197255271
0.025367575900777338
0.018700279988593627
0.013031607687681778
0.008583290958802708
0.005250117983841309
0.002885020518017852
0.0014225716729484937
0.0005258128762575617
0.0001657975339722039
0.06741238955955015
0.06667580202953782
0.06483888911118951
0.06168112311733912
0.057591093118511884
0.05245088077473556
0.04673185179607791
0.04041396962581909
0.03403928538331604
0.027616289775469746
0.021691603423738864
0.016210415389720293
0.011631456002660315
0.007759994533510469
0.004910543497066353
0.002742475084187999
0.0014225716729484937
0.0005484523491960755
0.0001856553654699731
0.045279375688580335
0.0447122022869099
0.043555838319975546
0.04134846689365319
0.03861838212941464
0.03502188593482852
0.031091418911194647
0.026656540273510717
0.02221355783956716
0.017746341081347178
0.013626634601807809
0.009928265070291207
0.006811494661892075
0.0043649692343609
0.002509871301320978
0.0013155371779581617
0.0005258128762575617
0.0001856553654699731
0.028162131402117714
0.027901394257551452
0.027119314489273523
0.025824485134562054
0.02404181764205618
0.02180282075079821
0.019220845515585453
0.016362157226132525
0.013443239105728146
0.010531714206315664
0.007889794175637658
0.005510336881319194
0.0036307836028869776
0.0021186752005707427
0.0011411900357432311
0.0004583744010431954
0.0001657975339722039
0.016899110388760713
0.016754617529553203
0.016306284472873352
0.015544994006984777
0.014473325791885651
0.013101672673005318
0.011480549029220891
0.00968824719014529
0.007813214924034147
0.006001191662731865
0.004312792090166255
0.002907551867948394
0.001746077106247619
0.0009602357956686807
0.0003988388517762741
0.00014597119728634614
0.009153000242164252
0.009098589940321752
0.008860893303086688
0.008484531165947965
0.00790153531136083
0.007152396472002103
0.006229953745693866
0.005193015264485183
0.004115061501992766
0.0030477456696415607
0.00211325596117454
0.001303284470758201
0.0007349598124470184
0.00031194021488159496
0.00011672339271640749
0.0047125805473024526
0.0047144424656317425
0.0045854988098069744
0.004427355639262077
0.004117678060135667
0.0037416447412737435
0.0032220744631164815
0.002666609353765953
0.002041726193090018
0.0014762913376979356
0.0009372048677235151
0.0005495616733407461
0.00023888938579745122
9.353262725146833e-5
0.0021120026446859812
0.002116233324780873
0.002072318939085612
0.0020094764552604683
0.001881195897615252
0.001706319537147829
0.0014650788048642092
0.0011845635211184002
0.0008884304601589326
0.0005956039456741309
0.00036010187900946964
0.0001642914006425631
6.455049138216916e-5
0.0008865536741626734
0.0009078809281705112
0.0008806648503307328
0.0008734769378685275
0.0008080999475003563
0.0007428639130283654
0.000621314042878856
0.0005017914466589421
0.00034942535109123816
0.0002292062662963896
0.00010868422503568779
4.770268057124322e-5
0.0003142058716850428
0.0003217424603010936
0.00031752690916436147
0.0003137252894386664
0.00029261963281852245
0.00026233309850953626
0.00021850251889377298
0.000165885998042653
0.00011297070063198202
5.897522634678553e-5
2.629822679771071e-5
0.00011667675777607334
0.00012622038866895842
0.000119323725013245
0.00011955527134023715
0.0001044835648793318
9.259973868937719e-5
6.97097361300464e-5
5.23861839782286e-5
2.849773277388176e-5
1.5010137224011044e-5
5.0355333976617535e-5
5.429765514875006e-5
4.9188775081585594e-5
4.515136018863915e-5
3.5080606780191565e-5
2.6689084488544594e-5
1.7235575738868727e-5
9.62415476932142e-6
4.852300798339234e-6
3.303579595540574e-5
3.416902193636812e-5
2.9631148926785866e-5
2.3199028155439947e-5
1.596412236926377e-5
8.708971269156145e-6
4.343276983782713e-6
1.4923476067616431e-6
2.0491352360821243e-5
2.2140213708304676e-5
1.6323727717859157e-5
1.2672084816939476e-5
5.569484079932009e-6
2.6695325445477744e-6
1.4547682048302969e-8
1.2185080770712e-5
1.137393997387798e-5
8.925343810004724e-6
4.884048252607357e-6
2.153968949629636e-6
-2.0827698556042282e-8
5.184279868058846e-6
5.268561541981204e-6
3.105764312141343e-6
1.8204567335894162e-6
9.808189677568577e-8
1.776823825856596e-6
1.3483032305714543e-6
9.094541642989332e-7
1.8231502841388594e-7
2.4653205576427615e-7
2.0865682321085364e-7
2.990875540278904e-8
-1.1061295315583297e-9
-4.554788558624467e-8
-2.3549463183605803e-9
