1.0
0.9572020102963461
0.9144040191833736
0.8105335006887077
0.714888652521847
0.5858556084885592
0.47519804395193327
0.3553322043639333
0.26050763380742425
0.17252149466011732
0.11002553467067192
0.06078124207882145
0.031166603845801985
0.01285407014403969
0.004574805904222534
0.0011341058774142184
0.00022361956460057562
5.474291671656662e-5
3.945607247890522e-5
1.7255011508936233e-5
6.8294789162790785e-6
-8.644891830997963e-11
0.9572020102963461
0.9282687637560504
0.8777344170777862
0.7859314748829086
0.687287062611567
0.5679227809104328
0.4572644297280553
0.3443987661695441
0.25094919551869227
0.16733922837203324
0.10627979106697397
0.05909235316692762
0.03037314649601414
0.012570994082158955
0.004602708616864595
0.0011483604919206593
0.000261460341456465
7.477882840632416e-5
3.50827150081061e-5
2.140111037360742e-5
2.955042181976133e-6
0.9144040191833736
0.8777344170777862
0.8399842461151374
0.7451510115829191
0.6571743367464941
0.5382209616139364
0.43589854881654977
0.3253747751064635
0.237947200083809
0.15724091353825775
0.10000172535084415
0.055173135018658837
0.0283156148559242
0.0117531381699715
0.004241851324802492
0.0010823740320336438
0.000226286600604188
4.8174422480767055e-5
2.817368756626985e-5
5.31860018702109e-6
0.8105335006887077
0.7859314748829086
0.7451510115829191
0.6687144421699196
0.5843102701613456
0.4822484828557539
0.3869409342518392
0.2902198931541992
0.21026074864490288
0.1392581052130948
0.0878271450060943
0.04844025011891146
0.024785545428301487
0.010263862027695348
0.0037952370040863015
0.0009555644166545009
0.00021039360764362066
3.9699041302735145e-5
5.839080297969754e-6
0.714888652521847
0.687287062611567
0.6571743367464941
0.5843102701613456
0.5152291361390943
0.4208513065915417
0.3390854890502157
0.2513643953117912
0.18196317293204134
0.11887693323810354
0.07442915265240943
0.040435216131272565
0.020323836448490215
0.008318124671644663
0.0029366229148404133
0.0007399730186817183
0.00013074401842020578
1.1961000486308525e-5
0.5858556084885592
0.5679227809104328
0.5382209616139364
0.4822484828557539
0.4208513065915417
0.34630968259314077
0.2756491525638332
0.20450828980717758
0.14593613618129678
0.0946505353032159
0.05824506425537869
0.03098116784638512
0.015255348223591534
0.005928563911079097
0.0020592431836879634
0.0004418729888289028
8.41935045910685e-5
0.47519804395193327
0.4572644297280553
0.43589854881654977
0.3869409342518392
0.3390854890502157
0.2756491525638332
0.21979688520599192
0.16048513507501966
0.11346459032848687
0.07199412871551703
0.04312596796852165
0.02221230222194271
0.010219454935940285
0.0037776726200359143
0.0010663243748711704
0.00021382542529272756
0.3553322043639333
0.3443987661695441
0.3253747751064635
0.2902198931541992
0.2513643953117912
0.20450828980717758
0.16048513507501966
0.11651193601351818
0.0805715565099366
0.049795159556801
0.02888069268250362
0.013860042930499418
0.006045504531975794
0.0017920444376904464
0.0004668642530879229
0.26050763380742425
0.25094919551869227
0.237947200083809
0.21026074864490288
0.18196317293204134
0.14593613618129678
0.11346459032848687
0.0805715565099366
0.05434993129894238
0.032452909928206194
0.0175064967452611
0.007905211197928943
0.002744141718255688
0.0007253895391881483
0.17252149466011732
0.16733922837203324
0.15724091353825775
0.1392581052130948
0.11887693323810354
0.0946505353032159
0.07199412871551703
0.049795159556801
0.032452909928206194
0.018116821036749164
0.009249976215343753
0.003303532160902014
0.0010314629780112505
0.11002553467067192
0.10627979106697397
0.10000172535084415
0.0878271450060943
0.07442915265240943
0.05824506425537869
0.04312596796852165
0.02888069268250362
0.0175064967452611
0.009249976215343753
0.0038222012479498125
0.0012381640015540422
0.06078124207882145
0.05909235316692762
0.055173135018658837
0.04844025011891146
0.040435216131272565
0.03098116784638512
0.02221230222194271
0.013860042930499418
0.007905211197928943
0.003303532160902014
0.0012381640015540422
0.031166603845801985
0.03037314649601414
0.0283156148559242
0.024785545428301487
0.020323836448490215
0.015255348223591534
0.010219454935940285
0.006045504531975794
0.002744141718255688
0.0010314629780112505
0.01285407014403969
0.012570994082158955
0.0117531381699715
0.010263862027695348
0.008318124671644663
0.005928563911079097
0.0037776726200359143
0.0017920444376904464
0.0007253895391881483
0.004574805904222534
0.004602708616864595
0.004241851324802492
0.0037952370040863015
0.0029366229148404133
0.0020592431836879634
0.0010663243748711704
0.0004668642530879229
0.0011341058774142184
0.0011483604919206593
0.0010823740320336438
0.0009555644166545009
0.0007399730186817183
0.0004418729888289028
0.00021382542529272756
0.00022361956460057562
0.000261460341456465
0.000226286600604188
0.00021039360764362066
0.00013074401842020578
8.41935045910685e-5
5.474291671656662e-5
7.477882840632416e-5
4.8174422480767055e-5
3.9699041302735145e-5
1.1961000486308525e-5
3.945607247890522e-5
3.50827150081061e-5
2.817368756626985e-5
5.839080297969754e-6
1.7255011508936233e-5
2.140111037360742e-5
5.31860018702109e-6
6.8294789162790785e-6
2.955042181976133e-6
-8.644891830997963e-11
