1.0
0.9497909247412579
0.8995818475655308
0.7807129566777953
0.6726757307137482
0.5313993873303539
0.4133256383818495
0.29121951495518766
0.19877717574391665
0.11912760261298115
0.06684040700131978
0.030817484595714827
0.012387792937111461
0.0036009860327339905
0.0007727812733077831
9.754821280209042e-5
3.870321698779248e-5
1.0172465263105793e-5
3.3145409074241916e-6
-3.2589712006773655e-11
0.9497909247412579
0.9167986758347136
0.8574837674061971
0.7534958981024034
0.6424442369703066
0.5127425378557406
0.3952484975596966
0.2810137054094849
0.190445976140635
0.11513303632309582
0.06435426601740538
0.029859922459552973
0.012172015369700686
0.003514452174277427
0.0008242220639389417
0.00011174936458986835
2.8424340570413926e-5
1.5682354860591836e-5
1.371638155171066e-6
0.8995818475655308
0.8574837674061971
0.8138354968301372
0.7068639786277636
0.6087708850570974
0.4803884173193501
0.3727581220538485
0.26196228112472936
0.17815029706585356
0.10645474302828713
0.0594901188930221
0.027451970931922722
0.011115715538614391
0.0032767249758727628
0.0007272875904167939
9.084646583549316e-5
2.6141761273013916e-5
1.9945573169698206e-6
0.7807129566777953
0.7534958981024034
0.7068639786277636
0.622647042640635
0.5299389557474722
0.42196627419595717
0.3234970868587083
0.22849188630780976
0.15348895107834065
0.09180456684298734
0.05076354722504042
0.023318319928820375
0.009484633405358553
0.002752841661274605
0.0006503456265819712
6.637950122435836e-5
2.529970554604633e-6
0.6726757307137482
0.6424442369703066
0.6087708850570974
0.5299389557474722
0.455725706033785
0.3579698434925656
0.27536699638428264
0.19140820356631408
0.1279620886087474
0.07507679520361908
0.04077589481653267
0.018344089556196014
0.007128644589613586
0.002049854144909108
0.0004143756462022176
3.8002699844522266e-5
0.5313993873303539
0.5127425378557406
0.4803884173193501
0.42196627419595717
0.3579698434925656
0.2833688561598588
0.21438797667561257
0.1486686439610602
0.0973272640091363
0.05608786862185296
0.029616831770371322
0.012638096296161286
0.00474188596143345
0.0011520398532095587
0.00023649278698103024
0.4133256383818495
0.3952484975596966
0.3727581220538485
0.3234970868587083
0.27536699638428264
0.21438797667561257
0.1618505648178187
0.10965929556940826
0.07020175886776897
0.03907153769115409
0.01931435817644262
0.007790674100196611
0.002373687628897851
0.0005211683402745181
0.29121951495518766
0.2810137054094849
0.26196228112472936
0.22849188630780976
0.19140820356631408
0.1486686439610602
0.10965929556940826
0.07307049065429423
0.0451711494449551
0.02363477609783104
0.011001991025656348
0.003572195488523175
0.0009771880369616507
0.19877717574391665
0.190445976140635
0.17815029706585356
0.15348895107834065
0.1279620886087474
0.0973272640091363
0.07020175886776897
0.0451711494449551
0.026261072768240756
0.012953183204483196
0.004836405269817578
0.0013941205172592324
0.11912760261298115
0.11513303632309582
0.10645474302828713
0.09180456684298734
0.07507679520361908
0.05608786862185296
0.03907153769115409
0.02363477609783104
0.012953183204483196
0.005229515527883628
0.0017441717257200445
0.06684040700131978
0.06435426601740538
0.0594901188930221
0.05076354722504042
0.04077589481653267
0.029616831770371322
0.01931435817644262
0.011001991025656348
0.004836405269817578
0.0017441717257200445
0.030817484595714827
0.029859922459552973
0.027451970931922722
0.023318319928820375
0.018344089556196014
0.012638096296161286
0.007790674100196611
0.003572195488523175
0.0013941205172592324
0.012387792937111461
0.012172015369700686
0.011115715538614391
0.009484633405358553
0.007128644589613586
0.00474188596143345
0.002373687628897851
0.0009771880369616507
0.0036009860327339905
0.003514452174277427
0.0032767249758727628
0.002752841661274605
0.002049854144909108
0.0011520398532095587
0.0005211683402745181
0.0007727812733077831
0.0008242220639389417
0.0007272875904167939
0.0006503456265819712
0.0004143756462022176
0.00023649278698103024
9.754821280209042e-5
0.00011174936458986835
9.084646583549316e-5
6.637950122435836e-5
3.8002699844522266e-5
3.870321698779248e-5
2.8424340570413926e-5
2.6141761273013916e-5
2.529970554604633e-6
1.0172465263105793e-5
1.5682354860591836e-5
1.9945573169698206e-6
3.3145409074241916e-6
1.371638155171066e-6
-3.2589712006773655e-11
