1.0
0.9630733020642219
0.9261466029909463
0.8348038312091348
0.7496235988581208
0.632239559584145
0.5290693982395072
0.4140262099278825
0.31926151402588987
0.22742453114511188
0.1576885951564396
0.09855755012044788
0.05861525829318868
0.03005394317034726
0.0140994515182948
0.005266989281440401
0.0016763261742987665
0.0003701410289900501
7.824112872885216e-5
3.146065240970081e-5
1.9607107809583743e-5
4.236651534420817e-6
8.21303215572632e-7
-7.68883936083806e-9
0.9630733020642219
0.9384266849083145
0.8939805321094554
0.8134007697296012
0.724557767923693
0.6159637543335741
0.5118030223294591
0.4033322223831901
0.3090842397939659
0.22164633457480842
0.15290832113551836
0.09620668840544241
0.05706211318942737
0.029430235012336978
0.013907033207425918
0.0052120316138028035
0.0017304946674813553
0.0003898992124116847
9.300064662978135e-5
4.027088866858857e-5
1.4422754461656696e-5
4.420112012263807e-6
1.6690356478577188e-7
0.9261466029909463
0.8939805321094554
0.8609878682297873
0.7766488913058079
0.697483013690583
0.588080597875739
0.491646185269107
0.38427100988986
0.29578831070962625
0.2103478707861322
0.1455412825708636
0.09083252210177205
0.053936444240518064
0.027694750198879754
0.013061806906291032
0.004930235925942942
0.0015993184264238099
0.00036544474378440693
7.855901078596918e-5
2.299441999996399e-5
1.058118781259729e-5
4.321296306713227e-7
0.8348038312091348
0.8134007697296012
0.7766488913058079
0.708113471662234
0.6305615756583209
0.535797940907631
0.4441638253790886
0.3491140878844698
0.2664504777159644
0.19022340742933017
0.13054492953775165
0.0816702883552534
0.04820609338799383
0.024787294112760535
0.011740959949741742
0.004444343276109217
0.0014980765394596873
0.000337568547285331
6.964786317742612e-5
1.606518799692663e-5
7.617829946499743e-7
0.7496235988581208
0.724557767923693
0.697483013690583
0.6305615756583209
0.5665105268632071
0.4769615368400185
0.39747393522615143
0.30927670635556853
0.23649638118113117
0.1669267245219301
0.11433107870895176
0.07063731159601142
0.04138524014178927
0.021037611776167784
0.009803390271439718
0.0036913345420893544
0.0011873758857343607
0.00026409885677157387
3.9853102770607324e-5
2.3143378486935574e-6
0.632239559584145
0.6159637543335741
0.588080597875739
0.535797940907631
0.4769615368400185
0.40479226077610553
0.3338340528893639
0.26070947177983933
0.1970142654287686
0.13891499508602748
0.0938527966988591
0.05755309154983221
0.03319226063767717
0.016553857770762244
0.0076077023003893705
0.002740022655727176
0.0008884201031628164
0.00017272592469816159
2.7803665578922043e-5
0.5290693982395072
0.5118030223294591
0.491646185269107
0.4441638253790886
0.39747393522615143
0.3338340528893639
0.2764983524976892
0.21317084041166845
0.16070703682438855
0.11146644921291272
0.07442072519377259
0.044652070861374654
0.025026883408749437
0.01210909717644797
0.005200302344592842
0.0017939139198892308
0.00047421480526130326
8.602986389208065e-5
0.4140262099278825
0.4033322223831901
0.38427100988986
0.3491140878844698
0.30927670635556853
0.26070947177983933
0.21317084041166845
0.16447537613248947
0.12194017753707963
0.08375629387773678
0.05466229753022376
0.03189171830560447
0.017293734286556086
0.007802841755394471
0.0031938640503125122
0.000891369125809148
0.0002275517337633249
0.31926151402588987
0.3090842397939659
0.29578831070962625
0.2664504777159644
0.23649638118113117
0.1970142654287686
0.16070703682438855
0.12194017753707963
0.08952708459381459
0.06003433546269499
0.03800338147176673
0.021366301707429064
0.010712885449817874
0.004545790288551242
0.0014762421318664594
0.0003652519465246291
0.22742453114511188
0.22164633457480842
0.2103478707861322
0.19022340742933017
0.1669267245219301
0.13891499508602748
0.11146644921291272
0.08375629387773678
0.06003433546269499
0.039230711863585566
0.02395648432410473
0.012521321727760177
0.005901478643130359
0.0019781035742256247
0.0005830068408907072
0.1576885951564396
0.15290832113551836
0.1455412825708636
0.13054492953775165
0.11433107870895176
0.0938527966988591
0.07442072519377259
0.05466229753022376
0.03800338147176673
0.02395648432410473
0.013614349387936918
0.006707637826636456
0.0024964934861937947
0.0007456108080194029
0.09855755012044788
0.09620668840544241
0.09083252210177205
0.0816702883552534
0.07063731159601142
0.05755309154983221
0.044652070861374654
0.03189171830560447
0.021366301707429064
0.012521321727760177
0.006707637826636456
0.0026585040639866523
0.0008925932868335944
0.05861525829318868
0.05706211318942737
0.053936444240518064
0.04820609338799383
0.04138524014178927
0.03319226063767717
0.025026883408749437
0.017293734286556086
0.010712885449817874
0.005901478643130359
0.0024964934861937947
0.0008925932868335944
0.03005394317034726
0.029430235012336978
0.027694750198879754
0.024787294112760535
0.021037611776167784
0.016553857770762244
0.01210909717644797
0.007802841755394471
0.004545790288551242
0.0019781035742256247
0.0007456108080194029
0.0140994515182948
0.013907033207425918
0.013061806906291032
0.011740959949741742
0.009803390271439718
0.0076077023003893705
0.005200302344592842
0.0031938640503125122
0.0014762421318664594
0.0005830068408907072
0.005266989281440401
0.0052120316138028035
0.004930235925942942
0.004444343276109217
0.0036913345420893544
0.002740022655727176
0.0017939139198892308
0.000891369125809148
0.0003652519465246291
0.0016763261742987665
0.0017304946674813553
0.0015993184264238099
0.0014980765394596873
0.0011873758857343607
0.0008884201031628164
0.00047421480526130326
0.0002275517337633249
0.0003701410289900501
0.0003898992124116847
0.00036544474378440693
0.000337568547285331
0.00026409885677157387
0.00017272592469816159
8.602986389208065e-5
7.824112872885216e-5
9.300064662978135e-5
7.855901078596918e-5
6.964786317742612e-5
3.9853102770607324e-5
2.7803665578922043e-5
3.146065240970081e-5
4.027088866858857e-5
2.299441999996399e-5
1.606518799692663e-5
2.3143378486935574e-6
1.9607107809583743e-5
1.4422754461656696e-5
1.058118781259729e-5
7.617829946499743e-7
4.236651534420817e-6
4.420112012263807e-6
4.321296306713227e-7
8.21303215572632e-7
1.6690356478577188e-7
-7.68883936083806e-9
