1.0
0.9717240919263347
0.9434481835825573
0.8713446036485946
0.8029982339732621
0.7055108739745807
0.6171096042799589
0.5138283598929912
0.4244479974725486
0.331910454246126
0.25604916255434385
0.18494899626685957
0.13057264125869816
0.08466539080647557
0.05284655398213196
0.029342052790222842
0.015334388476229146
0.006755865902741297
0.002708758941379675
0.0008357939007324076
0.0002330785710688745
6.267720763298261e-5
3.302980488695543e-5
1.673514175202802e-5
7.925420968396816e-6
1.545101501701645e-6
1.507902918352968e-7
-9.038015564517096e-9
0.9717240919263347
0.9526315618355217
0.9181823121125267
0.8542097762262679
0.7822465452885564
0.691600007126033
0.6015280525764722
0.503656523296686
0.4139117728327712
0.325356042429936
0.24984917240721558
0.18138973602007302
0.12758048541747444
0.08314563375891798
0.05178620961310177
0.028884779005898826
0.015147495033734406
0.006687676069593384
0.002735792461946856
0.0008433063959611319
0.00025307047872676324
6.883499399803934e-5
3.349886842096267e-5
2.0192159534339954e-5
6.312313624897156e-6
1.4202499061147352e-6
-1.0561096861240265e-7
0.9434481835825573
0.9181823121125267
0.8924402737827027
0.8247483285099352
0.7602591092848687
0.6679487840809772
0.5840374528510447
0.4860095711218109
0.40109772374964375
0.3133425178015674
0.24142568009533275
0.17419778259340088
0.12283140485052839
0.07958720121343349
0.0496489872372476
0.027606886348902872
0.014481491881259242
0.006423469578299054
0.002606332109597418
0.0008214919108825894
0.0002366396581215315
6.212713851672357e-5
2.8631103667739758e-5
1.0667633073436076e-5
3.919317290639306e-6
2.987267152104896e-8
0.8713446036485946
0.8542097762262679
0.8247483285099352
0.7685511984340949
0.7039193486259555
0.6224326166296222
0.5408140248472207
0.45231926671347383
0.3709502793711422
0.29094800739219123
0.22278426003261878
0.16126657672341835
0.11306196205167444
0.07345530041722821
0.04564500133124137
0.025449250583045736
0.013386278993849761
0.005961978690956963
0.0024696411298036373
0.0007748189047198724
0.00023252997184236362
5.482350669840705e-5
1.7083467015945503e-5
7.111100714670246e-6
4.326378068341149e-7
0.8029982339732621
0.7822465452885564
0.7602591092848687
0.7039193486259555
0.6494424860999004
0.5704205205896739
0.49814925674539773
0.41369435029615237
0.3403789433849608
0.2649365546487078
0.20316066744860484
0.14585130543630362
0.10220297712360234
0.06584346737384614
0.04079905660602868
0.022595260695960215
0.011816496269406904
0.005262190113081573
0.002146979088647258
0.0006824269591861231
0.0001898719433555887
3.89790290577326e-5
9.439623718195753e-6
5.822987692890051e-8
0.7055108739745807
0.691600007126033
0.6679487840809772
0.6224326166296222
0.5704205205896739
0.5044912846018998
0.43737432853798464
0.3648537340313116
0.2978355086876073
0.23235643620499927
0.17664300071307798
0.12680554259112012
0.08802696492042042
0.05653837823939977
0.03469734288087667
0.01907709008096006
0.009908423086892902
0.004347143264392596
0.0017805088610423107
0.000544049779778777
0.0001534912001404788
2.3425113940232897e-5
2.2245134440200274e-6
0.6171096042799589
0.6015280525764722
0.5840374528510447
0.5408140248472207
0.49814925674539773
0.43737432853798464
0.3811320166071331
0.31527497034745733
0.2578593539077838
0.19920102822026095
0.15118948038732044
0.1072594052407343
0.07398431476037406
0.0468415075327817
0.02834805490895603
0.015319401861398962
0.007739274026501848
0.0033274157811809986
0.0012801822968084987
0.00038497958037153607
8.935706961373103e-5
1.2931315764321924e-5
0.5138283598929912
0.503656523296686
0.4860095711218109
0.45231926671347383
0.41369435029615237
0.3648537340313116
0.31527497034745733
0.26182599440129856
0.21200425495303155
0.16373223289417727
0.12275789640570332
0.08659408674995514
0.05881723144093268
0.03672280445199872
0.021779032306932598
0.01141934414008462
0.0056202154709839
0.0022582812952930105
0.0008461144639867533
0.0002080291173926435
4.852983106705389e-5
0.4244479974725486
0.4139117728327712
0.40109772374964375
0.3709502793711422
0.3403789433849608
0.2978355086876073
0.2578593539077838
0.21200425495303155
0.17167030473708808
0.13088172118905333
0.09747679635194308
0.06758373947287509
0.045135072673469716
0.02751093075502385
0.015741804510004235
0.007965361718039599
0.003621110001730123
0.0013771697892409032
0.0004110245381299165
9.411718835062072e-5
0.331910454246126
0.325356042429936
0.3133425178015674
0.29094800739219123
0.2649365546487078
0.23235643620499927
0.19920102822026095
0.16373223289417727
0.13088172118905333
0.09936199658695416
0.07273443637273944
0.049675825230529234
0.03237690303227785
0.01905741633075428
0.010509182654280608
0.004906369380844662
0.002109616402099848
0.0006318620706708222
0.0001755482303910997
0.25604916255434385
0.24984917240721558
0.24142568009533275
0.22278426003261878
0.20316066744860484
0.17664300071307798
0.15118948038732044
0.12275789640570332
0.09747679635194308
0.07273443637273944
0.052450817050044625
0.03494540093726894
0.02196920202364006
0.012441366457736776
0.006297003224739937
0.0027570627947771697
0.0009306772909829418
0.00024813852544635696
0.18494899626685957
0.18138973602007302
0.17419778259340088
0.16126657672341835
0.14585130543630362
0.12680554259112012
0.1072594052407343
0.08659408674995514
0.06758373947287509
0.049675825230529234
0.03494540093726894
0.022543727328419274
0.013657630854475277
0.0071359851387750505
0.0033889358515263993
0.0011576105850586444
0.00035386042996275675
0.13057264125869816
0.12758048541747444
0.12283140485052839
0.11306196205167444
0.10220297712360234
0.08802696492042042
0.07398431476037406
0.05881723144093268
0.045135072673469716
0.03237690303227785
0.02196920202364006
0.013657630854475277
0.007645881838355282
0.0037656909550406485
0.0013985226293785349
0.00042727529588507736
0.08466539080647557
0.08314563375891798
0.07958720121343349
0.07345530041722821
0.06584346737384614
0.05653837823939977
0.0468415075327817
0.03672280445199872
0.02751093075502385
0.01905741633075428
0.012441366457736776
0.0071359851387750505
0.0037656909550406485
0.001474611386728058
0.0004959433105936298
0.05284655398213196
0.05178620961310177
0.0496489872372476
0.04564500133124137
0.04079905660602868
0.03469734288087667
0.02834805490895603
0.021779032306932598
0.015741804510004235
0.010509182654280608
0.006297003224739937
0.0033889358515263993
0.0013985226293785349
0.0004959433105936298
0.029342052790222842
0.028884779005898826
0.027606886348902872
0.025449250583045736
0.022595260695960215
0.01907709008096006
0.015319401861398962
0.01141934414008462
0.007965361718039599
0.004906369380844662
0.0027570627947771697
0.0011576105850586444
0.00042727529588507736
0.015334388476229146
0.015147495033734406
0.014481491881259242
0.013386278993849761
0.011816496269406904
0.009908423086892902
0.007739274026501848
0.0056202154709839
0.003621110001730123
0.002109616402099848
0.0009306772909829418
0.00035386042996275675
0.006755865902741297
0.006687676069593384
0.006423469578299054
0.005961978690956963
0.005262190113081573
0.004347143264392596
0.0033274157811809986
0.0022582812952930105
0.0013771697892409032
0.0006318620706708222
0.00024813852544635696
0.002708758941379675
0.002735792461946856
0.002606332109597418
0.0024696411298036373
0.002146979088647258
0.0017805088610423107
0.0012801822968084987
0.0008461144639867533
0.0004110245381299165
0.0001755482303910997
0.0008357939007324076
0.0008433063959611319
0.0008214919108825894
0.0007748189047198724
0.0006824269591861231
0.000544049779778777
0.00038497958037153607
0.0002080291173926435
9.411718835062072e-5
0.0002330785710688745
0.00025307047872676324
0.0002366396581215315
0.00023252997184236362
0.0001898719433555887
0.0001534912001404788
8.935706961373103e-5
4.852983106705389e-5
6.267720763298261e-5
6.883499399803934e-5
6.212713851672357e-5
5.482350669840705e-5
3.89790290577326e-5
2.3425113940232897e-5
1.2931315764321924e-5
3.302980488695543e-5
3.349886842096267e-5
2.8631103667739758e-5
1.7083467015945503e-5
9.439623718195753e-6
2.2245134440200274e-6
1.673514175202802e-5
2.0192159534339954e-5
1.0667633073436076e-5
7.111100714670246e-6
5.822987692890051e-8
7.925420968396816e-6
6.312313624897156e-6
3.919317290639306e-6
4.326378068341149e-7
1.545101501701645e-6
1.4202499061147352e-6
2.987267152104896e-8
1.507902918352968e-7
-1.0561096861240265e-7
-9.038015564517096e-9
