1.0
0.9403496155359056
0.8806992307179872
0.7435134300854591
0.621390196174877
0.4671412952111072
0.3435172484999141
0.22216950536159186
0.1369884420563821
0.07005323873920243
0.032001155471619074
0.010748616486915509
0.0027314412957702007
0.00037529464821821606
7.714974110452995e-5
3.2247800358070635e-5
1.967760140184208e-5
-2.590896129820443e-10
0.9403496155359056
0.9007962443541426
0.8319877439673427
0.7120059660754036
0.5883780411486043
0.44710174183913753
0.3257725938385708
0.21270693672287497
0.13035816899572358
0.06725630135247102
0.030896509566240786
0.010399146974354812
0.002836178941119182
0.00041622439762568133
8.170376500003705e-5
5.766325840735332e-5
7.953437915901568e-6
0.8806992307179872
0.8319877439673427
0.7811389061102584
0.6599256830680401
0.5509169570188183
0.41334403148091076
0.30279256151936496
0.19508610097395526
0.1196159729691484
0.060964575137825404
0.02782092758289242
0.009423629200244468
0.0024548129452822707
0.0003545534301891523
6.609267274449147e-5
1.1353148151191235e-5
0.7435134300854591
0.7120059660754036
0.6599256830680401
0.5660555148939047
0.4662416810965919
0.3526230972698597
0.2547438160474945
0.16442172278967765
0.0994473157280608
0.0503645142615253
0.022823134320784207
0.007587134728346599
0.0020727493724912865
0.0002760576073979579
2.5898750613517524e-5
0.621390196174877
0.5883780411486043
0.5509169570188183
0.4662416810965919
0.3877675178728547
0.2885171799808222
0.2081522708648858
0.13161816707060503
0.07829863799032617
0.038600685938363334
0.016662607291461594
0.005369922114373956
0.001235394488241035
0.0001614566803935758
0.4671412952111072
0.44710174183913753
0.41334403148091076
0.3526230972698597
0.2885171799808222
0.2154961390189735
0.15219153173099167
0.09473304363319218
0.05476103128434595
0.025588035776152894
0.010575696153375292
0.0028453262729911505
0.0006345995940105882
0.3435172484999141
0.3257725938385708
0.30279256151936496
0.2547438160474945
0.2081522708648858
0.15219153173099167
0.1059197082376121
0.06377326902269696
0.03470246467318972
0.01529638207267177
0.005130359641927202
0.0012273716423405162
0.22216950536159186
0.21270693672287497
0.19508610097395526
0.16442172278967765
0.13161816707060503
0.09473304363319218
0.06377326902269696
0.036389209775650064
0.018760096325596665
0.006663827863782226
0.002013192440851653
0.1369884420563821
0.13035816899572358
0.1196159729691484
0.0994473157280608
0.07829863799032617
0.05476103128434595
0.03470246467318972
0.018760096325596665
0.007968036022414866
0.002557027588085462
0.07005323873920243
0.06725630135247102
0.060964575137825404
0.0503645142615253
0.038600685938363334
0.025588035776152894
0.01529638207267177
0.006663827863782226
0.002557027588085462
0.032001155471619074
0.030896509566240786
0.02782092758289242
0.022823134320784207
0.016662607291461594
0.010575696153375292
0.005130359641927202
0.002013192440851653
0.010748616486915509
0.010399146974354812
0.009423629200244468
0.007587134728346599
0.005369922114373956
0.0028453262729911505
0.0012273716423405162
0.0027314412957702007
0.002836178941119182
0.0024548129452822707
0.0020727493724912865
0.001235394488241035
0.0006345995940105882
0.00037529464821821606
0.00041622439762568133
0.0003545534301891523
0.0002760576073979579
0.0001614566803935758
7.714974110452995e-5
8.170376500003705e-5
6.609267274449147e-5
2.5898750613517524e-5
3.2247800358070635e-5
5.766325840735332e-5
1.1353148151191235e-5
1.967760140184208e-5
7.953437915901568e-6
-2.590896129820443e-10
