1.0
0.9776655443619106
0.9553310852140464
0.8971036514609539
0.841279421497343
0.7597285159410181
0.684186123819006
0.5931511152822844
0.5117514518890653
0.4239225168178047
0.34839871963216396
0.2734293856196917
0.21188934729654682
0.1553571639501374
0.11164471072250665
0.0747944348481634
0.04855700494735196
0.028734424230740317
0.016214598378688067
0.008059839686812181
0.0037248006718630573
0.001446924918328219
0.0005034477232222917
0.00015353624338914154
5.648026458534612e-5
3.2434309870713536e-5
2.0901629454416177e-5
9.534239191204712e-6
3.849916418486872e-6
6.80411795675516e-7
4.304228442776709e-8
-2.0582518063305776e-9
0.9776655443619106
0.9625109037728505
0.9350104406489009
0.8831910778806767
0.8239716935774708
0.7479245218312547
0.6704217892991841
0.5839037738679824
0.5016114984521903
0.4173020668798359
0.3415979338412337
0.26919811144219896
0.2078666542825425
0.15303633331116076
0.10964634926694468
0.07376209911485354
0.04779783155429364
0.028397570285592633
0.016052227145395035
0.008003614673902957
0.0037412757233517293
0.0014570683314499063
0.0005293613732177264
0.00016384825301803634
6.335382616563779e-5
3.6069976027009204e-5
1.951769995293231e-5
1.0303905916186882e-5
2.892253912322538e-6
6.269783211290057e-7
-1.0301766181530893e-7
0.9553310852140464
0.9350104406489009
0.9143993111168589
0.8591005755956866
0.805876581620554
0.7278235199104143
0.6553777854702953
0.568024121665627
0.4898400630973322
0.4055399072772453
0.33304102671746
0.2611837822724972
0.20223028151211705
0.14817110346850076
0.10640210528204022
0.07125828244486218
0.04625748150290611
0.02740806610423049
0.015508024691475214
0.007744510525854743
0.0036062091660463693
0.0014190472636643231
0.0005040793466491365
0.00015661475433782204
5.587867293368925e-5
2.797699535297733e-5
1.6036895373364132e-5
5.79908364681812e-6
1.9485884388841064e-6
7.941800552053685e-8
0.8971036514609539
0.8831910778806767
0.8591005755956866
0.8125369620959295
0.758304161406374
0.6885421311268254
0.6169264419718865
0.5370669864246541
0.4608661071301774
0.382962683609196
0.3129648045046607
0.2462179108320915
0.18974076430910625
0.13941856737610267
0.09968933724396208
0.06694714842082913
0.04333891289047513
0.025761582630772634
0.014603051874385504
0.007329146685366947
0.003458808179692609
0.001366794506870374
0.0005040054693612045
0.00015392242462573659
5.156272657090433e-5
2.2949755422957705e-5
8.488665228687213e-6
3.438091377827278e-6
2.712307702971712e-7
0.841279421497343
0.8239716935774708
0.805876581620554
0.758304161406374
0.7119890663484385
0.6431246852835181
0.5788839342540012
0.5012468167108556
0.4316019885414627
0.35662652192472655
0.29213392659837556
0.22845723040936325
0.17629506310702658
0.128730304105244
0.09208041409529907
0.06146039876288926
0.03975920879134213
0.023525756097251566
0.013313109926258166
0.00668091744631457
0.0031349783060195943
0.001248196725586351
0.0004453967508510765
0.00013295717326392313
3.822229776394344e-5
1.1965239171451525e-5
4.138644316235867e-6
8.481954711929349e-8
0.7597285159410181
0.7479245218312547
0.7278235199104143
0.6885421311268254
0.6431246852835181
0.5843367734379178
0.5230823635559294
0.4548792787945954
0.3894149440376015
0.32273927905019617
0.2627530426499203
0.20585245518249123
0.15781792139231354
0.11530583154861905
0.0819272428514483
0.054642745951050564
0.03512775095060196
0.02074013651989589
0.011697805785160165
0.005847219358919897
0.0027568373757650274
0.001086848593608652
0.00039599842315375596
0.00011083343504272023
2.853928663184457e-5
6.610914662548786e-6
1.6984544570784682e-8
0.684186123819006
0.6704217892991841
0.6553777854702953
0.6169264419718865
0.5788839342540012
0.5230823635559294
0.47053049136611036
0.4066951588731124
0.34920711452255193
0.2874631492496799
0.23431203258103014
0.1821668085452278
0.13954032779687595
0.10106042786919994
0.07156051848504606
0.04725584021324088
0.030165925421897517
0.017618744407786078
0.009810601025446402
0.0048506721332744075
0.0022282318778497766
0.0008705656045744588
0.0002964024805921497
7.988078658510231e-5
1.4968171400823544e-5
1.7159707871009875e-6
0.5931511152822844
0.5839037738679824
0.568024121665627
0.5370669864246541
0.5012468167108556
0.4548792787945954
0.4066951588731124
0.3530527898893103
0.3010601086515229
0.24835854768789992
0.2008501256776983
0.15611656301911417
0.11849569764336008
0.08554776273302164
0.059924561310691835
0.039281913764838756
0.024754603183513083
0.014251639899167844
0.00782018215086053
0.003762115737186813
0.0017055868680544701
0.0006280611105275893
0.000214189820926036
4.820905307691976e-5
9.219286215899298e-6
0.5117514518890653
0.5016114984521903
0.4898400630973322
0.4608661071301774
0.4316019885414627
0.3894149440376015
0.34920711452255193
0.3010601086515229
0.2573781439410052
0.21057717687216176
0.1702055917382344
0.13097057311104224
0.09897579858812688
0.0705563831414547
0.048941431083976694
0.031562359577132125
0.019517001972039382
0.010993858340328013
0.0058183154177402505
0.0027151467611383597
0.0011385789365427773
0.0004036867322729911
0.00010901746368308275
2.3015332352440544e-5
0.4239225168178047
0.4173020668798359
0.4055399072772453
0.382962683609196
0.35662652192472655
0.32273927905019617
0.2874631492496799
0.24835854768789992
0.21057717687216176
0.17245797416407418
0.1379828522844994
0.10582968119379872
0.07895224809643102
0.05576696831003313
0.03803465365961648
0.02407336928695156
0.014543521654265612
0.007892105297053642
0.004045823385556928
0.0017414099889727895
0.0007004131009884394
0.00019786585291009393
5.260063512449713e-5
0.34839871963216396
0.3415979338412337
0.33304102671746
0.3129648045046607
0.29213392659837556
0.2627530426499203
0.23431203258103014
0.2008501256776983
0.1702055917382344
0.1379828522844994
0.11006414668343051
0.08329967393937811
0.061539383825323424
0.042687207755557594
0.028520021930131194
0.01759180210581928
0.010200493927396526
0.0053258866323104975
0.002501924681544869
0.001013314744095654
0.00031737803962921397
8.186853999745014e-5
0.2734293856196917
0.26919811144219896
0.2611837822724972
0.2462179108320915
0.22845723040936325
0.20585245518249123
0.1821668085452278
0.15611656301911417
0.13097057311104224
0.10582968119379872
0.08329967393937811
0.06254877338964139
0.045388886484811264
0.030893314104295185
0.02012035545419548
0.011924884410337573
0.006650966551093411
0.0031793540395448684
0.0014093438912607937
0.0004442077997136804
0.00012855351207751285
0.21188934729654682
0.2078666542825425
0.20223028151211705
0.18974076430910625
0.17629506310702658
0.15781792139231354
0.13954032779687595
0.11849569764336008
0.09897579858812688
0.07895224809643102
0.061539383825323424
0.045388886484811264
0.03232755205236765
0.021449392785959358
0.013420392911585512
0.007646326240098603
0.0038921196732101034
0.0017436489231108228
0.0006003823882277647
0.0001693384160423271
0.1553571639501374
0.15303633331116076
0.14817110346850076
0.13941856737610267
0.128730304105244
0.11530583154861905
0.10106042786919994
0.08554776273302164
0.0705563831414547
0.05576696831003313
0.042687207755557594
0.030893314104295185
0.021449392785959358
0.013715067600155595
0.0082654132839439
0.0043187690600884595
0.0020629579484758823
0.0007134431860023134
0.00022341707783973645
0.11164471072250665
0.10964634926694468
0.10640210528204022
0.09968933724396208
0.09208041409529907
0.0819272428514483
0.07156051848504606
0.059924561310691835
0.048941431083976694
0.03803465365961648
0.028520021930131194
0.02012035545419548
0.013420392911585512
0.0082654132839439
0.0045781342331804595
0.00225654097697156
0.0008357869990563679
0.00026014265136013303
0.0747944348481634
0.07376209911485354
0.07125828244486218
0.06694714842082913
0.06146039876288926
0.054642745951050564
0.04725584021324088
0.039281913764838756
0.031562359577132125
0.02407336928695156
0.01759180210581928
0.011924884410337573
0.007646326240098603
0.0043187690600884595
0.00225654097697156
0.0008757885671052962
0.00029571837444902175
0.04855700494735196
0.04779783155429364
0.04625748150290611
0.04333891289047513
0.03975920879134213
0.03512775095060196
0.030165925421897517
0.024754603183513083
0.019517001972039382
0.014543521654265612
0.010200493927396526
0.006650966551093411
0.0038921196732101034
0.0020629579484758823
0.0008357869990563679
0.00029571837444902175
0.028734424230740317
0.028397570285592633
0.02740806610423049
0.025761582630772634
0.023525756097251566
0.02074013651989589
0.017618744407786078
0.014251639899167844
0.010993858340328013
0.007892105297053642
0.0053258866323104975
0.0031793540395448684
0.0017436489231108228
0.0007134431860023134
0.00026014265136013303
0.016214598378688067
0.016052227145395035
0.015508024691475214
0.014603051874385504
0.013313109926258166
0.011697805785160165
0.009810601025446402
0.00782018215086053
0.0058183154177402505
0.004045823385556928
0.002501924681544869
0.0014093438912607937
0.0006003823882277647
0.00022341707783973645
0.008059839686812181
0.008003614673902957
0.007744510525854743
0.007329146685366947
0.00668091744631457
0.005847219358919897
0.0048506721332744075
0.003762115737186813
0.0027151467611383597
0.0017414099889727895
0.001013314744095654
0.0004442077997136804
0.0001693384160423271
0.0037248006718630573
0.0037412757233517293
0.0036062091660463693
0.003458808179692609
0.0031349783060195943
0.0027568373757650274
0.0022282318778497766
0.0017055868680544701
0.0011385789365427773
0.0007004131009884394
0.00031737803962921397
0.00012855351207751285
0.001446924918328219
0.0014570683314499063
0.0014190472636643231
0.001366794506870374
0.001248196725586351
0.001086848593608652
0.0008705656045744588
0.0006280611105275893
0.0004036867322729911
0.00019786585291009393
8.186853999745014e-5
0.0005034477232222917
0.0005293613732177264
0.0005040793466491365
0.0005040054693612045
0.0004453967508510765
0.00039599842315375596
0.0002964024805921497
0.000214189820926036
0.00010901746368308275
5.260063512449713e-5
0.00015353624338914154
0.00016384825301803634
0.00015661475433782204
0.00015392242462573659
0.00013295717326392313
0.00011083343504272023
7.988078658510231e-5
4.820905307691976e-5
2.3015332352440544e-5
5.648026458534612e-5
6.335382616563779e-5
5.587867293368925e-5
5.156272657090433e-5
3.822229776394344e-5
2.853928663184457e-5
1.4968171400823544e-5
9.219286215899298e-6
3.2434309870713536e-5
3.6069976027009204e-5
2.797699535297733e-5
2.2949755422957705e-5
1.1965239171451525e-5
6.610914662548786e-6
1.7159707871009875e-6
2.0901629454416177e-5
1.951769995293231e-5
1.6036895373364132e-5
8.488665228687213e-6
4.138644316235867e-6
1.6984544570784682e-8
9.534239191204712e-6
1.0303905916186882e-5
5.79908364681812e-6
3.438091377827278e-6
8.481954711929349e-8
3.849916418486872e-6
2.892253912322538e-6
1.9485884388841064e-6
2.712307702971712e-7
6.80411795675516e-7
6.269783211290057e-7
7.941800552053685e-8
4.304228442776709e-8
-1.0301766181530893e-7
-2.0582518063305776e-9
