1.0
0.8556307656286246
0.7112615301807891
0.4549247531850456
0.2684132573841652
0.10878427082438791
0.030457196953338688
0.0034899780415439687
0.00011808306954048516
4.358299091134602e-6
0.8556307656286246
0.7667612086329495
0.6189950786942082
0.4055514147229842
0.23522257848985223
0.09643905713428605
0.028341485218930106
0.002931179017631242
7.566917785563825e-5
0.7112615301807891
0.6189950786942082
0.5152537849561779
0.3269963846289398
0.1877938119803166
0.07402466461711622
0.019625829039912335
0.0021658329498841205
0.4549247531850456
0.4055514147229842
0.3269963846289398
0.2081458001263937
0.11428019466193655
0.03964778325273376
0.009746991046296236
0.2684132573841652
0.23522257848985223
0.1877938119803166
0.11428019466193655
0.05576456371005842
0.01715417571114486
0.10878427082438791
0.09643905713428605
0.07402466461711622
0.03964778325273376
0.01715417571114486
0.030457196953338688
0.028341485218930106
0.019625829039912335
0.009746991046296236
0.0034899780415439687
0.002931179017631242
0.0021658329498841205
0.00011808306954048516
7.566917785563825e-5
4.358299091134602e-6
