1.0
0.9874583924132857
0.9749167841056279
0.940849064663552
0.9075837546697304
0.8568853420690096
0.8083123976860754
0.7466280690689473
0.6886300231931916
0.6217640967016586
0.5601122607870139
0.4934764686501188
0.43331504172146745
0.37146581135191703
0.3169190925154255
0.26324845262182844
0.2171863590014086
0.1737611056820275
0.13770267920917884
0.10522900850943522
0.07936011298361999
0.057266758553773285
0.040587630370483456
0.027239745398302307
0.017851241547810058
0.010920576213991354
0.006472500094562644
0.0035148717470404604
0.0018336355579545503
0.0008588905509539797
0.0003870292667872627
0.00016326657709230796
7.828360148611783e-5
4.495091873414232e-5
3.228458053980585e-5
2.2358442816243117e-5
1.478212175699767e-5
8.308399492643643e-6
4.14851779422352e-6
1.5641277206004023e-6
3.927865150170308e-7
2.7024704622658122e-8
-5.726271073671007e-9
-3.5811594600057424e-11
0.9874583924132857
0.9788651345565363
0.9631405606157145
0.9326631642855028
0.8969261074482889
0.8494278200310607
0.799016581715076
0.7401223101873703
0.6808280783817926
0.6163355009820537
0.5538335700580355
0.4891603957981817
0.42849983033799793
0.36822291975987387
0.31343652807324834
0.26097576046026916
0.21484678295224285
0.17230199575513938
0.1362720249294715
0.10439084646113155
0.07858760524757921
0.05685098422324845
0.04023938615486871
0.02707282411535194
0.0177380931723124
0.010875624500134889
0.00645963901441163
0.003514176161039545
0.001847348036078849
0.0008659114703679838
0.00039896249232840774
0.00016810536993908516
8.341120928073854e-5
4.7167014661476945e-5
3.324560672383537e-5
2.3275918616978597e-5
1.442617895683874e-5
8.33170812299098e-6
3.7868819351538258e-6
1.4898620594656579e-6
2.965705706237871e-7
3.084338245827812e-8
-1.0050477980701081e-8
0.9749167841056279
0.9631405606157145
0.9512754348398017
0.9182869603930263
0.8860053758116111
0.8366223609481318
0.7892542878325031
0.7290317811833789
0.6723670361705405
0.6070201226900191
0.5467422130901956
0.4816004238161441
0.4227786378542602
0.36233373059190604
0.3090309899053743
0.256618506466847
0.2116485883911817
0.16928340068903075
0.1341165545120435
0.1024691525539168
0.07726721001082064
0.05575983449388482
0.039529090918098905
0.02654902186083304
0.017419696720876492
0.010676011969044007
0.00634406900797851
0.003458687471899744
0.0018142204670825667
0.000856554684685012
0.00039002166993215716
0.00016586628338438356
7.901628016769115e-5
4.3529169523289133e-5
2.975604029420718e-5
1.94047237765566e-5
1.2203517593385485e-5
6.367950924216721e-6
3.0122888957528607e-6
9.958591353746704e-7
2.1459341315363773e-7
2.2764914351536543e-9
0.940849064663552
0.9326631642855028
0.9182869603930263
0.8898143518456209
0.8559949701437471
0.8109346311851313
0.7628533160538206
0.7066746378372855
0.6499517375194991
0.5882886291501197
0.5284321878938334
0.4665498906188798
0.4084634133333018
0.3508110271655252
0.29840790985277643
0.24829818509457963
0.20425687074703094
0.16369593293699147
0.1293727525459109
0.09904500183454865
0.07452501802105461
0.05389901535040114
0.03815645268718133
0.02569435217985459
0.016863532200205818
0.010370599865048236
0.006184637548716899
0.0033849764707569877
0.0017932402705463481
0.0008495154666111201
0.00039467228611326876
0.0001660694567961988
7.887217484161539e-5
4.058591900542826e-5
2.5574956404668382e-5
1.6235661745034003e-5
8.908642326165838e-6
4.67795472242482e-6
1.7717627606509924e-6
5.892832321239332e-7
6.364102308624602e-8
0.9075837546697304
0.8969261074482889
0.8860053758116111
0.8559949701437471
0.8264435127378299
0.78066778841054
0.7366220503042342
0.6804111012928509
0.6274247863715907
0.5662542133376894
0.509772350724893
0.4487466248145267
0.39362437901462155
0.33704147665601225
0.28716122401864363
0.23819695365878735
0.19622071502697608
0.156758904510781
0.12404002420385869
0.09466592076969318
0.0713064656413464
0.051425846685984655
0.036444809503838035
0.02449361747945637
0.016096157919714273
0.009897818701666325
0.005909826457753398
0.003244692587936756
0.0017166787808621383
0.0008192664226712424
0.0003757863809654111
0.0001579482782905529
7.055559323048786e-5
3.3377524035077887e-5
1.9399865201818273e-5
1.0383582274758553e-5
5.576722749567484e-6
2.1864079905872343e-6
8.372679015182376e-7
1.3279221006930692e-7
0.8568853420690096
0.8494278200310607
0.8366223609481318
0.8109346311851313
0.78066778841054
0.7400756495224491
0.69628455915271
0.6450819864260704
0.5930942013015147
0.5366275084579175
0.4816503931761506
0.424901998975074
0.3715617965896281
0.318730352393056
0.2707036561831611
0.2248944664155978
0.18466978024618053
0.14772982156001307
0.11652552553964822
0.08903896340480147
0.06687033133784553
0.04828438193122282
0.03413894584542854
0.022978140351110378
0.015089288178693516
0.009299216825189178
0.0055658910740087825
0.003064147033989218
0.0016335539865466931
0.000778937437970605
0.00036155293207386135
0.00014824236458193675
6.422270966956084e-5
2.7074123606239917e-5
1.3355677835021453e-5
6.603976974676973e-6
2.410814813868041e-6
9.326723672235868e-7
1.0569357289602172e-7
0.8083123976860754
0.799016581715076
0.7892542878325031
0.7628533160538206
0.7366220503042342
0.69628455915271
0.6572523336431951
0.6070782590062037
0.5596402379389578
0.5047643431747613
0.4540164207856275
0.3992003786919739
0.3496631783125635
0.29889602408488153
0.25416174662973073
0.21036652770360154
0.17287022614145905
0.1377471675418965
0.10868540617565464
0.08271064974088749
0.062109231819831426
0.044665719000092315
0.03156279140770963
0.021169804080478416
0.013889262746237207
0.008540193918350704
0.005102178356334551
0.0028088718851679035
0.0014898500701871335
0.0007120703808699555
0.00032367341896188294
0.00013116802509464595
5.253830052504771e-5
1.956987766986732e-5
8.409569909179838e-6
2.670034925406673e-6
8.567763984346552e-7
-2.8129399030554912e-8
0.7466280690689473
0.7401223101873703
0.7290317811833789
0.7066746378372855
0.6804111012928509
0.6450819864260704
0.6070782590062037
0.562543886023903
0.5169293684016021
0.4674299021415313
0.41902030161931586
0.36915786676737583
0.3221959162666074
0.2758158373027651
0.23364473301178143
0.19356481828893857
0.15841929420715048
0.12628343569957842
0.09921456786330846
0.07549202557962069
0.05643792361966729
0.04055717108772981
0.028534956866892797
0.019112937702269853
0.01249487616082543
0.007666929515186414
0.0045715826683858886
0.0025074051520481357
0.0013318378400622728
0.0006305220411017382
0.00028763344012359987
0.00011175421939434946
4.3196346858082056e-5
1.3746478201394366e-5
4.479364749243942e-6
1.1572440836587969e-6
-9.49201736262099e-8
0.6886300231931916
0.6808280783817926
0.6723670361705405
0.6499517375194991
0.6274247863715907
0.5930942013015147
0.5596402379389578
0.5169293684016021
0.47635427675561726
0.4292499303117603
0.38558575186579336
0.3384284999781147
0.2957759888097655
0.2521599701718936
0.2137419942452502
0.17627219129096824
0.14424471381019846
0.1144044462842904
0.08978718240033927
0.06793606225601495
0.05067976748887652
0.03619443300186506
0.025374376309389286
0.016882718405876355
0.010975618555133298
0.006687649199402616
0.003951888972615165
0.002152291522909771
0.0011250813140461044
0.0005291300773755257
0.00023287734295110936
8.896840801276586e-5
3.081749943317839e-5
8.577635141030994e-6
2.1550154373871734e-6
7.1249466602311e-8
0.6217640967016586
0.6163355009820537
0.6070201226900191
0.5882886291501197
0.5662542133376894
0.5366275084579175
0.5047643431747613
0.4674299021415313
0.4292499303117603
0.3878282943846076
0.3470544170033493
0.30515754329903516
0.2655855477824206
0.2266431007487187
0.1912232748608231
0.15771587505908827
0.12838996072214412
0.10173462933461772
0.07937616344484553
0.05992785986254264
0.0444085105136326
0.03159369175525453
0.021980977783447795
0.014533904752220625
0.0093688441721893
0.005652519930898652
0.0033102322202893503
0.0017738906276873769
0.0009196398309955087
0.0004194806466205559
0.00018348165309894004
6.49071243430247e-5
2.195379112486848e-5
4.489497769051273e-6
7.85684740524073e-7
0.5601122607870139
0.5538335700580355
0.5467422130901956
0.5284321878938334
0.509772350724893
0.4816503931761506
0.4540164207856275
0.41902030161931586
0.38558575186579336
0.3470544170033493
0.3111986806686329
0.2724581795767365
0.23736275902338885
0.2015727200780884
0.1700530086809865
0.1394674960067444
0.11337608038959147
0.08924717275464196
0.06942361074260317
0.052006329678156916
0.038339767506665505
0.02702084014191586
0.018643303183055487
0.012185637130342077
0.007752125263122928
0.004610142415495361
0.0026415698808080713
0.0013908970380072437
0.0006938332839806452
0.0003098324461773551
0.0001245256787432311
4.2863317268803934e-5
1.1403245970888418e-5
2.1913528225289726e-6
0.4934764686501188
0.4891603957981817
0.4816004238161441
0.4665498906188798
0.4487466248145267
0.424901998975074
0.3992003786919739
0.36915786676737583
0.3384284999781147
0.30515754329903516
0.2724581795767365
0.23892964088812368
0.20713103128593657
0.17596634762508936
0.14760714113687437
0.12093339123308851
0.09765201411821728
0.0766560744846586
0.05915266733894454
0.044086468590607476
0.03218507836742329
0.022491887969444384
0.015329461656246893
0.009882325264326216
0.006190837477605907
0.003598774351391231
0.0020224125518407583
0.0010228186829896113
0.0004990579743605815
0.00020514436332116798
8.069448953496382e-5
2.170326953510764e-5
5.8267362567628555e-6
0.43331504172146745
0.42849983033799793
0.4227786378542602
0.4084634133333018
0.39362437901462155
0.3715617965896281
0.3496631783125635
0.3221959162666074
0.2957759888097655
0.2655855477824206
0.23736275902338885
0.20713103128593657
0.17966593602179126
0.15174700070586383
0.1271528627370125
0.10344749672890065
0.08327362340779448
0.06480921921346357
0.04972352492459023
0.0366617033268919
0.026508985391726542
0.018270845709446037
0.01226016471967687
0.007760480646750432
0.0047389207074161836
0.0026870659388711776
0.0014426910692538191
0.0007050714658945004
0.00031354483834332355
0.0001234283470120851
3.7453998701603034e-5
9.520147443727016e-6
0.37146581135191703
0.36822291975987387
0.36233373059190604
0.3508110271655252
0.33704147665601225
0.318730352393056
0.29889602408488153
0.2758158373027651
0.2521599701718936
0.2266431007487187
0.2015727200780884
0.17596634762508936
0.15174700070586383
0.12811757029473606
0.10660211693675321
0.08650867422661015
0.06904052659777957
0.053445893208955514
0.04056360164980759
0.02963079377880503
0.021127348403626504
0.014337545612772756
0.009443371539480197
0.005824436938208209
0.003469193635930789
0.0018782683128435653
0.0009743066755471013
0.0004329358408628075
0.00018424097435302986
5.593132498227101e-5
1.6562680348733722e-5
0.3169190925154255
0.31343652807324834
0.3090309899053743
0.29840790985277643
0.28716122401864363
0.2707036561831611
0.25416174662973073
0.23364473301178143
0.2137419942452502
0.1912232748608231
0.1700530086809865
0.14760714113687437
0.1271528627370125
0.10660211693675321
0.08848774094891144
0.07118407374113646
0.05650313147285765
0.04325519365370496
0.03251222390620618
0.023403510653042078
0.016417469830096107
0.01092137023471413
0.006998028943519734
0.004198347266345971
0.0023831473458711017
0.0012395268535352322
0.000582282836031964
0.00024357871460131426
7.915314654906259e-5
2.2236384364651152e-5
0.26324845262182844
0.26097576046026916
0.256618506466847
0.24829818509457963
0.23819695365878735
0.2248944664155978
0.21036652770360154
0.19356481828893857
0.17627219129096824
0.15771587505908827
0.1394674960067444
0.12093339123308851
0.10344749672890065
0.08650867422661015
0.07118407374113646
0.057001972685204204
0.04474897306536932
0.033952293175273554
0.025153622445009093
0.0178253567915001
0.012260863069494579
0.007938685934016162
0.004947339763418107
0.0028267936530176623
0.0015438131814340325
0.0007277394047092629
0.00032302887770540553
0.00010293867959579035
3.1284861990155565e-5
0.2171863590014086
0.21484678295224285
0.2116485883911817
0.20425687074703094
0.19622071502697608
0.18466978024618053
0.17287022614145905
0.15841929420715048
0.14424471381019846
0.12838996072214412
0.11337608038959147
0.09765201411821728
0.08327362340779448
0.06904052659777957
0.05650313147285765
0.04474897306536932
0.034823565199746775
0.02604279209797754
0.01899585995465755
0.013197883616719232
0.008833476895242033
0.005559154930075921
0.003295428676068656
0.0018052940838045538
0.0008919813472984251
0.0003948061445471538
0.00013373359144032472
3.865319644852415e-5
0.1737611056820275
0.17230199575513938
0.16928340068903075
0.16369593293699147
0.156758904510781
0.14772982156001307
0.1377471675418965
0.12628343569957842
0.1144044462842904
0.10173462933461772
0.08924717275464196
0.0766560744846586
0.06480921921346357
0.053445893208955514
0.04325519365370496
0.033952293175273554
0.02604279209797754
0.019197052872811794
0.013735459263288197
0.0092988300776759
0.006055583741465472
0.0036296532662883634
0.002063905970222501
0.001021562607828434
0.0004751590087720948
0.0001605344204742005
5.0231393414451834e-5
0.13770267920917884
0.1362720249294715
0.1341165545120435
0.1293727525459109
0.12404002420385869
0.11652552553964822
0.10868540617565464
0.09921456786330846
0.08978718240033927
0.07937616344484553
0.06942361074260317
0.05915266733894454
0.04972352492459023
0.04056360164980759
0.03251222390620618
0.025153622445009093
0.01899585995465755
0.013735459263288197
0.009581586537017956
0.006315876541508896
0.0039216032457729715
0.002257441696008441
0.0011591910696070137
0.0005377831425326414
0.0001906618138236962
5.8550758249576246e-5
0.10522900850943522
0.10439084646113155
0.1024691525539168
0.09904500183454865
0.09466592076969318
0.08903896340480147
0.08271064974088749
0.07549202557962069
0.06793606225601495
0.05992785986254264
0.052006329678156916
0.044086468590607476
0.0366617033268919
0.02963079377880503
0.023403510653042078
0.0178253567915001
0.013197883616719232
0.0092988300776759
0.006315876541508896
0.003978006459235761
0.0023776068777274875
0.0012414488584402371
0.0005989491086411035
0.0002105774140591812
6.837673952261769e-5
0.07936011298361999
0.07858760524757921
0.07726721001082064
0.07452501802105461
0.0713064656413464
0.06687033133784553
0.062109231819831426
0.05643792361966729
0.05067976748887652
0.0444085105136326
0.038339767506665505
0.03218507836742329
0.026508985391726542
0.021127348403626504
0.016417469830096107
0.012260863069494579
0.008833476895242033
0.006055583741465472
0.0039216032457729715
0.0023776068777274875
0.00129241234748398
0.0006379496621310025
0.00023491152357122308
7.54298962736879e-5
0.057266758553773285
0.05685098422324845
0.05575983449388482
0.05389901535040114
0.051425846685984655
0.04828438193122282
0.044665719000092315
0.04055717108772981
0.03619443300186506
0.03159369175525453
0.02702084014191586
0.022491887969444384
0.018270845709446037
0.014337545612772756
0.01092137023471413
0.007938685934016162
0.005559154930075921
0.0036296532662883634
0.002257441696008441
0.0012414488584402371
0.0006379496621310025
0.0002435623250967803
8.279869844511404e-5
0.040587630370483456
0.04023938615486871
0.039529090918098905
0.03815645268718133
0.036444809503838035
0.03413894584542854
0.03156279140770963
0.028534956866892797
0.025374376309389286
0.021980977783447795
0.018643303183055487
0.015329461656246893
0.01226016471967687
0.009443371539480197
0.006998028943519734
0.004947339763418107
0.003295428676068656
0.002063905970222501
0.0011591910696070137
0.0005989491086411035
0.00023491152357122308
8.279869844511404e-5
0.027239745398302307
0.02707282411535194
0.02654902186083304
0.02569435217985459
0.02449361747945637
0.022978140351110378
0.021169804080478416
0.019112937702269853
0.016882718405876355
0.014533904752220625
0.012185637130342077
0.009882325264326216
0.007760480646750432
0.005824436938208209
0.004198347266345971
0.0028267936530176623
0.0018052940838045538
0.001021562607828434
0.0005377831425326414
0.0002105774140591812
7.54298962736879e-5
0.017851241547810058
0.0177380931723124
0.017419696720876492
0.016863532200205818
0.016096157919714273
0.015089288178693516
0.013889262746237207
0.01249487616082543
0.010975618555133298
0.0093688441721893
0.007752125263122928
0.006190837477605907
0.0047389207074161836
0.003469193635930789
0.0023831473458711017
0.0015438131814340325
0.0008919813472984251
0.0004751590087720948
0.0001906618138236962
6.837673952261769e-5
0.010920576213991354
0.010875624500134889
0.010676011969044007
0.010370599865048236
0.009897818701666325
0.009299216825189178
0.008540193918350704
0.007666929515186414
0.006687649199402616
0.005652519930898652
0.004610142415495361
0.003598774351391231
0.0026870659388711776
0.0018782683128435653
0.0012395268535352322
0.0007277394047092629
0.0003948061445471538
0.0001605344204742005
5.8550758249576246e-5
0.006472500094562644
0.00645963901441163
0.00634406900797851
0.006184637548716899
0.005909826457753398
0.0055658910740087825
0.005102178356334551
0.0045715826683858886
0.003951888972615165
0.0033102322202893503
0.0026415698808080713
0.0020224125518407583
0.0014426910692538191
0.0009743066755471013
0.000582282836031964
0.00032302887770540553
0.00013373359144032472
5.0231393414451834e-5
0.0035148717470404604
0.003514176161039545
0.003458687471899744
0.0033849764707569877
0.003244692587936756
0.003064147033989218
0.0028088718851679035
0.0025074051520481357
0.002152291522909771
0.0017738906276873769
0.0013908970380072437
0.0010228186829896113
0.0007050714658945004
0.0004329358408628075
0.00024357871460131426
0.00010293867959579035
3.865319644852415e-5
0.0018336355579545503
0.001847348036078849
0.0018142204670825667
0.0017932402705463481
0.0017166787808621383
0.0016335539865466931
0.0014898500701871335
0.0013318378400622728
0.0011250813140461044
0.0009196398309955087
0.0006938332839806452
0.0004990579743605815
0.00031354483834332355
0.00018424097435302986
7.915314654906259e-5
3.1284861990155565e-5
0.0008588905509539797
0.0008659114703679838
0.000856554684685012
0.0008495154666111201
0.0008192664226712424
0.000778937437970605
0.0007120703808699555
0.0006305220411017382
0.0005291300773755257
0.0004194806466205559
0.0003098324461773551
0.00020514436332116798
0.0001234283470120851
5.593132498227101e-5
2.2236384364651152e-5
0.0003870292667872627
0.00039896249232840774
0.00039002166993215716
0.00039467228611326876
0.0003757863809654111
0.00036155293207386135
0.00032367341896188294
0.00028763344012359987
0.00023287734295110936
0.00018348165309894004
0.0001245256787432311
8.069448953496382e-5
3.7453998701603034e-5
1.6562680348733722e-5
0.00016326657709230796
0.00016810536993908516
0.00016586628338438356
0.0001660694567961988
0.0001579482782905529
0.00014824236458193675
0.00013116802509464595
0.00011175421939434946
8.896840801276586e-5
6.49071243430247e-5
4.2863317268803934e-5
2.170326953510764e-5
9.520147443727016e-6
7.828360148611783e-5
8.341120928073854e-5
7.901628016769115e-5
7.887217484161539e-5
7.055559323048786e-5
6.422270966956084e-5
5.253830052504771e-5
4.3196346858082056e-5
3.081749943317839e-5
2.195379112486848e-5
1.1403245970888418e-5
5.8267362567628555e-6
4.495091873414232e-5
4.7167014661476945e-5
4.3529169523289133e-5
4.058591900542826e-5
3.3377524035077887e-5
2.7074123606239917e-5
1.956987766986732e-5
1.3746478201394366e-5
8.577635141030994e-6
4.489497769051273e-6
2.1913528225289726e-6
3.228458053980585e-5
3.324560672383537e-5
2.975604029420718e-5
2.5574956404668382e-5
1.9399865201818273e-5
1.3355677835021453e-5
8.409569909179838e-6
4.479364749243942e-6
2.1550154373871734e-6
7.85684740524073e-7
2.2358442816243117e-5
2.3275918616978597e-5
1.94047237765566e-5
1.6235661745034003e-5
1.0383582274758553e-5
6.603976974676973e-6
2.670034925406673e-6
1.1572440836587969e-6
7.1249466602311e-8
1.478212175699767e-5
1.442617895683874e-5
1.2203517593385485e-5
8.908642326165838e-6
5.576722749567484e-6
2.410814813868041e-6
8.567763984346552e-7
-9.49201736262099e-8
8.308399492643643e-6
8.33170812299098e-6
6.367950924216721e-6
4.67795472242482e-6
2.1864079905872343e-6
9.326723672235868e-7
-2.8129399030554912e-8
4.14851779422352e-6
3.7868819351538258e-6
3.0122888957528607e-6
1.7717627606509924e-6
8.372679015182376e-7
1.0569357289602172e-7
1.5641277206004023e-6
1.4898620594656579e-6
9.958591353746704e-7
5.892832321239332e-7
1.3279221006930692e-7
3.927865150170308e-7
2.965705706237871e-7
2.1459341315363773e-7
6.364102308624602e-8
2.7024704622658122e-8
3.084338245827812e-8
2.2764914351536543e-9
-5.726271073671007e-9
-1.0050477980701081e-8
-3.5811594600057424e-11
