1.0
0.9900997501198121
0.9801994984526957
0.9529607171914505
0.9262333657618927
0.8849820738819547
0.8451096522667586
0.7937095644426696
0.7447543554908677
0.6872828281758626
0.6333663731858068
0.5737952150421098
0.5187931403369375
0.46070794379219815
0.4079929874281103
0.35436641959790777
0.3066215375448044
0.2596707969037452
0.21878010525579894
0.17989063261725527
0.14689506190517626
0.11660564197774387
0.09171308380874699
0.06975823538579033
0.05241863912665436
0.03783637599645677
0.026881968475013587
0.018192986123315855
0.012060078898634885
0.007531790577789784
0.0045800589850450235
0.0025902280042822416
0.0014173323553657096
0.0007143083377516971
0.00035033682895452826
0.00016621631786937327
8.674599962281154e-5
5.3056779591022375e-5
3.8418740881142085e-5
2.9262155098010476e-5
2.1467030802055574e-5
1.4285836300429786e-5
8.946652632585842e-6
4.817410726237854e-6
2.303449743074498e-6
8.297287152971808e-7
2.2222715578211783e-7
2.6318368396157434e-8
3.1244822394894637e-9
-2.3224892921691263e-11
0.9900997501198121
0.9832491788514625
0.9708162081587445
0.9463676597742693
0.9175939048483326
0.8788564987525662
0.8373798977662946
0.7882088713336444
0.7380402643202585
0.6825088558568245
0.6277139011724603
0.5697982801349677
0.5141963711393963
0.4574915708312513
0.4044004637566657
0.3518959605591336
0.3039453805307664
0.25787690423667853
0.216900430903501
0.1786748369719519
0.1456675348443542
0.11584852679490606
0.09098212051869149
0.06933457307310124
0.05203429451436899
0.037630469589742976
0.026714394667489413
0.018112747947970097
0.012008861336440404
0.00751172134598963
0.004577682318637046
0.002591944200896674
0.001427762251428435
0.0007199390229915766
0.0003593138825779387
0.00017039722650918587
9.13160231340542e-5
5.531605662194868e-5
3.988496720407505e-5
3.0253682658155966e-5
2.1477048973568024e-5
1.4458077003091967e-5
8.645947196073367e-6
4.752834602983305e-6
2.125432495753894e-6
7.961168397344536e-7
1.860359708487891e-7
3.233842247075503e-8
-8.237251683484576e-10
0.9801994984526957
0.9708162081587445
0.9613795913873037
0.9348589573345137
0.9087931724024272
0.868418031518949
0.8293570566171304
0.778944014716987
0.7309005523624688
0.6744749118398397
0.6215193703654265
0.5630065853905727
0.5089694732750332
0.45191223363089406
0.4001280203265318
0.3474665045777828
0.3005856021611878
0.25450543169057543
0.21438124157980415
0.1762396633710513
0.14388605657415346
0.11420089878431712
0.08981095700185747
0.06831050824355618
0.05133412569744963
0.03706399664082203
0.026346999209800943
0.017847009541478515
0.0118454239696282
0.007410726424216111
0.004517295318808867
0.0025635177937122977
0.0014091737591519352
0.000714629487960725
0.0003531239179979679
0.0001683863470949953
8.74745062956568e-5
5.218638852266162e-5
3.6542364257916687e-5
2.6813682230901257e-5
1.9036509847624994e-5
1.2193849621462108e-5
7.41510100087797e-6
3.7976112816900197e-6
1.7480143508740887e-6
5.948172652075976e-7
1.4953640640692462e-7
1.3362573155778195e-8
0.9529607171914505
0.9463676597742693
0.9348589573345137
0.911760127811576
0.8842804259851584
0.8471858424351443
0.8072862508359075
0.7599651756086375
0.7115629574986143
0.6579977010818885
0.6050626032394946
0.5491391397239471
0.495402842501895
0.4406371239190031
0.38934204482051266
0.3386569223902156
0.29236996528483034
0.24794304928554534
0.2084398626585563
0.17162572848342994
0.1398537946283298
0.1111789677712382
0.08728312675655343
0.06650046980661023
0.04990536280810486
0.036101586849671005
0.025647499093001895
0.017413627977746825
0.011568383717625528
0.007257785926608361
0.004439841452317741
0.0025275531666629687
0.0014014272033776429
0.0007126368444235476
0.00035782704273814285
0.00016943669929914528
8.827085539869572e-5
5.0438872236761605e-5
3.3721066374421704e-5
2.4000437621692276e-5
1.59090158542828e-5
1.0124436503553382e-5
5.594245995020756e-6
2.8595829538221615e-6
1.1632269909782155e-6
4.0172914476292517e-7
7.063797370126716e-8
0.9262333657618927
0.9175939048483326
0.9087931724024272
0.8842804259851584
0.8600740269746273
0.8221358973429337
0.7853426656665184
0.7376694782011116
0.6921697746000072
0.6386547497012223
0.5883846001082809
0.5328192195887875
0.48148042306658906
0.42729014211637195
0.378105655524933
0.3281284939385427
0.28365330540338096
0.23998940950109526
0.201993775364566
0.16592632352168368
0.13535782333477137
0.10735414357543453
0.08436780527900906
0.06413923908936554
0.048184666134672115
0.0347960796868602
0.024750491465690305
0.01679115932078471
0.011171007304411453
0.007014686622164661
0.004296417403699863
0.0024540810531035787
0.0013596046263337914
0.0006956366183366045
0.00034575993880986547
0.00016347118957088378
8.141175778614672e-5
4.421504704342128e-5
2.7679327484777578e-5
1.8217227152589827e-5
1.1759899300357086e-5
6.6471331295217025e-6
3.6583703061795257e-6
1.5929909701110957e-6
6.62450637486183e-7
1.586608208735176e-7
0.8849820738819547
0.8788564987525662
0.868418031518949
0.8471858424351443
0.8221358973429337
0.788095974759942
0.7511406324516959
0.7072565190114347
0.6621478866472805
0.6122389966428607
0.5627767283420154
0.5105655671744477
0.4603155528792015
0.4091650631661632
0.36122378960781726
0.313924690286707
0.2707329286574171
0.22935096828081739
0.1925808216115399
0.15838083734355535
0.12889993677751127
0.1023476284450553
0.080255684189207
0.0610834902775326
0.04580353263830707
0.03312069890350854
0.023533080041673097
0.015994329348009637
0.010646007452033429
0.0067017605439125515
0.004117879013735816
0.002358473600731831
0.0013159494267028205
0.0006734324866232558
0.00033807392659398274
0.00015718993652045498
7.693649711414248e-5
3.888499614023224e-5
2.224007099723384e-5
1.3798550234770076e-5
7.691077348309477e-6
4.22888443497718e-6
1.8729721417725042e-6
8.119728335230677e-7
2.0719776011998632e-7
0.8451096522667586
0.8373798977662946
0.8293570566171304
0.8072862508359075
0.7853426656665184
0.7511406324516959
0.7178268986384116
0.6743469323830802
0.6327470904087723
0.5836873295563211
0.5375374211108493
0.48649272759604717
0.43929882940728626
0.38950555635653833
0.3443099835864561
0.29844233905532447
0.2576455124442436
0.21766654448890996
0.18291428783247504
0.15000370167570673
0.12215251637858895
0.09670935887097873
0.07586395303000214
0.05757711052703442
0.04318517105978939
0.031148588298718163
0.022137352257444128
0.015019754958853824
0.010000104204179598
0.006293022812831871
0.0038660583600999415
0.002218211358874356
0.0012341510256255448
0.0006332854784130587
0.00031328486074457386
0.00014427100451230016
6.673557142246774e-5
3.1245484377732114e-5
1.612197663398192e-5
8.555173292013875e-6
4.44997078860008e-6
1.8143251116835101e-6
8.032687607009984e-7
1.5842685229305374e-7
0.7937095644426696
0.7882088713336444
0.778944014716987
0.7599651756086375
0.7376694782011116
0.7072565190114347
0.6743469323830802
0.6351576384578075
0.5945655153784222
0.5496535967415854
0.5049530929154092
0.4578199757426997
0.412352794482223
0.3661481455203118
0.3227995223776494
0.2801219086981371
0.241153873888256
0.20391277512016134
0.1708567077150084
0.14020129671776999
0.11382678916850202
0.09015066379247086
0.07050461994780974
0.053516935968260154
0.04002284240152133
0.02886689127633728
0.020465527058505434
0.013885203028432892
0.009231591413025275
0.005808928909058401
0.003570107055534726
0.0020467621754504846
0.0011425189250714
0.0005831794108883246
0.00028940316845471305
0.00012974479795016273
5.850702389189023e-5
2.5009190987471064e-5
1.1260599748381797e-5
5.415644206771211e-6
2.0298607591901537e-6
7.962512857470203e-7
1.0923816390788864e-7
0.7447543554908677
0.7380402643202585
0.7309005523624688
0.7115629574986143
0.6921697746000072
0.6621478866472805
0.6327470904087723
0.5945655153784222
0.5578961390557677
0.5144623760921894
0.4735203245109874
0.42818287275337225
0.3862254466398434
0.3419803724662915
0.30181512120679477
0.2611183198660746
0.2249435373068952
0.18958401415107887
0.1588903181113008
0.12992235069866187
0.10546136788467389
0.0832097717074111
0.06503257125708085
0.04916619244343824
0.036724619491382574
0.026379781182085314
0.018668229531546565
0.012616505349651
0.008365422235484154
0.005245544359089779
0.0032097216025770677
0.0018352876279419744
0.001015787144992943
0.0005173291985581576
0.00025103920212017346
0.00011087920731155774
4.669760299082434e-5
1.8272530321839472e-5
7.076100401626127e-6
2.596142449595771e-6
8.47891208514051e-7
3.057627383695057e-8
0.6872828281758626
0.6825088558568245
0.6744749118398397
0.6579977010818885
0.6386547497012223
0.6122389966428607
0.5836873295563211
0.5496535967415854
0.5144623760921894
0.475497356829828
0.43648146363012064
0.3953879764350271
0.35562041571776754
0.31528934540009723
0.2774007282328917
0.2401966716175309
0.20622974240939462
0.17387370587975376
0.14519515155047033
0.11870448918234884
0.09597627884840813
0.0756693215804734
0.05888697584874392
0.04445585701053385
0.033054003925963964
0.02368857630162076
0.016683003301007773
0.011236891260327725
0.007415062962748506
0.004626340991844971
0.0028184653810825024
0.0015987141497259957
0.0008821735612374342
0.00044239011825671066
0.0002141023484475883
9.071232965432197e-5
3.722328605607866e-5
1.2842474758675646e-5
4.224945783145802e-6
1.3016869925397404e-6
1.2349055170443613e-7
0.6333663731858068
0.6277139011724603
0.6215193703654265
0.6050626032394946
0.5883846001082809
0.5627767283420154
0.5375374211108493
0.5049530929154092
0.4735203245109874
0.43648146363012064
0.4014581547903
0.36259561013157654
0.3265760667023449
0.28860983719614686
0.25413191871248425
0.21926880047898234
0.18829930220705768
0.15812855569029324
0.13198437384528067
0.107424389212554
0.08674670098492088
0.06804939865994263
0.052840223322833654
0.0396636435140159
0.02938946693359059
0.020925562875032742
0.014661621147276234
0.009802508683515896
0.006419065384444297
0.0039713330955448425
0.0023909079752557068
0.0013435161919633145
0.000726779786446293
0.00036056886814670304
0.00016756053007985634
6.975719564184862e-5
2.5833794988644493e-5
8.190214102010289e-6
1.9875670111077863e-6
3.5830762813045955e-7
0.5737952150421098
0.5697982801349677
0.5630065853905727
0.5491391397239471
0.5328192195887875
0.5105655671744477
0.48649272759604717
0.4578199757426997
0.42818287275337225
0.3953879764350271
0.36259561013157654
0.32808111457412736
0.29453229780476964
0.2605812656706511
0.2286276512398671
0.19734856124684585
0.16879419044747296
0.14170291818408765
0.11773746938134061
0.09571340326369446
0.0768899453205776
0.06017964787837239
0.04645155042978106
0.034739749264408086
0.025562199027510616
0.018097555971463657
0.012576271177414928
0.008337323903977468
0.005406881300120773
0.0033020548749922145
0.001966047025913437
0.0010821812674142854
0.0005784157388805773
0.00027636145779435503
0.00012682319233784308
4.840560767722486e-5
1.7619849895678637e-5
4.251478756621238e-6
8.674949094076544e-7
0.5187931403369375
0.5141963711393963
0.5089694732750332
0.495402842501895
0.48148042306658906
0.4603155528792015
0.43929882940728626
0.412352794482223
0.3862254466398434
0.35562041571776754
0.3265760667023449
0.29453229780476964
0.2647594127004608
0.23338192267998809
0.20486368000556948
0.17609763565084752
0.15055871112847194
0.12578504266169913
0.10436237222153076
0.08436226947615459
0.0675887678816378
0.052547291602336135
0.04038446069189677
0.029960710739765153
0.021900056502072048
0.015352495109797495
0.010562482986811937
0.006917151681947021
0.004417629357856924
0.002656364930389912
0.0015431107087456413
0.0008332473349188254
0.0004266036566830233
0.0001990260424903559
8.328276080841103e-5
3.08151571112525e-5
8.605568431122935e-6
2.0509468225179004e-6
0.46070794379219815
0.4574915708312513
0.45191223363089406
0.4406371239190031
0.42729014211637195
0.4091650631661632
0.38950555635653833
0.3661481455203118
0.3419803724662915
0.31528934540009723
0.28860983719614686
0.2605812656706511
0.23338192267998809
0.20591212560063363
0.17999147026936843
0.15470664817590551
0.13162775777750912
0.10983764124305964
0.09061219821569041
0.07305861408151494
0.05813687877115879
0.04500236943461575
0.034303452086691694
0.02527576873663435
0.01828952034039212
0.012687540501915288
0.008618077282002905
0.005553548651492404
0.0034894301095987523
0.002044413013545232
0.001163025600369899
0.0006002518299745959
0.0002997855441856514
0.00012758181729330254
5.1900017952406124e-5
1.469514026360163e-5
4.122057197161151e-6
0.4079929874281103
0.4044004637566657
0.4001280203265318
0.38934204482051266
0.378105655524933
0.36122378960781726
0.3443099835864561
0.3227995223776494
0.30181512120679477
0.2774007282328917
0.25413191871248425
0.2286276512398671
0.20486368000556948
0.17999147026936843
0.1573507902459621
0.1345787194711914
0.11436999960810654
0.09487540709250464
0.07806016534369606
0.0624897449091096
0.04949686642029708
0.03797800147230034
0.028738630124141715
0.02094135466476856
0.014984105823475412
0.010246889102571011
0.0068412233761550095
0.004326680885729508
0.00264413035339702
0.0015102150954212034
0.0008183073525198365
0.00040798375510950037
0.00018476624905434366
7.526531333596668e-5
2.330659676979398e-5
6.300627939966223e-6
0.35436641959790777
0.3518959605591336
0.3474665045777828
0.3386569223902156
0.3281284939385427
0.313924690286707
0.29844233905532447
0.2801219086981371
0.2611183198660746
0.2401966716175309
0.21926880047898234
0.19734856124684585
0.17609763565084752
0.15470664817590551
0.1345787194711914
0.11502196085064358
0.09717488862321874
0.08042377709118384
0.06569938256600155
0.0523646011598072
0.041113377457406404
0.03131859454955082
0.02343791078430732
0.016886403093617747
0.011910601682240623
0.008001216171473738
0.005242184762059747
0.0032225107191123092
0.0019198729101296782
0.0010430425472197505
0.0005457006599881374
0.00024589558338035486
0.0001064389255851516
3.299122194677441e-5
9.986796738853999e-6
0.3066215375448044
0.3039453805307664
0.3005856021611878
0.29236996528483034
0.28365330540338096
0.2707329286574171
0.2576455124442436
0.241153873888256
0.2249435373068952
0.20622974240939462
0.18829930220705768
0.16879419044747296
0.15055871112847194
0.13162775777750912
0.11436999960810654
0.09717488862321874
0.08192190521597986
0.06731279205121055
0.05475183766853039
0.04324795448148936
0.03371064793119541
0.025385051434947802
0.01877958642988032
0.013326726542761584
0.009230796449589396
0.006075518575904944
0.003865610095701148
0.0023114508326608175
0.0013091920096679778
0.0006833188025226147
0.0003225014377905586
0.0001370769406984946
4.498478755594186e-5
1.3012982107808762e-5
0.2596707969037452
0.25787690423667853
0.25450543169057543
0.24794304928554534
0.23998940950109526
0.22935096828081739
0.21766654448890996
0.20391277512016134
0.18958401415107887
0.17387370587975376
0.15812855569029324
0.14170291818408765
0.12578504266169913
0.10983764124305964
0.09487540709250464
0.08042377709118384
0.06731279205121055
0.055098549234335825
0.04441852948823194
0.03484608279691139
0.026855459964450046
0.019997258198016652
0.014575538550185965
0.010156890664529256
0.006895492646628219
0.004404605743179331
0.002726093441407136
0.0015480327990481733
0.0008438498171991443
0.00039713399967781365
0.00017719322552298367
5.676220953215587e-5
1.7551136295636668e-5
0.21878010525579894
0.216900430903501
0.21438124157980415
0.2084398626585563
0.201993775364566
0.1925808216115399
0.18291428783247504
0.1708567077150084
0.1588903181113008
0.14519515155047033
0.13198437384528067
0.11773746938134061
0.10436237222153076
0.09061219821569041
0.07806016534369606
0.06569938256600155
0.05475183766853039
0.04441852948823194
0.03557467941934392
0.02759298640456929
0.0210333824985795
0.015429336187854126
0.011047363325980518
0.007541571921378091
0.004969589185595923
0.003083021107247123
0.0018113479706873548
0.0009869686595430774
0.00048535484598692284
0.00021483679011846552
7.270854191562347e-5
2.128294270785623e-5
0.17989063261725527
0.1786748369719519
0.1762396633710513
0.17162572848342994
0.16592632352168368
0.15838083734355535
0.15000370167570673
0.14020129671776999
0.12992235069866187
0.11870448918234884
0.107424389212554
0.09571340326369446
0.08436226947615459
0.07305861408151494
0.0624897449091096
0.0523646011598072
0.04324795448148936
0.03484608279691139
0.02759298640456929
0.021181273620886707
0.015911085256952156
0.011470916950438857
0.008052315655854762
0.005337800783216051
0.003419801326728374
0.002011412367961051
0.0011344329347990542
0.0005565846482265453
0.00025823744963839897
8.643400990762148e-5
2.7254063944210245e-5
0.14689506190517626
0.1456675348443542
0.14388605657415346
0.1398537946283298
0.13535782333477137
0.12889993677751127
0.12215251637858895
0.11382678916850202
0.10546136788467389
0.09597627884840813
0.08674670098492088
0.0768899453205776
0.0675887678816378
0.05813687877115879
0.04949686642029708
0.041113377457406404
0.03371064793119541
0.026855459964450046
0.0210333824985795
0.015911085256952156
0.011755008289308644
0.008310640969287223
0.005670486936208187
0.0036557695608596084
0.0022247796733216433
0.0012542393622480155
0.0006364822796127224
0.0002934429685862652
0.00010353187989699547
3.1687656630982386e-5
0.11660564197774387
0.11584852679490606
0.11420089878431712
0.1111789677712382
0.10735414357543453
0.1023476284450553
0.09670935887097873
0.09015066379247086
0.0832097717074111
0.0756693215804734
0.06804939865994263
0.06017964787837239
0.052547291602336135
0.04500236943461575
0.03797800147230034
0.03131859454955082
0.025385051434947802
0.019997258198016652
0.015429336187854126
0.011470916950438857
0.008310640969287223
0.005715802904838113
0.0037976035980324245
0.002327020773429678
0.0013615210340959243
0.0006902555127493144
0.00032940042595967165
0.00011428342825827294
3.731959903062182e-5
0.09171308380874699
0.09098212051869149
0.08981095700185747
0.08728312675655343
0.08436780527900906
0.080255684189207
0.07586395303000214
0.07050461994780974
0.06503257125708085
0.05888697584874392
0.052840223322833654
0.04645155042978106
0.04038446069189677
0.034303452086691694
0.028738630124141715
0.02343791078430732
0.01877958642988032
0.014575538550185965
0.011047363325980518
0.008052315655854762
0.005670486936208187
0.0037976035980324245
0.002404242864482085
0.0014184578981081652
0.0007499410754971279
0.0003577319773431046
0.00012915552937116877
4.1094432604593014e-5
0.06975823538579033
0.06933457307310124
0.06831050824355618
0.06650046980661023
0.06413923908936554
0.0610834902775326
0.05757711052703442
0.053516935968260154
0.04916619244343824
0.04445585701053385
0.0396636435140159
0.034739749264408086
0.029960710739765153
0.02527576873663435
0.02094135466476856
0.016886403093617747
0.013326726542761584
0.010156890664529256
0.007541571921378091
0.005337800783216051
0.0036557695608596084
0.002327020773429678
0.0014184578981081652
0.0007575755701251501
0.000379422798088626
0.00013654510599677536
4.553632339557778e-5
0.05241863912665436
0.05203429451436899
0.05133412569744963
0.04990536280810486
0.048184666134672115
0.04580353263830707
0.04318517105978939
0.04002284240152133
0.036724619491382574
0.033054003925963964
0.02938946693359059
0.025562199027510616
0.021900056502072048
0.01828952034039212
0.014984105823475412
0.011910601682240623
0.009230796449589396
0.006895492646628219
0.004969589185595923
0.003419801326728374
0.0022247796733216433
0.0013615210340959243
0.0007499410754971279
0.000379422798088626
0.00014644622461753895
4.901953293943545e-5
0.03783637599645677
0.037630469589742976
0.03706399664082203
0.036101586849671005
0.0347960796868602
0.03312069890350854
0.031148588298718163
0.02886689127633728
0.026379781182085314
0.02368857630162076
0.020925562875032742
0.018097555971463657
0.015352495109797495
0.012687540501915288
0.010246889102571011
0.008001216171473738
0.006075518575904944
0.004404605743179331
0.003083021107247123
0.002011412367961051
0.0012542393622480155
0.0006902555127493144
0.0003577319773431046
0.00013654510599677536
4.901953293943545e-5
0.026881968475013587
0.026714394667489413
0.026346999209800943
0.025647499093001895
0.024750491465690305
0.023533080041673097
0.022137352257444128
0.020465527058505434
0.018668229531546565
0.016683003301007773
0.014661621147276234
0.012576271177414928
0.010562482986811937
0.008618077282002905
0.0068412233761550095
0.005242184762059747
0.003865610095701148
0.002726093441407136
0.0018113479706873548
0.0011344329347990542
0.0006364822796127224
0.00032940042595967165
0.00012915552937116877
4.553632339557778e-5
0.018192986123315855
0.018112747947970097
0.017847009541478515
0.017413627977746825
0.01679115932078471
0.015994329348009637
0.015019754958853824
0.013885203028432892
0.012616505349651
0.011236891260327725
0.009802508683515896
0.008337323903977468
0.006917151681947021
0.005553548651492404
0.004326680885729508
0.0032225107191123092
0.0023114508326608175
0.0015480327990481733
0.0009869686595430774
0.0005565846482265453
0.0002934429685862652
0.00011428342825827294
4.1094432604593014e-5
0.012060078898634885
0.012008861336440404
0.0118454239696282
0.011568383717625528
0.011171007304411453
0.010646007452033429
0.010000104204179598
0.009231591413025275
0.008365422235484154
0.007415062962748506
0.006419065384444297
0.005406881300120773
0.004417629357856924
0.0034894301095987523
0.00264413035339702
0.0019198729101296782
0.0013091920096679778
0.0008438498171991443
0.00048535484598692284
0.00025823744963839897
0.00010353187989699547
3.731959903062182e-5
0.007531790577789784
0.00751172134598963
0.007410726424216111
0.007257785926608361
0.007014686622164661
0.0067017605439125515
0.006293022812831871
0.005808928909058401
0.005245544359089779
0.004626340991844971
0.0039713330955448425
0.0033020548749922145
0.002656364930389912
0.002044413013545232
0.0015102150954212034
0.0010430425472197505
0.0006833188025226147
0.00039713399967781365
0.00021483679011846552
8.643400990762148e-5
3.1687656630982386e-5
0.0045800589850450235
0.004577682318637046
0.004517295318808867
0.004439841452317741
0.004296417403699863
0.004117879013735816
0.0038660583600999415
0.003570107055534726
0.0032097216025770677
0.0028184653810825024
0.0023909079752557068
0.001966047025913437
0.0015431107087456413
0.001163025600369899
0.0008183073525198365
0.0005457006599881374
0.0003225014377905586
0.00017719322552298367
7.270854191562347e-5
2.7254063944210245e-5
0.0025902280042822416
0.002591944200896674
0.0025635177937122977
0.0025275531666629687
0.0024540810531035787
0.002358473600731831
0.002218211358874356
0.0020467621754504846
0.0018352876279419744
0.0015987141497259957
0.0013435161919633145
0.0010821812674142854
0.0008332473349188254
0.0006002518299745959
0.00040798375510950037
0.00024589558338035486
0.0001370769406984946
5.676220953215587e-5
2.128294270785623e-5
0.0014173323553657096
0.001427762251428435
0.0014091737591519352
0.0014014272033776429
0.0013596046263337914
0.0013159494267028205
0.0012341510256255448
0.0011425189250714
0.001015787144992943
0.0008821735612374342
0.000726779786446293
0.0005784157388805773
0.0004266036566830233
0.0002997855441856514
0.00018476624905434366
0.0001064389255851516
4.498478755594186e-5
1.7551136295636668e-5
0.0007143083377516971
0.0007199390229915766
0.000714629487960725
0.0007126368444235476
0.0006956366183366045
0.0006734324866232558
0.0006332854784130587
0.0005831794108883246
0.0005173291985581576
0.00044239011825671066
0.00036056886814670304
0.00027636145779435503
0.0001990260424903559
0.00012758181729330254
7.526531333596668e-5
3.299122194677441e-5
1.3012982107808762e-5
0.00035033682895452826
0.0003593138825779387
0.0003531239179979679
0.00035782704273814285
0.00034575993880986547
0.00033807392659398274
0.00031328486074457386
0.00028940316845471305
0.00025103920212017346
0.0002141023484475883
0.00016756053007985634
0.00012682319233784308
8.328276080841103e-5
5.1900017952406124e-5
2.330659676979398e-5
9.986796738853999e-6
0.00016621631786937327
0.00017039722650918587
0.0001683863470949953
0.00016943669929914528
0.00016347118957088378
0.00015718993652045498
0.00014427100451230016
0.00012974479795016273
0.00011087920731155774
9.071232965432197e-5
6.975719564184862e-5
4.840560767722486e-5
3.08151571112525e-5
1.469514026360163e-5
6.300627939966223e-6
8.674599962281154e-5
9.13160231340542e-5
8.74745062956568e-5
8.827085539869572e-5
8.141175778614672e-5
7.693649711414248e-5
6.673557142246774e-5
5.850702389189023e-5
4.669760299082434e-5
3.722328605607866e-5
2.5833794988644493e-5
1.7619849895678637e-5
8.605568431122935e-6
4.122057197161151e-6
5.3056779591022375e-5
5.531605662194868e-5
5.218638852266162e-5
5.0438872236761605e-5
4.421504704342128e-5
3.888499614023224e-5
3.1245484377732114e-5
2.5009190987471064e-5
1.8272530321839472e-5
1.2842474758675646e-5
8.190214102010289e-6
4.251478756621238e-6
2.0509468225179004e-6
3.8418740881142085e-5
3.988496720407505e-5
3.6542364257916687e-5
3.3721066374421704e-5
2.7679327484777578e-5
2.224007099723384e-5
1.612197663398192e-5
1.1260599748381797e-5
7.076100401626127e-6
4.224945783145802e-6
1.9875670111077863e-6
8.674949094076544e-7
2.9262155098010476e-5
3.0253682658155966e-5
2.6813682230901257e-5
2.4000437621692276e-5
1.8217227152589827e-5
1.3798550234770076e-5
8.555173292013875e-6
5.415644206771211e-6
2.596142449595771e-6
1.3016869925397404e-6
3.5830762813045955e-7
2.1467030802055574e-5
2.1477048973568024e-5
1.9036509847624994e-5
1.59090158542828e-5
1.1759899300357086e-5
7.691077348309477e-6
4.44997078860008e-6
2.0298607591901537e-6
8.47891208514051e-7
1.2349055170443613e-7
1.4285836300429786e-5
1.4458077003091967e-5
1.2193849621462108e-5
1.0124436503553382e-5
6.6471331295217025e-6
4.22888443497718e-6
1.8143251116835101e-6
7.962512857470203e-7
3.057627383695057e-8
8.946652632585842e-6
8.645947196073367e-6
7.41510100087797e-6
5.594245995020756e-6
3.6583703061795257e-6
1.8729721417725042e-6
8.032687607009984e-7
1.0923816390788864e-7
4.817410726237854e-6
4.752834602983305e-6
3.7976112816900197e-6
2.8595829538221615e-6
1.5929909701110957e-6
8.119728335230677e-7
1.5842685229305374e-7
2.303449743074498e-6
2.125432495753894e-6
1.7480143508740887e-6
1.1632269909782155e-6
6.62450637486183e-7
2.0719776011998632e-7
8.297287152971808e-7
7.961168397344536e-7
5.948172652075976e-7
4.0172914476292517e-7
1.586608208735176e-7
2.2222715578211783e-7
1.860359708487891e-7
1.4953640640692462e-7
7.063797370126716e-8
2.6318368396157434e-8
3.233842247075503e-8
1.3362573155778195e-8
3.1244822394894637e-9
-8.237251683484576e-10
-2.3224892921691263e-11
