1.0
0.9656024534950203
0.9312049065886326
0.84517214963803
0.7649579494498225
0.6525426591619229
0.5537333060606109
0.4407582202875281
0.34760434453140643
0.25401205182900366
0.18265537070602728
0.11881022161425944
0.07517193171069711
0.041120763156223115
0.021530382566075004
0.009000855689303483
0.003548794534471965
0.0009624622402087798
0.00028734768154143285
7.478779226188912e-5
6.408898415975e-5
3.086292814923253e-5
1.6065078130414616e-5
2.854760015521916e-6
1.064155059538124e-7
0.9656024534950203
0.9438107221313212
0.9008610101606879
0.8261624354087953
0.7405996368507338
0.6379523718701409
0.5360845047507365
0.4310354469437323
0.3363393492924028
0.24865601020607506
0.17661596863971626
0.11663086096922474
0.07263291233780521
0.0406629786803049
0.02077591827156802
0.009103853364334084
0.0034100014307674974
0.0010798304984201115
0.0002673168129517591
0.00011667367071901937
5.666638551091819e-5
3.8984822335740794e-5
1.2744377234682311e-5
3.3889931143018528e-6
0.9312049065886326
0.9008610101606879
0.8701211474456048
0.7901729967044696
0.7154259486741242
0.6100406482216797
0.5173764324728135
0.4113027378734689
0.32398189985203557
0.23632554084676052
0.16971083135324508
0.1101897428012631
0.06967805389302298
0.0381055893934726
0.0200352168791114
0.008431267817400027
0.00338118508206652
0.0009429909090147263
0.00029269176290107465
7.260810605375725e-5
5.3599042158039226e-5
1.9046456781708104e-5
8.013563097340631e-6
0.84517214963803
0.8261624354087953
0.7901729967044696
0.7261778658540422
0.6507828095027601
0.5605341853523098
0.47003715487359665
0.3772366920304341
0.29326009133857744
0.21612187578766273
0.15274666152144395
0.1004977024468034
0.062255781953339945
0.03479867218854075
0.017753839483600084
0.007858910571381812
0.002969591584776348
0.0009638855229570498
0.0002306262894016167
8.496092834659307e-5
2.5012099890896695e-5
1.3256622475056888e-5
0.7649579494498225
0.7405996368507338
0.7154259486741242
0.6507828095027601
0.5898708527406573
0.5021769364870741
0.4250887857096721
0.33644501027416895
0.26384246125731026
0.19105776743121208
0.13629894998787065
0.08761024741650421
0.05498052205208209
0.029715767147798604
0.015555905198529582
0.006496753740320751
0.0026270175596682624
0.0007238480697575656
0.0002153776861133205
3.4117540498171345e-5
1.7730818896504448e-5
0.6525426591619229
0.6379523718701409
0.6100406482216797
0.5605341853523098
0.5021769364870741
0.4324002259854218
0.36089458525653795
0.2883371056760096
0.2221552046023708
0.16228381878453468
0.11310087597052802
0.07341434790495029
0.04456891431415175
0.02445838028167544
0.012125610738344113
0.005256768462614562
0.0018948244386556244
0.000598691197086193
0.00011484409416172544
3.1574354014654505e-5
0.5537333060606109
0.5360845047507365
0.5173764324728135
0.47003715487359665
0.4250887857096721
0.36089458525653795
0.3044176892483153
0.2387952079448115
0.18551026340928645
0.13215792862613895
0.09275096176570595
0.05802860157763906
0.03549806248141893
0.01833793115766435
0.0092240999601406
0.0035493831148479195
0.001344229966505074
0.0003010402349764902
7.78447625359233e-5
0.4407582202875281
0.4310354469437323
0.4113027378734689
0.3772366920304341
0.33644501027416895
0.2883371056760096
0.2387952079448115
0.18922107845750166
0.1433264534571787
0.10282530304032382
0.0695504080473027
0.043720477066199984
0.02520532809952536
0.013066576601148652
0.005862506006891395
0.002288127548871003
0.000642180823224273
0.0001652451972366199
0.34760434453140643
0.3363393492924028
0.32398189985203557
0.29326009133857744
0.26384246125731026
0.2221552046023708
0.18551026340928645
0.1433264534571787
0.10947958735238703
0.07560180607061333
0.051356117965935276
0.030310988408127723
0.017490953643128693
0.008028953921655086
0.0036082262907010934
0.0010294407854806377
0.0003021848918931853
0.25401205182900366
0.24865601020607506
0.23632554084676052
0.21612187578766273
0.19105776743121208
0.16228381878453468
0.13215792862613895
0.10282530304032382
0.07560180607061333
0.05251985246403853
0.03352071806645925
0.019768006468583062
0.010140645559337465
0.00460697813855323
0.0015358345760780445
0.00043738141704070317
0.18265537070602728
0.17661596863971626
0.16971083135324508
0.15274666152144395
0.13629894998787065
0.11310087597052802
0.09275096176570595
0.0695504080473027
0.051356117965935276
0.03352071806645925
0.021475157213739094
0.011236766067208023
0.0057523740583057745
0.0019091846356895864
0.0006483390143472704
0.11881022161425944
0.11663086096922474
0.1101897428012631
0.1004977024468034
0.08761024741650421
0.07341434790495029
0.05802860157763906
0.043720477066199984
0.030310988408127723
0.019768006468583062
0.011236766067208023
0.0058716596886011505
0.002231019415744671
0.0007278735631052687
0.07517193171069711
0.07263291233780521
0.06967805389302298
0.062255781953339945
0.05498052205208209
0.04456891431415175
0.03549806248141893
0.02520532809952536
0.017490953643128693
0.010140645559337465
0.0057523740583057745
0.002231019415744671
0.0008871156493222336
0.041120763156223115
0.0406629786803049
0.0381055893934726
0.03479867218854075
0.029715767147798604
0.02445838028167544
0.01833793115766435
0.013066576601148652
0.008028953921655086
0.00460697813855323
0.0019091846356895864
0.0007278735631052687
0.021530382566075004
0.02077591827156802
0.0200352168791114
0.017753839483600084
0.015555905198529582
0.012125610738344113
0.0092240999601406
0.005862506006891395
0.0036082262907010934
0.0015358345760780445
0.0006483390143472704
0.009000855689303483
0.009103853364334084
0.008431267817400027
0.007858910571381812
0.006496753740320751
0.005256768462614562
0.0035493831148479195
0.002288127548871003
0.0010294407854806377
0.00043738141704070317
0.003548794534471965
0.0034100014307674974
0.00338118508206652
0.002969591584776348
0.0026270175596682624
0.0018948244386556244
0.001344229966505074
0.000642180823224273
0.0003021848918931853
0.0009624622402087798
0.0010798304984201115
0.0009429909090147263
0.0009638855229570498
0.0007238480697575656
0.000598691197086193
0.0003010402349764902
0.0001652451972366199
0.00028734768154143285
0.0002673168129517591
0.00029269176290107465
0.0002306262894016167
0.0002153776861133205
0.00011484409416172544
7.78447625359233e-5
7.478779226188912e-5
0.00011667367071901937
7.260810605375725e-5
8.496092834659307e-5
3.4117540498171345e-5
3.1574354014654505e-5
6.408898415975e-5
5.666638551091819e-5
5.3599042158039226e-5
2.5012099890896695e-5
1.7730818896504448e-5
3.086292814923253e-5
3.8984822335740794e-5
1.9046456781708104e-5
1.3256622475056888e-5
1.6065078130414616e-5
1.2744377234682311e-5
8.013563097340631e-6
2.854760015521916e-6
3.3889931143018528e-6
1.064155059538124e-7
