1.0
0.9857271861503648
0.9714543706252332
0.932963550683949
0.8955464512656005
0.8388716914441274
0.7850153552130075
0.7170776459158591
0.6539620733509824
0.5817600338660384
0.5162596197514145
0.4461242700546286
0.3841271283017808
0.3211368245196229
0.2670784060312028
0.21470177776111538
0.17131771889245972
0.1312633981086154
0.0995291151061174
0.07177421027430143
0.05102792279263506
0.03403542012486745
0.022286729648833877
0.013435223819267294
0.007911510196252624
0.0041736393612510705
0.002149303447041329
0.0009565003751523092
0.0004283294564757284
0.00016944268621687793
8.91474941496073e-5
5.152627154687136e-5
4.1907690251297956e-5
2.8010935388597302e-5
1.9302520539656263e-5
1.0360108614995896e-5
5.3442750297606455e-6
1.8309531038547106e-6
4.7079503560295876e-7
3.9425170700578216e-8
4.529138388316472e-11
0.9857271861503648
0.9763284163158877
0.9581117147790278
0.9240797010293029
0.8835566619575235
0.8308982502567116
0.774659223298565
0.7102757078505983
0.6453840338839321
0.5762571506289375
0.5094757039394164
0.44192941264631397
0.37904817613774905
0.3181644286676389
0.26352457403651497
0.21278671333727364
0.16903241058720744
0.13017820360179458
0.09820631081591712
0.07126577414384908
0.05035645981941544
0.03386851144783527
0.021999594428753454
0.013428211273942718
0.007813307264026164
0.004212974156264035
0.0021241907349432636
0.0009916684521953647
0.0004236503215465941
0.00018929637670166364
8.788726890238753e-5
5.9626042671169036e-5
4.067689627679198e-5
3.0398518805601997e-5
1.8129181532396918e-5
1.0750759207813831e-5
4.728773618813893e-6
1.921981194129547e-6
3.323852551363815e-7
3.393249307834442e-8
0.9714543706252332
0.9581117147790278
0.9446902866737505
0.9075344775038642
0.8713571777048668
0.8163095207015306
0.7639576890518696
0.6978166434434308
0.6363473362665155
0.5659880351258565
0.5021549957793451
0.4338026197725402
0.3733995612072127
0.31204718442513846
0.25942618238977
0.20846604714487782
0.16628743698458212
0.12736513828069776
0.09655437580498162
0.06961874518293593
0.04950412898036263
0.03303442348594474
0.02165754048820886
0.013079343119756198
0.007724533645426529
0.004092286792721186
0.002121113287664614
0.0009528863919933907
0.0004317087980164188
0.00017237425204529006
8.929781583376211e-5
4.907182286324181e-5
3.8014292509689145e-5
2.3773979231995215e-5
1.568050757479402e-5
7.752939940178702e-6
3.881025677581668e-6
1.1461768861612399e-6
2.56432249234008e-7
0.932963550683949
0.9240797010293029
0.9075344775038642
0.8759851630438984
0.837853684999672
0.7882107626107125
0.7348602719148954
0.6738090824740744
0.61206942888978
0.5463714309292764
0.48278042749090405
0.41855781757764415
0.35871635798071366
0.3008870802591606
0.2489789125526044
0.20088319927605508
0.1594187885055036
0.122683380675076
0.0924704768287898
0.06707486484929397
0.047378047380489105
0.03188575661212303
0.020735754214547663
0.012695837066799935
0.007416328593609974
0.004026497847152726
0.002047069795409913
0.0009670774399392362
0.0004168990304545265
0.00018498585288008465
8.093571838198522e-5
4.989651346890666e-5
3.0027364842337577e-5
2.0675941019949288e-5
1.0741468709730346e-5
5.948832694253508e-6
2.117871632517961e-6
7.374966127758011e-7
0.8955464512656005
0.8835566619575235
0.8713571777048668
0.837853684999672
0.8050847897725347
0.7544677882157027
0.7062359119690956
0.6449880450277963
0.5880239958068961
0.522697695590918
0.4634395495101469
0.3999603192967807
0.3439184225188166
0.28702833074846823
0.23832204674078822
0.19120902437401063
0.15231012299591784
0.11646835341213606
0.08817995187341778
0.06349113279966388
0.045118969572982455
0.03009811900098355
0.019757555360369786
0.011960940561742045
0.00709980321425899
0.00378730314078864
0.001982377746924524
0.0009003789172787042
0.00041086584221653534
0.00016106561590089802
7.683139780181968e-5
3.5345492643685463e-5
2.383166961762399e-5
1.206566723210668e-5
7.116836671244474e-6
2.55906682103838e-6
1.0244640973161038e-6
0.8388716914441274
0.8308982502567116
0.8163095207015306
0.7882107626107125
0.7544677882157027
0.7103023859641285
0.662227767485248
0.6072334989726627
0.5512515099307999
0.49179805324075104
0.4340445400154847
0.37588141007064524
0.3215900830298761
0.2693077790068192
0.22236154182110549
0.17904501233499676
0.14172691469092674
0.10882227204817906
0.0818001529933739
0.05920739236775571
0.041719392708768746
0.02804397698321024
0.018219234724638458
0.011172099361703072
0.006539375484943283
0.0035713100790118507
0.0018246535879788376
0.0008677754247674483
0.0003720708568316859
0.0001595677290796638
6.150410107303778e-5
3.1553655375807844e-5
1.4461662576848524e-5
8.42555238245244e-6
2.8606809413058058e-6
1.2153936396306674e-6
0.7850153552130075
0.774659223298565
0.7639576890518696
0.7348602719148954
0.7062359119690956
0.662227767485248
0.6201447783049968
0.5661898637576614
0.5159531815967904
0.4581361781364078
0.40571169780469696
0.34950356485700135
0.2999635272002719
0.24970651672450528
0.20680442809716504
0.16538118355238488
0.131324821590879
0.1000302129636521
0.07546743311717823
0.05410197705161784
0.038310356693134345
0.025448155522165106
0.016662907165184683
0.010059007318808162
0.005969126801016279
0.003181791031819653
0.0016689962171722258
0.0007556457164847532
0.00034110845068314213
0.00012653040897091304
5.327361611292358e-5
1.826827017366096e-5
9.939645806123514e-6
2.989120508178758e-6
1.2761186019364428e-6
0.7170776459158591
0.7102757078505983
0.6978166434434308
0.6738090824740744
0.6449880450277963
0.6072334989726627
0.5661898637576614
0.5192124946024338
0.4708905885821543
0.419707150350902
0.36971048816905583
0.31956161248885956
0.2726234088160572
0.2276509154609265
0.18724003950283732
0.15018553038308255
0.11829778554390118
0.09039397944083474
0.06754044929731343
0.0486046994778076
0.03400726220294863
0.02271361435375412
0.014641608446348665
0.008922486636816515
0.0051777815809531435
0.0028107200126319372
0.0014200183387409397
0.0006689749884298494
0.00027756599827544626
0.00011228272023560743
3.604104768030931e-5
1.4663569988955022e-5
4.022427205487745e-6
1.6582546062327242e-6
0.6539620733509824
0.6453840338839321
0.6363473362665155
0.61206942888978
0.5880239958068961
0.5512515099307999
0.5159531815967904
0.4708905885821543
0.4288501792266452
0.3801735823486895
0.33605894294721134
0.288677490177648
0.24701344785279605
0.20477268961198092
0.1688618883149429
0.13427264191450475
0.10601348114774221
0.08015162884622411
0.06002999894941758
0.04262627346574163
0.029911176554157533
0.019629453737961718
0.01271172555651186
0.007557143737058208
0.004423996337501825
0.0023098529093947304
0.001190349173094025
0.0005209299852812125
0.00022710851752327647
7.578975949210563e-5
2.7453377317422593e-5
5.772673465536415e-6
2.2716793035551862e-6
0.5817600338660384
0.5762571506289375
0.5659880351258565
0.5463714309292764
0.522697695590918
0.49179805324075104
0.4581361781364078
0.419707150350902
0.3801735823486895
0.33840749809757875
0.2972715456314228
0.2562198105365128
0.2176381229598404
0.18092160939453822
0.14789055338269555
0.11786423015275586
0.09206451834610019
0.06973769962525538
0.05152936038814483
0.03665368796322826
0.02526701282679992
0.016615555524752672
0.010496046663545696
0.006264671378596575
0.0035319041803750354
0.0018631794150681881
0.0009001044986059553
0.00040621805442257156
0.0001537558411035098
5.666153434215212e-5
1.3023637315920858e-5
3.920658679782959e-6
0.5162596197514145
0.5094757039394164
0.5021549957793451
0.48278042749090405
0.4634395495101469
0.4340445400154847
0.40571169780469696
0.36971048816905583
0.33605894294721134
0.2972715456314228
0.26211748730165146
0.22423796391942372
0.19102284654376267
0.15736127044962625
0.12890227200675008
0.10157590768305035
0.07944830573412844
0.05931568525586557
0.043857627307288614
0.030602557341968473
0.021097504642630157
0.013504319187168129
0.0085315375242672
0.004890339071893007
0.0027621832829391895
0.0013618106425664026
0.0006653481505948693
0.0002624522441111354
0.00010406462453406158
2.6092956787748985e-5
7.636736799602691e-6
0.4461242700546286
0.44192941264631397
0.4338026197725402
0.41855781757764415
0.3999603192967807
0.37588141007064524
0.34950356485700135
0.31956161248885956
0.288677490177648
0.2562198105365128
0.22423796391942372
0.1925056756617977
0.1625000161874944
0.13419376250899584
0.1086818623595883
0.08576362613186396
0.06611174185417719
0.049373277195292005
0.035808914964720925
0.02496271987017891
0.016753069131935514
0.010697514089201207
0.006492667606135667
0.0037104094451814672
0.001961906127856047
0.0009670304688468914
0.000416151321595561
0.00016767852934266436
4.75028901218138e-5
1.3829862813762364e-5
0.3841271283017808
0.37904817613774905
0.3733995612072127
0.35871635798071366
0.3439184225188166
0.3215900830298761
0.2999635272002719
0.2726234088160572
0.24701344785279605
0.2176381229598404
0.19102284654376267
0.1625000161874944
0.13756639969225135
0.11229775384639178
0.09109209837438455
0.07081267453005383
0.05459727244965397
0.03996056493994573
0.02894041857555413
0.019610246188423018
0.01311728310030452
0.00802796385393229
0.004847137282103781
0.00258515416642762
0.001358314851704646
0.0005867606789635394
0.0002531421169430677
7.301817049831475e-5
2.234846910880936e-5
0.3211368245196229
0.3181644286676389
0.31204718442513846
0.3008870802591606
0.28702833074846823
0.2693077790068192
0.24970651672450528
0.2276509154609265
0.20477268961198092
0.18092160939453822
0.15736127044962625
0.13419376250899584
0.11229775384639178
0.09187252931148955
0.0734136907752242
0.057099162656526564
0.04314835908222007
0.03153379141933376
0.022203795223017728
0.014981813602195857
0.009609406146795526
0.005835178159063085
0.003291973351639005
0.0017358402408932676
0.0008024136722350927
0.0003424147090569267
0.00010689277365529721
3.198177880207856e-5
0.2670784060312028
0.26352457403651497
0.25942618238977
0.2489789125526044
0.23832204674078822
0.22236154182110549
0.20680442809716504
0.18724003950283732
0.1688618883149429
0.14789055338269555
0.12890227200675008
0.1086818623595883
0.09109209837438455
0.0734136907752242
0.05872904636164095
0.04475894337450394
0.03378972059091027
0.023994284422693697
0.016833797465433023
0.010877058964850302
0.006925666351233616
0.003916621108786783
0.002186013703220497
0.0010107746123480931
0.0004613584823634914
0.0001411924487429656
4.5122183175835014e-5
0.21470177776111538
0.21278671333727364
0.20846604714487782
0.20088319927605508
0.19120902437401063
0.17904501233499676
0.16538118355238488
0.15018553038308255
0.13427264191450475
0.11786423015275586
0.10157590768305035
0.08576362613186396
0.07081267453005383
0.057099162656526564
0.04475894337450394
0.034100255662273635
0.025018562012857088
0.017706240513676145
0.01190362053477886
0.007632189934338814
0.004532009048781513
0.002524908092226211
0.001237130549199181
0.0005612428415814471
0.0001861076745018696
5.6700743088992136e-5
0.17131771889245972
0.16903241058720744
0.16628743698458212
0.1594187885055036
0.15231012299591784
0.14172691469092674
0.131324821590879
0.11829778554390118
0.10601348114774221
0.09206451834610019
0.07944830573412844
0.06611174185417719
0.05459727244965397
0.04314835908222007
0.03378972059091027
0.025018562012857088
0.0183198626527325
0.012421881777138736
0.008304666682241836
0.0049613844745097285
0.0029147235739557633
0.001418832116929668
0.0006852567672494107
0.00022379314880919318
7.558304625538227e-5
0.1312633981086154
0.13017820360179458
0.12736513828069776
0.122683380675076
0.11646835341213606
0.10882227204817906
0.1000302129636521
0.09039397944083474
0.08015162884622411
0.06973769962525538
0.05931568525586557
0.049373277195292005
0.03996056493994573
0.03153379141933376
0.023994284422693697
0.017706240513676145
0.012421881777138736
0.008381660708949069
0.005227705387824597
0.0030889503325239255
0.0015914479459309737
0.0007585037410907155
0.0002642294864592608
8.536085096346824e-5
0.0995291151061174
0.09820631081591712
0.09655437580498162
0.0924704768287898
0.08817995187341778
0.0818001529933739
0.07546743311717823
0.06754044929731343
0.06002999894941758
0.05152936038814483
0.043857627307288614
0.035808914964720925
0.02894041857555413
0.022203795223017728
0.016833797465433023
0.01190362053477886
0.008304666682241836
0.005227705387824597
0.003242626204598484
0.0016813187802184025
0.0008588161466382332
0.00029270435662201276
0.00010442179518401053
0.07177421027430143
0.07126577414384908
0.06961874518293593
0.06707486484929397
0.06349113279966388
0.05920739236775571
0.05410197705161784
0.0486046994778076
0.04262627346574163
0.03665368796322826
0.030602557341968473
0.02496271987017891
0.019610246188423018
0.014981813602195857
0.010877058964850302
0.007632189934338814
0.0049613844745097285
0.0030889503325239255
0.0016813187802184025
0.000864353704576976
0.00032025286885172026
0.00010820174717822758
0.05102792279263506
0.05035645981941544
0.04950412898036263
0.047378047380489105
0.045118969572982455
0.041719392708768746
0.038310356693134345
0.03400726220294863
0.029911176554157533
0.02526701282679992
0.021097504642630157
0.016753069131935514
0.01311728310030452
0.009609406146795526
0.006925666351233616
0.004532009048781513
0.0029147235739557633
0.0015914479459309737
0.0008588161466382332
0.00032025286885172026
0.00012496392211385648
0.03403542012486745
0.03386851144783527
0.03303442348594474
0.03188575661212303
0.03009811900098355
0.02804397698321024
0.025448155522165106
0.02271361435375412
0.019629453737961718
0.016615555524752672
0.013504319187168129
0.010697514089201207
0.00802796385393229
0.005835178159063085
0.003916621108786783
0.002524908092226211
0.001418832116929668
0.0007585037410907155
0.00029270435662201276
0.00010820174717822758
0.022286729648833877
0.021999594428753454
0.02165754048820886
0.020735754214547663
0.019757555360369786
0.018219234724638458
0.016662907165184683
0.014641608446348665
0.01271172555651186
0.010496046663545696
0.0085315375242672
0.006492667606135667
0.004847137282103781
0.003291973351639005
0.002186013703220497
0.001237130549199181
0.0006852567672494107
0.0002642294864592608
0.00010442179518401053
0.013435223819267294
0.013428211273942718
0.013079343119756198
0.012695837066799935
0.011960940561742045
0.011172099361703072
0.010059007318808162
0.008922486636816515
0.007557143737058208
0.006264671378596575
0.004890339071893007
0.0037104094451814672
0.00258515416642762
0.0017358402408932676
0.0010107746123480931
0.0005612428415814471
0.00022379314880919318
8.536085096346824e-5
0.007911510196252624
0.007813307264026164
0.007724533645426529
0.007416328593609974
0.00709980321425899
0.006539375484943283
0.005969126801016279
0.0051777815809531435
0.004423996337501825
0.0035319041803750354
0.0027621832829391895
0.001961906127856047
0.001358314851704646
0.0008024136722350927
0.0004613584823634914
0.0001861076745018696
7.558304625538227e-5
0.0041736393612510705
0.004212974156264035
0.004092286792721186
0.004026497847152726
0.00378730314078864
0.0035713100790118507
0.003181791031819653
0.0028107200126319372
0.0023098529093947304
0.0018631794150681881
0.0013618106425664026
0.0009670304688468914
0.0005867606789635394
0.0003424147090569267
0.0001411924487429656
5.6700743088992136e-5
0.002149303447041329
0.0021241907349432636
0.002121113287664614
0.002047069795409913
0.001982377746924524
0.0018246535879788376
0.0016689962171722258
0.0014200183387409397
0.001190349173094025
0.0009001044986059553
0.0006653481505948693
0.000416151321595561
0.0002531421169430677
0.00010689277365529721
4.5122183175835014e-5
0.0009565003751523092
0.0009916684521953647
0.0009528863919933907
0.0009670774399392362
0.0009003789172787042
0.0008677754247674483
0.0007556457164847532
0.0006689749884298494
0.0005209299852812125
0.00040621805442257156
0.0002624522441111354
0.00016767852934266436
7.301817049831475e-5
3.198177880207856e-5
0.0004283294564757284
0.0004236503215465941
0.0004317087980164188
0.0004168990304545265
0.00041086584221653534
0.0003720708568316859
0.00034110845068314213
0.00027756599827544626
0.00022710851752327647
0.0001537558411035098
0.00010406462453406158
4.75028901218138e-5
2.234846910880936e-5
0.00016944268621687793
0.00018929637670166364
0.00017237425204529006
0.00018498585288008465
0.00016106561590089802
0.0001595677290796638
0.00012653040897091304
0.00011228272023560743
7.578975949210563e-5
5.666153434215212e-5
2.6092956787748985e-5
1.3829862813762364e-5
8.91474941496073e-5
8.788726890238753e-5
8.929781583376211e-5
8.093571838198522e-5
7.683139780181968e-5
6.150410107303778e-5
5.327361611292358e-5
3.604104768030931e-5
2.7453377317422593e-5
1.3023637315920858e-5
7.636736799602691e-6
5.152627154687136e-5
5.9626042671169036e-5
4.907182286324181e-5
4.989651346890666e-5
3.5345492643685463e-5
3.1553655375807844e-5
1.826827017366096e-5
1.4663569988955022e-5
5.772673465536415e-6
3.920658679782959e-6
4.1907690251297956e-5
4.067689627679198e-5
3.8014292509689145e-5
3.0027364842337577e-5
2.383166961762399e-5
1.4461662576848524e-5
9.939645806123514e-6
4.022427205487745e-6
2.2716793035551862e-6
2.8010935388597302e-5
3.0398518805601997e-5
2.3773979231995215e-5
2.0675941019949288e-5
1.206566723210668e-5
8.42555238245244e-6
2.989120508178758e-6
1.6582546062327242e-6
1.9302520539656263e-5
1.8129181532396918e-5
1.568050757479402e-5
1.0741468709730346e-5
7.116836671244474e-6
2.8606809413058058e-6
1.2761186019364428e-6
1.0360108614995896e-5
1.0750759207813831e-5
7.752939940178702e-6
5.948832694253508e-6
2.55906682103838e-6
1.2153936396306674e-6
5.3442750297606455e-6
4.728773618813893e-6
3.881025677581668e-6
2.117871632517961e-6
1.0244640973161038e-6
1.8309531038547106e-6
1.921981194129547e-6
1.1461768861612399e-6
7.374966127758011e-7
4.7079503560295876e-7
3.323852551363815e-7
2.56432249234008e-7
3.9425170700578216e-8
3.393249307834442e-8
4.529138388316472e-11
