1.0
0.9678338024112823
0.9356676039773729
0.854755021540695
0.7786585295487461
0.6717231950244069
0.5761870404119556
0.4667219062136699
0.37417873829870696
0.28091155940058865
0.20711449434511428
0.1406471174902986
0.09253798368263741
0.05445159542359632
0.030297012330414173
0.014409598767226807
0.006195353246956798
0.0021197068314647667
0.0006067253574820946
0.00014223261220204617
5.46134722988031e-5
3.304105379578119e-5
2.159391508055315e-5
7.121151995411442e-6
2.2414990617371736e-6
-7.493647910214687e-9
0.9678338024112823
0.9459114232884724
0.9072422132123099
0.8353431072998433
0.7558278640001707
0.6563720256087922
0.559645329246309
0.45597386103474163
0.3636071971033396
0.274455299389416
0.20143553521964522
0.137518498841334
0.09018459649551487
0.05333490724054147
0.029691982428237684
0.014168337935928556
0.006174107785961821
0.0021127016914351143
0.0006424365403979354
0.00015673766747778802
5.919947363271803e-5
3.919566053969556e-5
1.8233154089126522e-5
8.123811902133088e-6
1.0713175024692499e-6
0.9356676039773729
0.9072422132123099
0.8782227954423305
0.8028219861647778
0.7315160089527336
0.6309600803609738
0.5408961870674355
0.43776916791999376
0.35051985097416255
0.2628119110362055
0.19346320671069236
0.13120827656605696
0.08620435547509735
0.05071096876430969
0.028248069869037037
0.013495096413201811
0.00585307330627335
0.002035390742684309
0.0006003469643008118
0.00014500449387753436
5.0745262610164195e-5
2.4047455620130663e-5
1.3452657682256277e-5
2.3190985750610384e-6
0.854755021540695
0.8353431072998433
0.8028219861647778
0.7405492109783627
0.6700660983673784
0.5818202688714743
0.49533148870070726
0.40286829007583125
0.32035426882189366
0.24105110741870556
0.17625591342586788
0.11983866306423986
0.07828701887552264
0.04612859699270155
0.02565254344878444
0.012277618977221339
0.005397457248802787
0.00187514535093862
0.0005783871773405733
0.00013416336733700852
3.6324206602386905e-5
1.745785746080452e-5
3.383507241334143e-6
0.7786585295487461
0.7558278640001707
0.7315160089527336
0.6700660983673784
0.6110183444695558
0.5266225691962378
0.4505700719030722
0.36355527049414366
0.2898294816037002
0.2161809590174052
0.15807245622240104
0.10645618500424678
0.06934056638153079
0.04047768400618664
0.02235603237746062
0.01064768778661558
0.004608087298087029
0.0016139262142069258
0.00046949802653220823
0.00010281739545222679
2.1768992411756806e-5
3.3625985485141867e-6
0.6717231950244069
0.6563720256087922
0.6309600803609738
0.5818202688714743
0.5266225691962378
0.45709283643978427
0.3878688751957886
0.3141498150753234
0.24817311689900753
0.18522435501472617
0.13406748690935513
0.08999423336630812
0.057972142226345676
0.033539129169489805
0.01831982450987234
0.008564032364923809
0.003687071338631882
0.001237113255096763
0.0003670055990877455
6.635615694303893e-5
9.06600196894295e-6
0.5761870404119556
0.559645329246309
0.5408961870674355
0.49533148870070726
0.4505700719030722
0.3878688751957886
0.3306731562788753
0.265205171283892
0.2095432384003781
0.15453902176566953
0.11126286070630795
0.07357389123820664
0.046756226613554636
0.026536970316979006
0.01408143224019509
0.006425596353127493
0.002590909779652417
0.0008464162272143854
0.00020385774101542203
3.635407425816271e-5
0.4667219062136699
0.45597386103474163
0.43776916791999376
0.40286829007583125
0.36355527049414366
0.3141498150753234
0.265205171283892
0.21320142249160925
0.1664111627367801
0.12220268136648933
0.08662988364293078
0.05649976597865411
0.0351781164814926
0.01934452739543056
0.009974134824150532
0.004235032574813259
0.001641643638684079
0.0004351068484161935
0.00010331144376215189
0.37417873829870696
0.3636071971033396
0.35051985097416255
0.32035426882189366
0.2898294816037002
0.24817311689900753
0.2095432384003781
0.1664111627367801
0.12943585912032662
0.09349239016968512
0.0653072117215877
0.041604015384300926
0.025032760239608317
0.013280603134421195
0.0063227253429139285
0.0025368610964925293
0.0007773479509142412
0.00018884909583055404
0.28091155940058865
0.274455299389416
0.2628119110362055
0.24105110741870556
0.2161809590174052
0.18522435501472617
0.15453902176566953
0.12220268136648933
0.09349239016968512
0.0667075602553523
0.04552901765192543
0.02804111766682472
0.016298884672681327
0.007966509442889066
0.0035816677559391413
0.001129136466127992
0.0003169164275038065
0.20711449434511428
0.20143553521964522
0.19346320671069236
0.17625591342586788
0.15807245622240104
0.13406748690935513
0.11126286070630795
0.08662988364293078
0.0653072117215877
0.04552901765192543
0.030106501968830236
0.017897205569476576
0.009599350844186012
0.004410935880181002
0.0015553839756525792
0.00043998132995250866
0.1406471174902986
0.137518498841334
0.13120827656605696
0.11983866306423986
0.10645618500424678
0.08999423336630812
0.07357389123820664
0.05649976597865411
0.041604015384300926
0.02804111766682472
0.017897205569476576
0.009852572486840424
0.0050009434729650255
0.0017917484456226528
0.0005710295163528974
0.09253798368263741
0.09018459649551487
0.08620435547509735
0.07828701887552264
0.06934056638153079
0.057972142226345676
0.046756226613554636
0.0351781164814926
0.025032760239608317
0.016298884672681327
0.009599350844186012
0.0050009434729650255
0.0020284879961175247
0.0006629340457426338
0.05445159542359632
0.05333490724054147
0.05071096876430969
0.04612859699270155
0.04047768400618664
0.033539129169489805
0.026536970316979006
0.01934452739543056
0.013280603134421195
0.007966509442889066
0.004410935880181002
0.0017917484456226528
0.0006629340457426338
0.030297012330414173
0.029691982428237684
0.028248069869037037
0.02565254344878444
0.02235603237746062
0.01831982450987234
0.01408143224019509
0.009974134824150532
0.0063227253429139285
0.0035816677559391413
0.0015553839756525792
0.0005710295163528974
0.014409598767226807
0.014168337935928556
0.013495096413201811
0.012277618977221339
0.01064768778661558
0.008564032364923809
0.006425596353127493
0.004235032574813259
0.0025368610964925293
0.001129136466127992
0.00043998132995250866
0.006195353246956798
0.006174107785961821
0.00585307330627335
0.005397457248802787
0.004608087298087029
0.003687071338631882
0.002590909779652417
0.001641643638684079
0.0007773479509142412
0.0003169164275038065
0.0021197068314647667
0.0021127016914351143
0.002035390742684309
0.00187514535093862
0.0016139262142069258
0.001237113255096763
0.0008464162272143854
0.0004351068484161935
0.00018884909583055404
0.0006067253574820946
0.0006424365403979354
0.0006003469643008118
0.0005783871773405733
0.00046949802653220823
0.0003670055990877455
0.00020385774101542203
0.00010331144376215189
0.00014223261220204617
0.00015673766747778802
0.00014500449387753436
0.00013416336733700852
0.00010281739545222679
6.635615694303893e-5
3.635407425816271e-5
5.46134722988031e-5
5.919947363271803e-5
5.0745262610164195e-5
3.6324206602386905e-5
2.1768992411756806e-5
9.06600196894295e-6
3.304105379578119e-5
3.919566053969556e-5
2.4047455620130663e-5
1.745785746080452e-5
3.3625985485141867e-6
2.159391508055315e-5
1.8233154089126522e-5
1.3452657682256277e-5
3.383507241334143e-6
7.121151995411442e-6
8.123811902133088e-6
2.3190985750610384e-6
2.2414990617371736e-6
1.0713175024692499e-6
-7.493647910214687e-9
