1.0
0.9904586523710522
0.9809173061832178
0.9546129511334652
0.928796598792047
0.8888558902228031
0.8502342575793839
0.8002958892198415
0.7527035702142854
0.6966204210284562
0.6439610116813013
0.5855112870062357
0.5314797684414612
0.4741046796800263
0.4219471125497104
0.3685396207894024
0.3208774634903528
0.2736407868382165
0.2323637825760034
0.19273474326358414
0.15895343558649794
0.1275800644698288
0.10162649615085158
0.07839672499998326
0.05988262819440233
0.04401080117971005
0.03194307532772553
0.022119947613051853
0.015085361873926844
0.009701576728044404
0.006128180400739233
0.003595394311328754
0.0020716857869298735
0.001088213536260197
0.0005684229507268773
0.0002701442543898886
0.00014056669179837917
7.506465463639561e-5
5.20219440514301e-5
3.728588877209227e-5
2.9587871409441208e-5
2.0363798168633774e-5
1.4229445314056777e-5
8.33091746838009e-6
4.778511843441074e-6
2.0997126129384024e-6
8.28902377427587e-7
1.70493155919233e-7
3.4805653809679945e-8
-8.33364574651037e-10
5.879400651590825e-12
0.9904586523710522
0.9841615726145101
0.9718566675841483
0.9485504641695087
0.9204194777763306
0.8832202028384273
0.8426918672181603
0.7952311731469045
0.7460943427181628
0.6922207054344935
0.6383330541596363
0.5818229622544652
0.5268352920320677
0.4711316272216092
0.41824929186489274
0.3662508901281325
0.3180557897686705
0.27197554644528
0.2303181260195001
0.191606154910112
0.1575587509105547
0.12688199527083932
0.10074326753509161
0.0780159556035775
0.059371049353802254
0.043840974475543366
0.0316775229139833
0.022072138536097064
0.014965840534377519
0.00971008655088552
0.0060832943786743145
0.0036201565319386097
0.002058428578004022
0.0011102064176073652
0.0005654545940420422
0.00028428985348622203
0.00013988605420816238
8.241752632120201e-5
5.1470505273407526e-5
4.035883550118554e-5
2.8984236184246252e-5
2.1404753091610567e-5
1.359264937844335e-5
8.549920061232571e-6
4.362688103158711e-6
2.1323453977115675e-6
6.751617433967269e-7
1.902839739646922e-7
1.1695949141824723e-8
-2.1995212724406206e-10
0.9809173061832178
0.9718566675841483
0.9627580203609387
0.937122691944551
0.9119326180729694
0.8728103474599721
0.8349563671740073
0.7859414658235152
0.7392116359741726
0.6841109085992998
0.6323631981213432
0.5749108466655327
0.5217977310145048
0.46539657847595184
0.41412926503627984
0.36164090702718893
0.3148105827323177
0.2684101606406102
0.22787835533873993
0.18897594100013182
0.1558274338770698
0.12505030647303217
0.09960117650397161
0.0768285609122204
0.058687874633408715
0.04313928204203783
0.03132325612517425
0.021705073040300754
0.014817641345067193
0.009542447343026115
0.006039574421515476
0.003552962996946542
0.0020548598577101312
0.0010848308158474998
0.0005702030173152316
0.00027292425126508243
0.00014233974974009662
7.523921339822326e-5
5.083633649540546e-5
3.5176918271350875e-5
2.7150100030987355e-5
1.799339380017285e-5
1.225607355665018e-5
6.861550406085476e-6
3.84879113770394e-6
1.5814051210353965e-6
6.199338804700112e-7
9.7759278453665e-8
2.4111543673862588e-8
0.9546129511334652
0.9485504641695087
0.937122691944551
0.9150806771453436
0.888172727133468
0.8525126251375983
0.8134740924938398
0.7677501882499581
0.7202835654942726
0.6682608376729169
0.6161365582158498
0.5615092383128825
0.5082967005893171
0.4544342382457841
0.40326922972427487
0.3530090520988095
0.3064147476987333
0.2619157510828874
0.22168946709729925
0.18435257072219888
0.151520737119958
0.12197555600884853
0.096808080086194
0.07495321818414133
0.05703018097834102
0.04212138658944206
0.030447779798719574
0.021238648049574167
0.014422257905408941
0.00938056150605694
0.005894719054913849
0.0035237396103430818
0.0020146296135211653
0.0010945220832782382
0.0005616595362963182
0.00028371333201826976
0.00013844297640939
7.883964245594678e-5
4.616575168108995e-5
3.4151798032779e-5
2.2861856821681687e-5
1.6087621760353642e-5
9.468644835674554e-6
5.704512531929731e-6
2.6197336299396865e-6
1.2396912592914023e-6
3.0677844298303135e-7
9.102500231918842e-8
0.928796598792047
0.9204194777763306
0.9119326180729694
0.888172727133468
0.8647468780260361
0.8279047996151744
0.7921976725465256
0.7457530521776796
0.7014337969099027
0.6490710241264291
0.5998733533197388
0.5452053118259107
0.4946642092405249
0.44098398586783155
0.3922069517108499
0.34228237531923994
0.29777246475763786
0.25369826012116303
0.21523912898880362
0.17835596300756473
0.14696827654509872
0.11785203666945042
0.09381173221061527
0.0723199184403071
0.05522826349731439
0.04059213689092724
0.029487953896260178
0.02045326928309414
0.013990264442829324
0.009035056603914687
0.005742009486385492
0.0033958187151894815
0.001977641305815621
0.0010527738166308598
0.0005578434284845188
0.00026784661879643935
0.000137432928151158
6.875394827144383e-5
4.254691581119968e-5
2.6344372551735227e-5
1.873561123332192e-5
1.1025896347092107e-5
6.98579505489289e-6
3.3651237916845854e-6
1.7605975709062738e-6
5.532011639685938e-7
2.1599657458884713e-7
0.8888558902228031
0.8832202028384273
0.8728103474599721
0.8525126251375983
0.8279047996151744
0.7951133057403146
0.7588602482330987
0.7163686687893351
0.672022157649723
0.6234481009722105
0.5746214051975037
0.5235084287312761
0.4736193016778822
0.4231965155928516
0.37524465374883564
0.3282265412602737
0.2846183560141393
0.2430593061541678
0.20549388846007338
0.17070883857383645
0.14013558612868382
0.11269268159708432
0.08933346796736381
0.0691044050448216
0.05253033269271483
0.038783152182223814
0.028027881113907624
0.01956635628800477
0.013303362228122723
0.008677487986164124
0.005472024076799673
0.0032889181167264207
0.001891200449491521
0.0010347595197042732
0.0005333930381105496
0.0002684912989904105
0.00012731322490477367
6.755484608780795e-5
3.465284066635082e-5
2.27523503736771e-5
1.2985277267982959e-5
8.18265109780836e-6
3.931807360920424e-6
2.135652202051523e-6
6.915181215055541e-7
3.1143749434429576e-7
0.8502342575793839
0.8426918672181603
0.8349563671740073
0.8134740924938398
0.7921976725465256
0.7588602482330987
0.7264551134765529
0.6839527201456794
0.6433354877044388
0.5951746999550981
0.5498978873759314
0.49950955109869866
0.4529272088215083
0.4034314493352462
0.35848485790678436
0.31249614570855216
0.2715437642107968
0.23102850280804108
0.1957359563589753
0.16193442569830935
0.13323341336636768
0.10665282804558074
0.0847647005670831
0.06523326441487437
0.049748092656548996
0.03651362838216145
0.026506036204891056
0.018377503840316993
0.012579552732496044
0.008135083995312226
0.005184967150658634
0.003077594641596421
0.0018010968330405706
0.000962689585272353
0.0005110199453834551
0.00024308370204546468
0.00012050704866594656
5.5055917561151144e-5
2.9654004728069266e-5
1.5105682585608164e-5
9.24048682524143e-6
4.127310455427256e-6
2.2380581994284224e-6
6.75539824993135e-7
3.1712619344926663e-7
0.8002958892198415
0.7952311731469045
0.7859414658235152
0.7677501882499581
0.7457530521776796
0.7163686687893351
0.6839527201456794
0.6458889044658287
0.60583077551632
0.5619813610593516
0.5176880943514225
0.4713955624963599
0.4260773038197129
0.38037344537288864
0.3368354049373351
0.29425646630463836
0.2547365182784982
0.217188786781577
0.1832521245836795
0.15193839523954664
0.1244375676495381
0.09985162590614047
0.0789522992152941
0.060934069027415584
0.0461972235417123
0.034034779180270126
0.024538152437834346
0.017106479038590253
0.011613530476062867
0.007575011132695004
0.004775752905201093
0.0028751629362485493
0.0016543809324636718
0.000906197907478355
0.0004646928900353184
0.00023038958815048882
0.00010424295210648746
5.049323550759218e-5
2.1504287818714757e-5
1.1856607913717874e-5
5.000593238215077e-6
2.5285003390653576e-6
6.753724759289381e-7
3.125108404164465e-7
0.7527035702142854
0.7460943427181628
0.7392116359741726
0.7202835654942726
0.7014337969099027
0.672022157649723
0.6433354877044388
0.60583077551632
0.569907302365768
0.5270690128893942
0.4867609665582412
0.44179449518885683
0.40022887901982535
0.3560313831123163
0.3159312591974802
0.2749144362039228
0.23844855862880635
0.20241263959244526
0.17109778328186603
0.14116098740065977
0.11582404612047971
0.09241679334736179
0.07322013361201979
0.056141739102361005
0.042667295661983046
0.031191997854656036
0.0225641123256409
0.015583094809246356
0.010634054853583381
0.006851793012689711
0.004356165471062727
0.002576648857840726
0.0015044864254920717
0.0007996596334993722
0.00042105718529678786
0.00019524882966947505
9.236193045659023e-5
3.764364242535756e-5
1.7193702475755245e-5
6.535040692873982e-6
3.156893544373303e-6
7.233756357709955e-7
2.934123314076185e-7
0.6966204210284562
0.6922207054344935
0.6841109085992998
0.6682608376729169
0.6490710241264291
0.6234481009722105
0.5951746999550981
0.5619813610593516
0.5270690128893942
0.48886229169148854
0.44999925370333416
0.4094600995763037
0.36960989387545484
0.3295321156302062
0.29126231149947035
0.2539627260881706
0.21930493431321352
0.18651027445810645
0.156870312682716
0.12965350487878727
0.1057763462741859
0.08455163408744597
0.06654585722525255
0.05112598353931313
0.03855073619294848
0.028253120718761612
0.020242174077245552
0.014030679163235636
0.009458395553749499
0.006130624420975941
0.003833180970319826
0.002291304061210919
0.001304436762116886
0.0007074381125989396
0.00035565807142153304
0.00017152797843164252
7.257587384913418e-5
3.1772851285152356e-5
1.0635454195486486e-5
4.71244207833918e-6
1.1435803042494329e-6
4.018049989513347e-7
0.6439610116813013
0.6383330541596363
0.6323631981213432
0.6161365582158498
0.5998733533197388
0.5746214051975037
0.5498978873759314
0.5176880943514225
0.4867609665582412
0.44999925370333416
0.41535936364824355
0.37657102419347477
0.3407162254176498
0.3025434030064903
0.26794633981227983
0.23256631326705499
0.2011766048870065
0.1701987063855166
0.14336421275485875
0.11777199637421243
0.09620795086971194
0.07635414579268159
0.060166179883077396
0.045828683580681005
0.034599606152403595
0.025089905161080856
0.018004774005310104
0.012311709556148555
0.008321467067571666
0.005295734140302622
0.003327516800257831
0.001936612646847428
0.0011138941265902208
0.0005781823346326027
0.00029730834440629323
0.00013127814859337502
5.850664186630685e-5
2.0423359850972944e-5
7.742994749241605e-6
1.8169177406593869e-6
6.491665401130341e-7
0.5855112870062357
0.5818229622544652
0.5749108466655327
0.5615092383128825
0.5452053118259107
0.5235084287312761
0.49950955109869866
0.4713955624963599
0.44179449518885683
0.4094600995763037
0.37657102419347477
0.3423279391916931
0.3084729492441178
0.2745359154129454
0.2420227609952249
0.2104675250969017
0.1811010806716752
0.15345698769574231
0.1284704136112011
0.10567217838454641
0.08569966113923566
0.06808431250828809
0.0531836533854133
0.040544203194289676
0.03028153521668125
0.021975898804340286
0.015553695337484437
0.010647286999989758
0.007065144253372239
0.004506513603691116
0.0027588029071903913
0.0016148589354047552
0.0008923079330772663
0.00046994043640182425
0.00022487038957220724
0.00010303904732890966
3.8993592398807876e-5
1.5112524611344334e-5
3.361301085280933e-6
1.1136554719490055e-6
0.5314797684414612
0.5268352920320677
0.5217977310145048
0.5082967005893171
0.4946642092405249
0.4736193016778822
0.4529272088215083
0.4260773038197129
0.40022887901982535
0.36960989387545484
0.3407162254176498
0.3084729492441178
0.2786552129242299
0.24684216680933227
0.2180419405031477
0.18858995427643482
0.1625254744232136
0.13684323990400227
0.11468628927027946
0.09361929391673995
0.07597303601282754
0.05980094765516096
0.046721811635021544
0.03521026588237072
0.02629061674194391
0.018799260671539395
0.013296610030386442
0.008924076024592529
0.005917724373305894
0.0036705764705345914
0.0022477947724032147
0.001261284163976951
0.0007002309774362122
0.00034330512353408863
0.0001671642052707791
6.598920538143532e-5
2.6549795258730277e-5
6.821417203178102e-6
2.0291482718462232e-6
0.4741046796800263
0.4711316272216092
0.46539657847595184
0.4544342382457841
0.44098398586783155
0.4231965155928516
0.4034314493352462
0.38037344537288864
0.3560313831123163
0.3295321156302062
0.3025434030064903
0.2745359154129454
0.24684216680933227
0.21917954404225964
0.1925565211146659
0.16684895916476236
0.14287173770622622
0.12044743370727642
0.10017521066010397
0.08183086684802145
0.06579010104163423
0.05179026546296062
0.039995587314105685
0.03012376393525952
0.022159451932889297
0.01582385814655078
0.010970986033872957
0.007348170619734504
0.004739073646730119
0.002932600925092925
0.0017224129042250126
0.0009659103944664037
0.0005007166838961048
0.00024746180669847135
0.0001053828921068889
4.312611718790096e-5
1.2085554973540758e-5
3.724880748414243e-6
0.4219471125497104
0.41824929186489274
0.41412926503627984
0.40326922972427487
0.3922069517108499
0.37524465374883564
0.35848485790678436
0.3368354049373351
0.3159312591974802
0.29126231149947035
0.26794633981227983
0.2420227609952249
0.2180419405031477
0.1925565211146659
0.16950779048626333
0.14592903406088414
0.1251259534205694
0.10466487738469582
0.0871046374225882
0.0704722517102725
0.056650246248913856
0.04405900538978128
0.033989767635143345
0.025203270899910705
0.018500707209023737
0.01293803288883859
0.008939842202788621
0.00581566096168737
0.003733521904811215
0.0022117412433925697
0.0012918908404384217
0.0006742787562050528
0.0003486907940320296
0.00015043193186517018
6.505841841191625e-5
1.8704799089448527e-5
5.795367917968113e-6
0.3685396207894024
0.3662508901281325
0.36164090702718893
0.3530090520988095
0.34228237531923994
0.3282265412602737
0.31249614570855216
0.29425646630463836
0.2749144362039228
0.2539627260881706
0.23256631326705499
0.2104675250969017
0.18858995427643482
0.16684895916476236
0.14592903406088414
0.12584907824591407
0.10706561444483186
0.08964233157796936
0.07388656766829932
0.05978137450269847
0.04747723704831844
0.03688826236245465
0.028015733059099004
0.020726083065322833
0.01489876029909366
0.010378369126631731
0.006964448539011957
0.004504514032274765
0.0027697415659046756
0.0016278639701323204
0.000886103397304194
0.0004584801246048135
0.000207481801853336
8.971432496004768e-5
2.7840849525576778e-5
8.63799898929866e-6
0.3208774634903528
0.3180557897686705
0.3148105827323177
0.3064147476987333
0.29777246475763786
0.2846183560141393
0.2715437642107968
0.2547365182784982
0.23844855862880635
0.21930493431321352
0.2011766048870065
0.1811010806716752
0.1625254744232136
0.14287173770622622
0.1251259534205694
0.10706561444483186
0.09119110068021019
0.0756117851673294
0.0623333034475149
0.04981620545455158
0.03952428555460637
0.030220863822484824
0.022896316068408685
0.01657748027886772
0.011865334827407141
0.008019187111456454
0.005345649476055568
0.0033069286760529933
0.002014928360860607
0.001101560335621367
0.0005924398117735241
0.0002673010095864853
0.0001199259470376133
3.690532961189035e-5
1.202076176384464e-5
0.2736407868382165
0.27197554644528
0.2684101606406102
0.2619157510828874
0.25369826012116303
0.2430593061541678
0.23102850280804108
0.217188786781577
0.20241263959244526
0.18651027445810645
0.1701987063855166
0.15345698769574231
0.13684323990400227
0.12044743370727642
0.10466487738469582
0.08964233157796936
0.0756117851673294
0.06273259014187256
0.05108339951044343
0.04080073935744143
0.03185876963186752
0.024307001555569883
0.018024941939234138
0.012995263384416993
0.00902525343273875
0.006056870091736462
0.0038607236971721975
0.0023639684849454173
0.0013412985264306667
0.0007230239404112012
0.000340066218036945
0.0001510348014551705
4.8538310716611994e-5
1.5270396188438205e-5
0.2323637825760034
0.2303181260195001
0.22787835533873993
0.22168946709729925
0.21523912898880362
0.20549388846007338
0.1957359563589753
0.1832521245836795
0.17109778328186603
0.156870312682716
0.14336421275485875
0.1284704136112011
0.11468628927027946
0.10017521066010397
0.0871046374225882
0.07388656766829932
0.0623333034475149
0.05108339951044343
0.04158485386573844
0.03268562047456522
0.025475636106393612
0.019020983549698924
0.014050028803111734
0.009824793256126632
0.006776985979732252
0.004344926910961489
0.0027401074418709373
0.0015591014226399621
0.0008725144489869361
0.0004106593526805433
0.00019019780704409314
6.022948251867005e-5
1.9718876598864436e-5
0.19273474326358414
0.191606154910112
0.18897594100013182
0.18435257072219888
0.17835596300756473
0.17070883857383645
0.16193442569830935
0.15193839523954664
0.14116098740065977
0.12965350487878727
0.11777199637421243
0.10567217838454641
0.09361929391673995
0.08183086684802145
0.0704722517102725
0.05978137450269847
0.04981620545455158
0.04080073935744143
0.03268562047456522
0.02565719386648477
0.019571885384011948
0.014564448691365188
0.010437935900475533
0.0072527422480930465
0.004781217982315573
0.003032516400458799
0.0017762124682018077
0.0009950049783769232
0.0004866234909258951
0.0002250103336793196
7.492953075106422e-5
2.3919219422013632e-5
0.15895343558649794
0.1575587509105547
0.1558274338770698
0.151520737119958
0.14696827654509872
0.14013558612868382
0.13323341336636768
0.1244375676495381
0.11582404612047971
0.1057763462741859
0.09620795086971194
0.08569966113923566
0.07597303601282754
0.06579010104163423
0.056650246248913856
0.04747723704831844
0.03952428555460637
0.03185876963186752
0.025475636106393612
0.019571885384011948
0.014889662569450261
0.010750491200403037
0.007664247899545754
0.005089832912643337
0.0033241009851358687
0.001957189888449734
0.0011292439277141742
0.0005509699995716513
0.0002653567469461495
8.777981569100672e-5
2.9781676981008448e-5
0.1275800644698288
0.12688199527083932
0.12505030647303217
0.12197555600884853
0.11785203666945042
0.11269268159708432
0.10665282804558074
0.09985162590614047
0.09241679334736179
0.08455163408744597
0.07635414579268159
0.06808431250828809
0.05980094765516096
0.05179026546296062
0.04405900538978128
0.03688826236245465
0.030220863822484824
0.024307001555569883
0.019020983549698924
0.014564448691365188
0.010750491200403037
0.007726893418378111
0.005267392800734141
0.0034696936959266395
0.002105986572755376
0.001222304465569759
0.0006135708063386373
0.00029374115379350054
0.00010130653602069679
3.3811303852084266e-5
0.10162649615085158
0.10074326753509161
0.09960117650397161
0.096808080086194
0.09381173221061527
0.08933346796736381
0.0847647005670831
0.0789522992152941
0.07322013361201979
0.06654585722525255
0.060166179883077396
0.0531836533854133
0.046721811635021544
0.039995587314105685
0.033989767635143345
0.028015733059099004
0.022896316068408685
0.018024941939234138
0.014050028803111734
0.010437935900475533
0.007664247899545754
0.005267392800734141
0.00356827769074228
0.002185877691447184
0.0013133415330483134
0.0006643527552011644
0.0003282862877076952
0.00011174696058358697
3.9353797563886375e-5
0.07839672499998326
0.0780159556035775
0.0768285609122204
0.07495321818414133
0.0723199184403071
0.0691044050448216
0.06523326441487437
0.060934069027415584
0.056141739102361005
0.05112598353931313
0.045828683580681005
0.040544203194289676
0.03521026588237072
0.03012376393525952
0.025203270899910705
0.020726083065322833
0.01657748027886772
0.012995263384416993
0.009824793256126632
0.0072527422480930465
0.005089832912643337
0.0034696936959266395
0.002185877691447184
0.0013273993265631244
0.0006967304608124781
0.0003483736161613469
0.0001223078568931417
4.19623425054915e-5
0.05988262819440233
0.059371049353802254
0.058687874633408715
0.05703018097834102
0.05522826349731439
0.05253033269271483
0.049748092656548996
0.0461972235417123
0.042667295661983046
0.03855073619294848
0.034599606152403595
0.03028153521668125
0.02629061674194391
0.022159451932889297
0.018500707209023737
0.01489876029909366
0.011865334827407141
0.00902525343273875
0.006776985979732252
0.004781217982315573
0.0033241009851358687
0.002105986572755376
0.0013133415330483134
0.0006967304608124781
0.000364611448591957
0.0001309285794638446
4.7264980191820634e-5
0.04401080117971005
0.043840974475543366
0.04313928204203783
0.04212138658944206
0.04059213689092724
0.038783152182223814
0.03651362838216145
0.034034779180270126
0.031191997854656036
0.028253120718761612
0.025089905161080856
0.021975898804340286
0.018799260671539395
0.01582385814655078
0.01293803288883859
0.010378369126631731
0.008019187111456454
0.006056870091736462
0.004344926910961489
0.003032516400458799
0.001957189888449734
0.001222304465569759
0.0006643527552011644
0.0003483736161613469
0.0001309285794638446
4.891265002347081e-5
0.03194307532772553
0.0316775229139833
0.03132325612517425
0.030447779798719574
0.029487953896260178
0.028027881113907624
0.026506036204891056
0.024538152437834346
0.0225641123256409
0.020242174077245552
0.018004774005310104
0.015553695337484437
0.013296610030386442
0.010970986033872957
0.008939842202788621
0.006964448539011957
0.005345649476055568
0.0038607236971721975
0.0027401074418709373
0.0017762124682018077
0.0011292439277141742
0.0006135708063386373
0.0003282862877076952
0.0001223078568931417
4.7264980191820634e-5
0.022119947613051853
0.022072138536097064
0.021705073040300754
0.021238648049574167
0.02045326928309414
0.01956635628800477
0.018377503840316993
0.017106479038590253
0.015583094809246356
0.014030679163235636
0.012311709556148555
0.010647286999989758
0.008924076024592529
0.007348170619734504
0.00581566096168737
0.004504514032274765
0.0033069286760529933
0.0023639684849454173
0.0015591014226399621
0.0009950049783769232
0.0005509699995716513
0.00029374115379350054
0.00011174696058358697
4.19623425054915e-5
0.015085361873926844
0.014965840534377519
0.014817641345067193
0.014422257905408941
0.013990264442829324
0.013303362228122723
0.012579552732496044
0.011613530476062867
0.010634054853583381
0.009458395553749499
0.008321467067571666
0.007065144253372239
0.005917724373305894
0.004739073646730119
0.003733521904811215
0.0027697415659046756
0.002014928360860607
0.0013412985264306667
0.0008725144489869361
0.0004866234909258951
0.0002653567469461495
0.00010130653602069679
3.9353797563886375e-5
0.009701576728044404
0.00971008655088552
0.009542447343026115
0.00938056150605694
0.009035056603914687
0.008677487986164124
0.008135083995312226
0.007575011132695004
0.006851793012689711
0.006130624420975941
0.005295734140302622
0.004506513603691116
0.0036705764705345914
0.002932600925092925
0.0022117412433925697
0.0016278639701323204
0.001101560335621367
0.0007230239404112012
0.0004106593526805433
0.0002250103336793196
8.777981569100672e-5
3.3811303852084266e-5
0.006128180400739233
0.0060832943786743145
0.006039574421515476
0.005894719054913849
0.005742009486385492
0.005472024076799673
0.005184967150658634
0.004775752905201093
0.004356165471062727
0.003833180970319826
0.003327516800257831
0.0027588029071903913
0.0022477947724032147
0.0017224129042250126
0.0012918908404384217
0.000886103397304194
0.0005924398117735241
0.000340066218036945
0.00019019780704409314
7.492953075106422e-5
2.9781676981008448e-5
0.003595394311328754
0.0036201565319386097
0.003552962996946542
0.0035237396103430818
0.0033958187151894815
0.0032889181167264207
0.003077594641596421
0.0028751629362485493
0.002576648857840726
0.002291304061210919
0.001936612646847428
0.0016148589354047552
0.001261284163976951
0.0009659103944664037
0.0006742787562050528
0.0004584801246048135
0.0002673010095864853
0.0001510348014551705
6.022948251867005e-5
2.3919219422013632e-5
0.0020716857869298735
0.002058428578004022
0.0020548598577101312
0.0020146296135211653
0.001977641305815621
0.001891200449491521
0.0018010968330405706
0.0016543809324636718
0.0015044864254920717
0.001304436762116886
0.0011138941265902208
0.0008923079330772663
0.0007002309774362122
0.0005007166838961048
0.0003486907940320296
0.000207481801853336
0.0001199259470376133
4.8538310716611994e-5
1.9718876598864436e-5
0.001088213536260197
0.0011102064176073652
0.0010848308158474998
0.0010945220832782382
0.0010527738166308598
0.0010347595197042732
0.000962689585272353
0.000906197907478355
0.0007996596334993722
0.0007074381125989396
0.0005781823346326027
0.00046994043640182425
0.00034330512353408863
0.00024746180669847135
0.00015043193186517018
8.971432496004768e-5
3.690532961189035e-5
1.5270396188438205e-5
0.0005684229507268773
0.0005654545940420422
0.0005702030173152316
0.0005616595362963182
0.0005578434284845188
0.0005333930381105496
0.0005110199453834551
0.0004646928900353184
0.00042105718529678786
0.00035565807142153304
0.00029730834440629323
0.00022487038957220724
0.0001671642052707791
0.0001053828921068889
6.505841841191625e-5
2.7840849525576778e-5
1.202076176384464e-5
0.0002701442543898886
0.00028428985348622203
0.00027292425126508243
0.00028371333201826976
0.00026784661879643935
0.0002684912989904105
0.00024308370204546468
0.00023038958815048882
0.00019524882966947505
0.00017152797843164252
0.00013127814859337502
0.00010303904732890966
6.598920538143532e-5
4.312611718790096e-5
1.8704799089448527e-5
8.63799898929866e-6
0.00014056669179837917
0.00013988605420816238
0.00014233974974009662
0.00013844297640939
0.000137432928151158
0.00012731322490477367
0.00012050704866594656
0.00010424295210648746
9.236193045659023e-5
7.257587384913418e-5
5.850664186630685e-5
3.8993592398807876e-5
2.6549795258730277e-5
1.2085554973540758e-5
5.795367917968113e-6
7.506465463639561e-5
8.241752632120201e-5
7.523921339822326e-5
7.883964245594678e-5
6.875394827144383e-5
6.755484608780795e-5
5.5055917561151144e-5
5.049323550759218e-5
3.764364242535756e-5
3.1772851285152356e-5
2.0423359850972944e-5
1.5112524611344334e-5
6.821417203178102e-6
3.724880748414243e-6
5.20219440514301e-5
5.1470505273407526e-5
5.083633649540546e-5
4.616575168108995e-5
4.254691581119968e-5
3.465284066635082e-5
2.9654004728069266e-5
2.1504287818714757e-5
1.7193702475755245e-5
1.0635454195486486e-5
7.742994749241605e-6
3.361301085280933e-6
2.0291482718462232e-6
3.728588877209227e-5
4.035883550118554e-5
3.5176918271350875e-5
3.4151798032779e-5
2.6344372551735227e-5
2.27523503736771e-5
1.5105682585608164e-5
1.1856607913717874e-5
6.535040692873982e-6
4.71244207833918e-6
1.8169177406593869e-6
1.1136554719490055e-6
2.9587871409441208e-5
2.8984236184246252e-5
2.7150100030987355e-5
2.2861856821681687e-5
1.873561123332192e-5
1.2985277267982959e-5
9.24048682524143e-6
5.000593238215077e-6
3.156893544373303e-6
1.1435803042494329e-6
6.491665401130341e-7
2.0363798168633774e-5
2.1404753091610567e-5
1.799339380017285e-5
1.6087621760353642e-5
1.1025896347092107e-5
8.18265109780836e-6
4.127310455427256e-6
2.5285003390653576e-6
7.233756357709955e-7
4.018049989513347e-7
1.4229445314056777e-5
1.359264937844335e-5
1.225607355665018e-5
9.468644835674554e-6
6.98579505489289e-6
3.931807360920424e-6
2.2380581994284224e-6
6.753724759289381e-7
2.934123314076185e-7
8.33091746838009e-6
8.549920061232571e-6
6.861550406085476e-6
5.704512531929731e-6
3.3651237916845854e-6
2.135652202051523e-6
6.75539824993135e-7
3.125108404164465e-7
4.778511843441074e-6
4.362688103158711e-6
3.84879113770394e-6
2.6197336299396865e-6
1.7605975709062738e-6
6.915181215055541e-7
3.1712619344926663e-7
2.0997126129384024e-6
2.1323453977115675e-6
1.5814051210353965e-6
1.2396912592914023e-6
5.532011639685938e-7
3.1143749434429576e-7
8.28902377427587e-7
6.751617433967269e-7
6.199338804700112e-7
3.0677844298303135e-7
2.1599657458884713e-7
1.70493155919233e-7
1.902839739646922e-7
9.7759278453665e-8
9.102500231918842e-8
3.4805653809679945e-8
1.1695949141824723e-8
2.4111543673862588e-8
-8.33364574651037e-10
-2.1995212724406206e-10
5.879400651590825e-12
