1.0
0.580184649567097
0.16036929888271206
0.008175363935221051
-3.316523766021032e-5
1.3265546349629835e-10
0.580184649567097
0.3477162310339749
0.08632475058896695
0.004676957323000568
2.6094530493457903e-5
0.16036929888271206
0.08632475058896695
0.015688241126761843
0.00027707454640790166
0.008175363935221051
0.004676957323000568
0.00027707454640790166
-3.316523766021032e-5
2.6094530493457903e-5
1.3265546349629835e-10
0.580184649567097
0.3477162310339749
0.08632475058896695
0.004676957323000568
2.6094530493457903e-5
0.3477162310339749
0.19668049104417823
0.043717366352203905
0.001641335173814297
0.08632475058896695
0.043717366352203905
0.0054161059538966995
0.004676957323000568
0.001641335173814297
2.6094530493457903e-5
0.16036929888271206
0.08632475058896695
0.015688241126761843
0.00027707454640790166
0.08632475058896695
0.043717366352203905
0.0054161059538966995
0.015688241126761843
0.0054161059538966995
0.00027707454640790166
0.008175363935221051
0.004676957323000568
0.00027707454640790166
0.004676957323000568
0.001641335173814297
0.00027707454640790166
-3.316523766021032e-5
2.6094530493457903e-5
2.6094530493457903e-5
1.3265546349629835e-10
0.580184649567097
0.3477162310339749
0.08632475058896695
0.004676957323000568
2.6094530493457903e-5
0.3477162310339749
0.19668049104417823
0.043717366352203905
0.001641335173814297
0.08632475058896695
0.043717366352203905
0.0054161059538966995
0.004676957323000568
0.001641335173814297
2.6094530493457903e-5
0.3477162310339749
0.19668049104417823
0.043717366352203905
0.001641335173814297
0.19668049104417823
0.10696653780001841
0.018525817465009708
0.043717366352203905
0.018525817465009708
0.001641335173814297
0.08632475058896695
0.043717366352203905
0.0054161059538966995
0.043717366352203905
0.018525817465009708
0.0054161059538966995
0.004676957323000568
0.001641335173814297
0.001641335173814297
2.6094530493457903e-5
0.16036929888271206
0.08632475058896695
0.015688241126761843
0.00027707454640790166
0.08632475058896695
0.043717366352203905
0.0054161059538966995
0.015688241126761843
0.0054161059538966995
0.00027707454640790166
0.08632475058896695
0.043717366352203905
0.0054161059538966995
0.043717366352203905
0.018525817465009708
0.0054161059538966995
0.015688241126761843
0.0054161059538966995
0.0054161059538966995
0.00027707454640790166
0.008175363935221051
0.004676957323000568
0.00027707454640790166
0.004676957323000568
0.001641335173814297
0.00027707454640790166
0.004676957323000568
0.001641335173814297
0.001641335173814297
0.00027707454640790166
-3.316523766021032e-5
2.6094530493457903e-5
2.6094530493457903e-5
2.6094530493457903e-5
1.3265546349629835e-10
