1.0
0.6975759985498484
0.39515199682635127
0.09336732176605107
0.01147447153664131
-0.00033881362178995555
6.147395681667007e-6
-5.912984415082881e-7
-5.861239035052147e-11
0.6975759985498484
0.5195158247711379
0.28099051428971816
0.07040274881034353
0.007850749204447123
-0.00020035505525828473
-8.53247324413376e-6
-7.813542177402054e-8
0.39515199682635127
0.28099051428971816
0.15253025611648197
0.030658360404814358
0.003231443505605192
1.9262004141149154e-5
-9.722170772098402e-6
0.09336732176605107
0.07040274881034353
0.030658360404814358
0.005460502962708324
0.00036751362777180956
4.910832837771469e-5
0.01147447153664131
0.007850749204447123
0.003231443505605192
0.00036751362777180956
8.36891812155642e-5
-0.00033881362178995555
-0.00020035505525828473
1.9262004141149154e-5
4.910832837771469e-5
6.147395681667007e-6
-8.53247324413376e-6
-9.722170772098402e-6
-5.912984415082881e-7
-7.813542177402054e-8
-5.861239035052147e-11
0.6975759985498484
0.5195158247711379
0.28099051428971816
0.07040274881034353
0.007850749204447123
-0.00020035505525828473
-8.53247324413376e-6
-7.813542177402054e-8
0.5195158247711379
0.3743078916801945
0.20804556262600618
0.049700569369650505
0.005797324265119095
-0.0001443471023845019
6.963137349705142e-6
0.28099051428971816
0.20804556262600618
0.10627313464636773
0.022762980491456107
0.0019557684480021893
1.7595324865948253e-5
0.07040274881034353
0.049700569369650505
0.022762980491456107
0.003289325216036801
0.00011727416907443105
0.007850749204447123
0.005797324265119095
0.0019557684480021893
0.00011727416907443105
-0.00020035505525828473
-0.0001443471023845019
1.7595324865948253e-5
-8.53247324413376e-6
6.963137349705142e-6
-7.813542177402054e-8
0.39515199682635127
0.28099051428971816
0.15253025611648197
0.030658360404814358
0.003231443505605192
1.9262004141149154e-5
-9.722170772098402e-6
0.28099051428971816
0.20804556262600618
0.10627313464636773
0.022762980491456107
0.0019557684480021893
1.7595324865948253e-5
0.15253025611648197
0.10627313464636773
0.05288427076621203
0.007583447228939787
0.0004156298434676795
0.030658360404814358
0.022762980491456107
0.007583447228939787
0.0006847510203269512
0.003231443505605192
0.0019557684480021893
0.0004156298434676795
1.9262004141149154e-5
1.7595324865948253e-5
-9.722170772098402e-6
0.09336732176605107
0.07040274881034353
0.030658360404814358
0.005460502962708324
0.00036751362777180956
4.910832837771469e-5
0.07040274881034353
0.049700569369650505
0.022762980491456107
0.003289325216036801
0.00011727416907443105
0.030658360404814358
0.022762980491456107
0.007583447228939787
0.0006847510203269512
0.005460502962708324
0.003289325216036801
0.0006847510203269512
0.00036751362777180956
0.00011727416907443105
4.910832837771469e-5
0.01147447153664131
0.007850749204447123
0.003231443505605192
0.00036751362777180956
8.36891812155642e-5
0.007850749204447123
0.005797324265119095
0.0019557684480021893
0.00011727416907443105
0.003231443505605192
0.0019557684480021893
0.0004156298434676795
0.00036751362777180956
0.00011727416907443105
8.36891812155642e-5
-0.00033881362178995555
-0.00020035505525828473
1.9262004141149154e-5
4.910832837771469e-5
-0.00020035505525828473
-0.0001443471023845019
1.7595324865948253e-5
1.9262004141149154e-5
1.7595324865948253e-5
4.910832837771469e-5
6.147395681667007e-6
-8.53247324413376e-6
-9.722170772098402e-6
-8.53247324413376e-6
6.963137349705142e-6
-9.722170772098402e-6
-5.912984415082881e-7
-7.813542177402054e-8
-7.813542177402054e-8
-5.861239035052147e-11
0.6975759985498484
0.5195158247711379
0.28099051428971816
0.07040274881034353
0.007850749204447123
-0.00020035505525828473
-8.53247324413376e-6
-7.813542177402054e-8
0.5195158247711379
0.3743078916801945
0.20804556262600618
0.049700569369650505
0.005797324265119095
-0.0001443471023845019
6.963137349705142e-6
0.28099051428971816
0.20804556262600618
0.10627313464636773
0.022762980491456107
0.0019557684480021893
1.7595324865948253e-5
0.07040274881034353
0.049700569369650505
0.022762980491456107
0.003289325216036801
0.00011727416907443105
0.007850749204447123
0.005797324265119095
0.0019557684480021893
0.00011727416907443105
-0.00020035505525828473
-0.0001443471023845019
1.7595324865948253e-5
-8.53247324413376e-6
6.963137349705142e-6
-7.813542177402054e-8
0.5195158247711379
0.3743078916801945
0.20804556262600618
0.049700569369650505
0.005797324265119095
-0.0001443471023845019
6.963137349705142e-6
0.3743078916801945
0.2802068424786418
0.1493185373764195
0.0363427922609267
0.003732464854072982
-0.00013342956434822076
0.20804556262600618
0.1493185373764195
0.07812098386366242
0.015400095952481076
0.001335926069030402
0.049700569369650505
0.0363427922609267
0.015400095952481076
0.0021482640780764064
0.005797324265119095
0.003732464854072982
0.001335926069030402
-0.0001443471023845019
-0.00013342956434822076
6.963137349705142e-6
0.28099051428971816
0.20804556262600618
0.10627313464636773
0.022762980491456107
0.0019557684480021893
1.7595324865948253e-5
0.20804556262600618
0.1493185373764195
0.07812098386366242
0.015400095952481076
0.001335926069030402
0.10627313464636773
0.07812098386366242
0.03560307230859379
0.00553080645965651
0.022762980491456107
0.015400095952481076
0.00553080645965651
0.0019557684480021893
0.001335926069030402
1.7595324865948253e-5
0.07040274881034353
0.049700569369650505
0.022762980491456107
0.003289325216036801
0.00011727416907443105
0.049700569369650505
0.0363427922609267
0.015400095952481076
0.0021482640780764064
0.022762980491456107
0.015400095952481076
0.00553080645965651
0.003289325216036801
0.0021482640780764064
0.00011727416907443105
0.007850749204447123
0.005797324265119095
0.0019557684480021893
0.00011727416907443105
0.005797324265119095
0.003732464854072982
0.001335926069030402
0.0019557684480021893
0.001335926069030402
0.00011727416907443105
-0.00020035505525828473
-0.0001443471023845019
1.7595324865948253e-5
-0.0001443471023845019
-0.00013342956434822076
1.7595324865948253e-5
-8.53247324413376e-6
6.963137349705142e-6
6.963137349705142e-6
-7.813542177402054e-8
0.39515199682635127
0.28099051428971816
0.15253025611648197
0.030658360404814358
0.003231443505605192
1.9262004141149154e-5
-9.722170772098402e-6
0.28099051428971816
0.20804556262600618
0.10627313464636773
0.022762980491456107
0.0019557684480021893
1.7595324865948253e-5
0.15253025611648197
0.10627313464636773
0.05288427076621203
0.007583447228939787
0.0004156298434676795
0.030658360404814358
0.022762980491456107
0.007583447228939787
0.0006847510203269512
0.003231443505605192
0.0019557684480021893
0.0004156298434676795
1.9262004141149154e-5
1.7595324865948253e-5
-9.722170772098402e-6
0.28099051428971816
0.20804556262600618
0.10627313464636773
0.022762980491456107
0.0019557684480021893
1.7595324865948253e-5
0.20804556262600618
0.1493185373764195
0.07812098386366242
0.015400095952481076
0.001335926069030402
0.10627313464636773
0.07812098386366242
0.03560307230859379
0.00553080645965651
0.022762980491456107
0.015400095952481076
0.00553080645965651
0.0019557684480021893
0.001335926069030402
1.7595324865948253e-5
0.15253025611648197
0.10627313464636773
0.05288427076621203
0.007583447228939787
0.0004156298434676795
0.10627313464636773
0.07812098386366242
0.03560307230859379
0.00553080645965651
0.05288427076621203
0.03560307230859379
0.015098050874247312
0.007583447228939787
0.00553080645965651
0.0004156298434676795
0.030658360404814358
0.022762980491456107
0.007583447228939787
0.0006847510203269512
0.022762980491456107
0.015400095952481076
0.00553080645965651
0.007583447228939787
0.00553080645965651
0.0006847510203269512
0.003231443505605192
0.0019557684480021893
0.0004156298434676795
0.0019557684480021893
0.001335926069030402
0.0004156298434676795
1.9262004141149154e-5
1.7595324865948253e-5
1.7595324865948253e-5
-9.722170772098402e-6
0.09336732176605107
0.07040274881034353
0.030658360404814358
0.005460502962708324
0.00036751362777180956
4.910832837771469e-5
0.07040274881034353
0.049700569369650505
0.022762980491456107
0.003289325216036801
0.00011727416907443105
0.030658360404814358
0.022762980491456107
0.007583447228939787
0.0006847510203269512
0.005460502962708324
0.003289325216036801
0.0006847510203269512
0.00036751362777180956
0.00011727416907443105
4.910832837771469e-5
0.07040274881034353
0.049700569369650505
0.022762980491456107
0.003289325216036801
0.00011727416907443105
0.049700569369650505
0.0363427922609267
0.015400095952481076
0.0021482640780764064
0.022762980491456107
0.015400095952481076
0.00553080645965651
0.003289325216036801
0.0021482640780764064
0.00011727416907443105
0.030658360404814358
0.022762980491456107
0.007583447228939787
0.0006847510203269512
0.022762980491456107
0.015400095952481076
0.00553080645965651
0.007583447228939787
0.00553080645965651
0.0006847510203269512
0.005460502962708324
0.003289325216036801
0.0006847510203269512
0.003289325216036801
0.0021482640780764064
0.0006847510203269512
0.00036751362777180956
0.00011727416907443105
0.00011727416907443105
4.910832837771469e-5
0.01147447153664131
0.007850749204447123
0.003231443505605192
0.00036751362777180956
8.36891812155642e-5
0.007850749204447123
0.005797324265119095
0.0019557684480021893
0.00011727416907443105
0.003231443505605192
0.0019557684480021893
0.0004156298434676795
0.00036751362777180956
0.00011727416907443105
8.36891812155642e-5
0.007850749204447123
0.005797324265119095
0.0019557684480021893
0.00011727416907443105
0.005797324265119095
0.003732464854072982
0.001335926069030402
0.0019557684480021893
0.001335926069030402
0.00011727416907443105
0.003231443505605192
0.0019557684480021893
0.0004156298434676795
0.0019557684480021893
0.001335926069030402
0.0004156298434676795
0.00036751362777180956
0.00011727416907443105
0.00011727416907443105
8.36891812155642e-5
-0.00033881362178995555
-0.00020035505525828473
1.9262004141149154e-5
4.910832837771469e-5
-0.00020035505525828473
-0.0001443471023845019
1.7595324865948253e-5
1.9262004141149154e-5
1.7595324865948253e-5
4.910832837771469e-5
-0.00020035505525828473
-0.0001443471023845019
1.7595324865948253e-5
-0.0001443471023845019
-0.00013342956434822076
1.7595324865948253e-5
1.9262004141149154e-5
1.7595324865948253e-5
1.7595324865948253e-5
4.910832837771469e-5
6.147395681667007e-6
-8.53247324413376e-6
-9.722170772098402e-6
-8.53247324413376e-6
6.963137349705142e-6
-9.722170772098402e-6
-8.53247324413376e-6
6.963137349705142e-6
6.963137349705142e-6
-9.722170772098402e-6
-5.912984415082881e-7
-7.813542177402054e-8
-7.813542177402054e-8
-7.813542177402054e-8
-5.861239035052147e-11
