1.0
0.38299644012102463
0.0230098561172431
-4.875396135352999e-10
0.38299644012102463
0.13660509527654152
0.0053677427495963815
0.0230098561172431
0.0053677427495963815
-4.875396135352999e-10
0.38299644012102463
0.13660509527654152
0.0053677427495963815
0.13660509527654152
0.03554193462335374
0.0053677427495963815
0.0230098561172431
0.0053677427495963815
0.0053677427495963815
-4.875396135352999e-10
0.38299644012102463
0.13660509527654152
0.0053677427495963815
0.13660509527654152
0.03554193462335374
0.0053677427495963815
0.13660509527654152
0.03554193462335374
0.03554193462335374
0.0053677427495963815
0.0230098561172431
0.0053677427495963815
0.0053677427495963815
0.0053677427495963815
-4.875396135352999e-10
