1.0
0.7265684208110739
0.4531368415082546
0.14400261339915035
0.027680961253586107
0.00014609839830748663
-0.00019651402009591797
-2.328776681462365e-5
1.4941170820509197e-6
-3.220301770691241e-11
0.7265684208110739
0.5573256652776226
0.33731190560286506
0.10973857470108025
0.020283659155924404
0.0004053728788330773
-0.00014768278877365457
-4.848117840394002e-6
1.1582269043847403e-7
0.4531368415082546
0.33731190560286506
0.2054368003319271
0.060210649996398864
0.010213470700077628
0.0002016226852244002
-4.417953399378718e-5
3.0206834714945466e-6
0.14400261339915035
0.10973857470108025
0.060210649996398864
0.014898934301888668
0.001802935300550408
0.00013485345109622162
-9.44897050575923e-6
0.027680961253586107
0.020283659155924404
0.010213470700077628
0.001802935300550408
0.0004010900678594399
-1.6787277667256545e-5
0.00014609839830748663
0.0004053728788330773
0.0002016226852244002
0.00013485345109622162
-1.6787277667256545e-5
-0.00019651402009591797
-0.00014768278877365457
-4.417953399378718e-5
-9.44897050575923e-6
-2.328776681462365e-5
-4.848117840394002e-6
3.0206834714945466e-6
1.4941170820509197e-6
1.1582269043847403e-7
-3.220301770691241e-11
0.7265684208110739
0.5573256652776226
0.33731190560286506
0.10973857470108025
0.020283659155924404
0.0004053728788330773
-0.00014768278877365457
-4.848117840394002e-6
1.1582269043847403e-7
0.5573256652776226
0.4136529665911978
0.25744951749253586
0.08091785886631661
0.015496497983987325
0.0002443259346434965
-9.74654426985218e-5
4.326235896125551e-6
0.33731190560286506
0.25744951749253586
0.15177748721858617
0.045109991495001917
0.007344165203892962
0.00018970063408175358
-1.9790481517833112e-5
0.10973857470108025
0.08091785886631661
0.045109991495001917
0.010699102706481578
0.0011517205971697036
2.4115326021991574e-5
0.020283659155924404
0.015496497983987325
0.007344165203892962
0.0011517205971697036
7.492709614215471e-5
0.0004053728788330773
0.0002443259346434965
0.00018970063408175358
2.4115326021991574e-5
-0.00014768278877365457
-9.74654426985218e-5
-1.9790481517833112e-5
-4.848117840394002e-6
4.326235896125551e-6
1.1582269043847403e-7
0.4531368415082546
0.33731190560286506
0.2054368003319271
0.060210649996398864
0.010213470700077628
0.0002016226852244002
-4.417953399378718e-5
3.0206834714945466e-6
0.33731190560286506
0.25744951749253586
0.15177748721858617
0.045109991495001917
0.007344165203892962
0.00018970063408175358
-1.9790481517833112e-5
0.2054368003319271
0.15177748721858617
0.08733736004980028
0.0228496865858716
0.0028290850526775883
3.24315927388897e-5
0.060210649996398864
0.045109991495001917
0.0228496865858716
0.004088767215755181
0.00017682837421706166
0.010213470700077628
0.007344165203892962
0.0028290850526775883
0.00017682837421706166
0.0002016226852244002
0.00018970063408175358
3.24315927388897e-5
-4.417953399378718e-5
-1.9790481517833112e-5
3.0206834714945466e-6
0.14400261339915035
0.10973857470108025
0.060210649996398864
0.014898934301888668
0.001802935300550408
0.00013485345109622162
-9.44897050575923e-6
0.10973857470108025
0.08091785886631661
0.045109991495001917
0.010699102706481578
0.0011517205971697036
2.4115326021991574e-5
0.060210649996398864
0.045109991495001917
0.0228496865858716
0.004088767215755181
0.00017682837421706166
0.014898934301888668
0.010699102706481578
0.004088767215755181
0.00022489764559938406
0.001802935300550408
0.0011517205971697036
0.00017682837421706166
0.00013485345109622162
2.4115326021991574e-5
-9.44897050575923e-6
0.027680961253586107
0.020283659155924404
0.010213470700077628
0.001802935300550408
0.0004010900678594399
-1.6787277667256545e-5
0.020283659155924404
0.015496497983987325
0.007344165203892962
0.0011517205971697036
7.492709614215471e-5
0.010213470700077628
0.007344165203892962
0.0028290850526775883
0.00017682837421706166
0.001802935300550408
0.0011517205971697036
0.00017682837421706166
0.0004010900678594399
7.492709614215471e-5
-1.6787277667256545e-5
0.00014609839830748663
0.0004053728788330773
0.0002016226852244002
0.00013485345109622162
-1.6787277667256545e-5
0.0004053728788330773
0.0002443259346434965
0.00018970063408175358
2.4115326021991574e-5
0.0002016226852244002
0.00018970063408175358
3.24315927388897e-5
0.00013485345109622162
2.4115326021991574e-5
-1.6787277667256545e-5
-0.00019651402009591797
-0.00014768278877365457
-4.417953399378718e-5
-9.44897050575923e-6
-0.00014768278877365457
-9.74654426985218e-5
-1.9790481517833112e-5
-4.417953399378718e-5
-1.9790481517833112e-5
-9.44897050575923e-6
-2.328776681462365e-5
-4.848117840394002e-6
3.0206834714945466e-6
-4.848117840394002e-6
4.326235896125551e-6
3.0206834714945466e-6
1.4941170820509197e-6
1.1582269043847403e-7
1.1582269043847403e-7
-3.220301770691241e-11
0.7265684208110739
0.5573256652776226
0.33731190560286506
0.10973857470108025
0.020283659155924404
0.0004053728788330773
-0.00014768278877365457
-4.848117840394002e-6
1.1582269043847403e-7
0.5573256652776226
0.4136529665911978
0.25744951749253586
0.08091785886631661
0.015496497983987325
0.0002443259346434965
-9.74654426985218e-5
4.326235896125551e-6
0.33731190560286506
0.25744951749253586
0.15177748721858617
0.045109991495001917
0.007344165203892962
0.00018970063408175358
-1.9790481517833112e-5
0.10973857470108025
0.08091785886631661
0.045109991495001917
0.010699102706481578
0.0011517205971697036
2.4115326021991574e-5
0.020283659155924404
0.015496497983987325
0.007344165203892962
0.0011517205971697036
7.492709614215471e-5
0.0004053728788330773
0.0002443259346434965
0.00018970063408175358
2.4115326021991574e-5
-0.00014768278877365457
-9.74654426985218e-5
-1.9790481517833112e-5
-4.848117840394002e-6
4.326235896125551e-6
1.1582269043847403e-7
0.5573256652776226
0.4136529665911978
0.25744951749253586
0.08091785886631661
0.015496497983987325
0.0002443259346434965
-9.74654426985218e-5
4.326235896125551e-6
0.4136529665911978
0.3171903604278948
0.19153522947905371
0.06090359958006547
0.011292015835467835
0.00017409506156008343
-6.145297471738625e-5
0.25744951749253586
0.19153522947905371
0.1149531574203866
0.03302878250232268
0.00536566547932484
0.00012113332894024303
0.08091785886631661
0.06090359958006547
0.03302878250232268
0.0076608279155044165
0.0008140027464504726
0.015496497983987325
0.011292015835467835
0.00536566547932484
0.0008140027464504726
0.0002443259346434965
0.00017409506156008343
0.00012113332894024303
-9.74654426985218e-5
-6.145297471738625e-5
4.326235896125551e-6
0.33731190560286506
0.25744951749253586
0.15177748721858617
0.045109991495001917
0.007344165203892962
0.00018970063408175358
-1.9790481517833112e-5
0.25744951749253586
0.19153522947905371
0.1149531574203866
0.03302878250232268
0.00536566547932484
0.00012113332894024303
0.15177748721858617
0.1149531574203866
0.06475571616976708
0.01645103922346903
0.002017996821913156
0.045109991495001917
0.03302878250232268
0.01645103922346903
0.002906605765159318
0.007344165203892962
0.00536566547932484
0.002017996821913156
0.00018970063408175358
0.00012113332894024303
-1.9790481517833112e-5
0.10973857470108025
0.08091785886631661
0.045109991495001917
0.010699102706481578
0.0011517205971697036
2.4115326021991574e-5
0.08091785886631661
0.06090359958006547
0.03302878250232268
0.0076608279155044165
0.0008140027464504726
0.045109991495001917
0.03302878250232268
0.01645103922346903
0.002906605765159318
0.010699102706481578
0.0076608279155044165
0.002906605765159318
0.0011517205971697036
0.0008140027464504726
2.4115326021991574e-5
0.020283659155924404
0.015496497983987325
0.007344165203892962
0.0011517205971697036
7.492709614215471e-5
0.015496497983987325
0.011292015835467835
0.00536566547932484
0.0008140027464504726
0.007344165203892962
0.00536566547932484
0.002017996821913156
0.0011517205971697036
0.0008140027464504726
7.492709614215471e-5
0.0004053728788330773
0.0002443259346434965
0.00018970063408175358
2.4115326021991574e-5
0.0002443259346434965
0.00017409506156008343
0.00012113332894024303
0.00018970063408175358
0.00012113332894024303
2.4115326021991574e-5
-0.00014768278877365457
-9.74654426985218e-5
-1.9790481517833112e-5
-9.74654426985218e-5
-6.145297471738625e-5
-1.9790481517833112e-5
-4.848117840394002e-6
4.326235896125551e-6
4.326235896125551e-6
1.1582269043847403e-7
0.4531368415082546
0.33731190560286506
0.2054368003319271
0.060210649996398864
0.010213470700077628
0.0002016226852244002
-4.417953399378718e-5
3.0206834714945466e-6
0.33731190560286506
0.25744951749253586
0.15177748721858617
0.045109991495001917
0.007344165203892962
0.00018970063408175358
-1.9790481517833112e-5
0.2054368003319271
0.15177748721858617
0.08733736004980028
0.0228496865858716
0.0028290850526775883
3.24315927388897e-5
0.060210649996398864
0.045109991495001917
0.0228496865858716
0.004088767215755181
0.00017682837421706166
0.010213470700077628
0.007344165203892962
0.0028290850526775883
0.00017682837421706166
0.0002016226852244002
0.00018970063408175358
3.24315927388897e-5
-4.417953399378718e-5
-1.9790481517833112e-5
3.0206834714945466e-6
0.33731190560286506
0.25744951749253586
0.15177748721858617
0.045109991495001917
0.007344165203892962
0.00018970063408175358
-1.9790481517833112e-5
0.25744951749253586
0.19153522947905371
0.1149531574203866
0.03302878250232268
0.00536566547932484
0.00012113332894024303
0.15177748721858617
0.1149531574203866
0.06475571616976708
0.01645103922346903
0.002017996821913156
0.045109991495001917
0.03302878250232268
0.01645103922346903
0.002906605765159318
0.007344165203892962
0.00536566547932484
0.002017996821913156
0.00018970063408175358
0.00012113332894024303
-1.9790481517833112e-5
0.2054368003319271
0.15177748721858617
0.08733736004980028
0.0228496865858716
0.0028290850526775883
3.24315927388897e-5
0.15177748721858617
0.1149531574203866
0.06475571616976708
0.01645103922346903
0.002017996821913156
0.08733736004980028
0.06475571616976708
0.0343407494960278
0.007112664933788707
0.0228496865858716
0.01645103922346903
0.007112664933788707
0.0028290850526775883
0.002017996821913156
3.24315927388897e-5
0.060210649996398864
0.045109991495001917
0.0228496865858716
0.004088767215755181
0.00017682837421706166
0.045109991495001917
0.03302878250232268
0.01645103922346903
0.002906605765159318
0.0228496865858716
0.01645103922346903
0.007112664933788707
0.004088767215755181
0.002906605765159318
0.00017682837421706166
0.010213470700077628
0.007344165203892962
0.0028290850526775883
0.00017682837421706166
0.007344165203892962
0.00536566547932484
0.002017996821913156
0.0028290850526775883
0.002017996821913156
0.00017682837421706166
0.0002016226852244002
0.00018970063408175358
3.24315927388897e-5
0.00018970063408175358
0.00012113332894024303
3.24315927388897e-5
-4.417953399378718e-5
-1.9790481517833112e-5
-1.9790481517833112e-5
3.0206834714945466e-6
0.14400261339915035
0.10973857470108025
0.060210649996398864
0.014898934301888668
0.001802935300550408
0.00013485345109622162
-9.44897050575923e-6
0.10973857470108025
0.08091785886631661
0.045109991495001917
0.010699102706481578
0.0011517205971697036
2.4115326021991574e-5
0.060210649996398864
0.045109991495001917
0.0228496865858716
0.004088767215755181
0.00017682837421706166
0.014898934301888668
0.010699102706481578
0.004088767215755181
0.00022489764559938406
0.001802935300550408
0.0011517205971697036
0.00017682837421706166
0.00013485345109622162
2.4115326021991574e-5
-9.44897050575923e-6
0.10973857470108025
0.08091785886631661
0.045109991495001917
0.010699102706481578
0.0011517205971697036
2.4115326021991574e-5
0.08091785886631661
0.06090359958006547
0.03302878250232268
0.0076608279155044165
0.0008140027464504726
0.045109991495001917
0.03302878250232268
0.01645103922346903
0.002906605765159318
0.010699102706481578
0.0076608279155044165
0.002906605765159318
0.0011517205971697036
0.0008140027464504726
2.4115326021991574e-5
0.060210649996398864
0.045109991495001917
0.0228496865858716
0.004088767215755181
0.00017682837421706166
0.045109991495001917
0.03302878250232268
0.01645103922346903
0.002906605765159318
0.0228496865858716
0.01645103922346903
0.007112664933788707
0.004088767215755181
0.002906605765159318
0.00017682837421706166
0.014898934301888668
0.010699102706481578
0.004088767215755181
0.00022489764559938406
0.010699102706481578
0.0076608279155044165
0.002906605765159318
0.004088767215755181
0.002906605765159318
0.00022489764559938406
0.001802935300550408
0.0011517205971697036
0.00017682837421706166
0.0011517205971697036
0.0008140027464504726
0.00017682837421706166
0.00013485345109622162
2.4115326021991574e-5
2.4115326021991574e-5
-9.44897050575923e-6
0.027680961253586107
0.020283659155924404
0.010213470700077628
0.001802935300550408
0.0004010900678594399
-1.6787277667256545e-5
0.020283659155924404
0.015496497983987325
0.007344165203892962
0.0011517205971697036
7.492709614215471e-5
0.010213470700077628
0.007344165203892962
0.0028290850526775883
0.00017682837421706166
0.001802935300550408
0.0011517205971697036
0.00017682837421706166
0.0004010900678594399
7.492709614215471e-5
-1.6787277667256545e-5
0.020283659155924404
0.015496497983987325
0.007344165203892962
0.0011517205971697036
7.492709614215471e-5
0.015496497983987325
0.011292015835467835
0.00536566547932484
0.0008140027464504726
0.007344165203892962
0.00536566547932484
0.002017996821913156
0.0011517205971697036
0.0008140027464504726
7.492709614215471e-5
0.010213470700077628
0.007344165203892962
0.0028290850526775883
0.00017682837421706166
0.007344165203892962
0.00536566547932484
0.002017996821913156
0.0028290850526775883
0.002017996821913156
0.00017682837421706166
0.001802935300550408
0.0011517205971697036
0.00017682837421706166
0.0011517205971697036
0.0008140027464504726
0.00017682837421706166
0.0004010900678594399
7.492709614215471e-5
7.492709614215471e-5
-1.6787277667256545e-5
0.00014609839830748663
0.0004053728788330773
0.0002016226852244002
0.00013485345109622162
-1.6787277667256545e-5
0.0004053728788330773
0.0002443259346434965
0.00018970063408175358
2.4115326021991574e-5
0.0002016226852244002
0.00018970063408175358
3.24315927388897e-5
0.00013485345109622162
2.4115326021991574e-5
-1.6787277667256545e-5
0.0004053728788330773
0.0002443259346434965
0.00018970063408175358
2.4115326021991574e-5
0.0002443259346434965
0.00017409506156008343
0.00012113332894024303
0.00018970063408175358
0.00012113332894024303
2.4115326021991574e-5
0.0002016226852244002
0.00018970063408175358
3.24315927388897e-5
0.00018970063408175358
0.00012113332894024303
3.24315927388897e-5
0.00013485345109622162
2.4115326021991574e-5
2.4115326021991574e-5
-1.6787277667256545e-5
-0.00019651402009591797
-0.00014768278877365457
-4.417953399378718e-5
-9.44897050575923e-6
-0.00014768278877365457
-9.74654426985218e-5
-1.9790481517833112e-5
-4.417953399378718e-5
-1.9790481517833112e-5
-9.44897050575923e-6
-0.00014768278877365457
-9.74654426985218e-5
-1.9790481517833112e-5
-9.74654426985218e-5
-6.145297471738625e-5
-1.9790481517833112e-5
-4.417953399378718e-5
-1.9790481517833112e-5
-1.9790481517833112e-5
-9.44897050575923e-6
-2.328776681462365e-5
-4.848117840394002e-6
3.0206834714945466e-6
-4.848117840394002e-6
4.326235896125551e-6
3.0206834714945466e-6
-4.848117840394002e-6
4.326235896125551e-6
4.326235896125551e-6
3.0206834714945466e-6
1.4941170820509197e-6
1.1582269043847403e-7
1.1582269043847403e-7
1.1582269043847403e-7
-3.220301770691241e-11
