1.0
0.7742568805019056
0.5485137608296966
0.2409478506667018
0.084275870329652
0.009315021395282813
0.0003390580753018603
-0.00020378609215766606
8.448100106366796e-6
-6.158235582424711e-6
3.066054541325798e-7
-2.4764613904991523e-11
0.7742568805019056
0.6244410180879139
0.4327101965596704
0.19288338541290384
0.06577469364120232
0.007782967969943373
0.0002362080883277595
-0.0001198947332788601
-3.911982924051793e-6
-1.9550942158712107e-6
-8.155613169187013e-8
0.5485137608296966
0.4327101965596704
0.30563138333240963
0.12975848826287847
0.043217750691593594
0.004730961080079731
0.0002602882644232502
-4.261935696058786e-5
-3.661581298301246e-6
6.392962776405617e-7
0.2409478506667018
0.19288338541290384
0.12975848826287847
0.05279639197888044
0.015283256467031388
0.0013613300557034009
8.719734429147818e-5
2.4802718582588414e-6
1.083155861370528e-6
0.084275870329652
0.06577469364120232
0.043217750691593594
0.015283256467031388
0.0037186108853979757
0.00027867145929690707
5.386651073717611e-5
-3.7550331360378064e-6
0.009315021395282813
0.007782967969943373
0.004730961080079731
0.0013613300557034009
0.00027867145929690707
9.37213764295461e-5
-6.8585010205513265e-6
0.0003390580753018603
0.0002362080883277595
0.0002602882644232502
8.719734429147818e-5
5.386651073717611e-5
-6.8585010205513265e-6
-0.00020378609215766606
-0.0001198947332788601
-4.261935696058786e-5
2.4802718582588414e-6
-3.7550331360378064e-6
8.448100106366796e-6
-3.911982924051793e-6
-3.661581298301246e-6
1.083155861370528e-6
-6.158235582424711e-6
-1.9550942158712107e-6
6.392962776405617e-7
3.066054541325798e-7
-8.155613169187013e-8
-2.4764613904991523e-11
0.7742568805019056
0.6244410180879139
0.4327101965596704
0.19288338541290384
0.06577469364120232
0.007782967969943373
0.0002362080883277595
-0.0001198947332788601
-3.911982924051793e-6
-1.9550942158712107e-6
-8.155613169187013e-8
0.6244410180879139
0.4892562008781218
0.3481638059760442
0.1510806267669787
0.05224582371756124
0.0059614283252405545
0.00021225943355229144
-9.054826792792377e-5
-2.375576449909878e-6
-2.9541250748934513e-7
0.4327101965596704
0.3481638059760442
0.23965841485807385
0.103342349197267
0.03341445598907054
0.0037047172388785863
0.00018498863261318734
-3.160021401908565e-5
3.6851169174345824e-7
0.19288338541290384
0.1510806267669787
0.103342349197267
0.040528430620199056
0.011736881019222267
0.0009750686943089413
4.955947449425422e-5
2.133016473562547e-7
0.06577469364120232
0.05224582371756124
0.03341445598907054
0.011736881019222267
0.0026826404680469285
0.00013273367227414963
1.4154839646139464e-5
0.007782967969943373
0.0059614283252405545
0.0037047172388785863
0.0009750686943089413
0.00013273367227414963
1.9901049069694656e-5
0.0002362080883277595
0.00021225943355229144
0.00018498863261318734
4.955947449425422e-5
1.4154839646139464e-5
-0.0001198947332788601
-9.054826792792377e-5
-3.160021401908565e-5
2.133016473562547e-7
-3.911982924051793e-6
-2.375576449909878e-6
3.6851169174345824e-7
-1.9550942158712107e-6
-2.9541250748934513e-7
-8.155613169187013e-8
0.5485137608296966
0.4327101965596704
0.30563138333240963
0.12975848826287847
0.043217750691593594
0.004730961080079731
0.0002602882644232502
-4.261935696058786e-5
-3.661581298301246e-6
6.392962776405617e-7
0.4327101965596704
0.3481638059760442
0.23965841485807385
0.103342349197267
0.03341445598907054
0.0037047172388785863
0.00018498863261318734
-3.160021401908565e-5
3.6851169174345824e-7
0.30563138333240963
0.23965841485807385
0.16551533430478083
0.06775299540255217
0.020909904557779056
0.002069957791659535
0.00011799747142718343
-1.6796689323702543e-6
0.12975848826287847
0.103342349197267
0.06775299540255217
0.02544760449994558
0.00663919470350596
0.0004036188191968101
1.5449097481576316e-5
0.043217750691593594
0.03341445598907054
0.020909904557779056
0.00663919470350596
0.0011924054464247718
1.16905329270583e-5
0.004730961080079731
0.0037047172388785863
0.002069957791659535
0.0004036188191968101
1.16905329270583e-5
0.0002602882644232502
0.00018498863261318734
0.00011799747142718343
1.5449097481576316e-5
-4.261935696058786e-5
-3.160021401908565e-5
-1.6796689323702543e-6
-3.661581298301246e-6
3.6851169174345824e-7
6.392962776405617e-7
0.2409478506667018
0.19288338541290384
0.12975848826287847
0.05279639197888044
0.015283256467031388
0.0013613300557034009
8.719734429147818e-5
2.4802718582588414e-6
1.083155861370528e-6
0.19288338541290384
0.1510806267669787
0.103342349197267
0.040528430620199056
0.011736881019222267
0.0009750686943089413
4.955947449425422e-5
2.133016473562547e-7
0.12975848826287847
0.103342349197267
0.06775299540255217
0.02544760449994558
0.00663919470350596
0.0004036188191968101
1.5449097481576316e-5
0.05279639197888044
0.040528430620199056
0.02544760449994558
0.008082109696511405
0.0014468684388589225
2.6551123713540233e-5
0.015283256467031388
0.011736881019222267
0.00663919470350596
0.0014468684388589225
9.438266096585379e-5
0.0013613300557034009
0.0009750686943089413
0.0004036188191968101
2.6551123713540233e-5
8.719734429147818e-5
4.955947449425422e-5
1.5449097481576316e-5
2.4802718582588414e-6
2.133016473562547e-7
1.083155861370528e-6
0.084275870329652
0.06577469364120232
0.043217750691593594
0.015283256467031388
0.0037186108853979757
0.00027867145929690707
5.386651073717611e-5
-3.7550331360378064e-6
0.06577469364120232
0.05224582371756124
0.03341445598907054
0.011736881019222267
0.0026826404680469285
0.00013273367227414963
1.4154839646139464e-5
0.043217750691593594
0.03341445598907054
0.020909904557779056
0.00663919470350596
0.0011924054464247718
1.16905329270583e-5
0.015283256467031388
0.011736881019222267
0.00663919470350596
0.0014468684388589225
9.438266096585379e-5
0.0037186108853979757
0.0026826404680469285
0.0011924054464247718
9.438266096585379e-5
0.00027867145929690707
0.00013273367227414963
1.16905329270583e-5
5.386651073717611e-5
1.4154839646139464e-5
-3.7550331360378064e-6
0.009315021395282813
0.007782967969943373
0.004730961080079731
0.0013613300557034009
0.00027867145929690707
9.37213764295461e-5
-6.8585010205513265e-6
0.007782967969943373
0.0059614283252405545
0.0037047172388785863
0.0009750686943089413
0.00013273367227414963
1.9901049069694656e-5
0.004730961080079731
0.0037047172388785863
0.002069957791659535
0.0004036188191968101
1.16905329270583e-5
0.0013613300557034009
0.0009750686943089413
0.0004036188191968101
2.6551123713540233e-5
0.00027867145929690707
0.00013273367227414963
1.16905329270583e-5
9.37213764295461e-5
1.9901049069694656e-5
-6.8585010205513265e-6
0.0003390580753018603
0.0002362080883277595
0.0002602882644232502
8.719734429147818e-5
5.386651073717611e-5
-6.8585010205513265e-6
0.0002362080883277595
0.00021225943355229144
0.00018498863261318734
4.955947449425422e-5
1.4154839646139464e-5
0.0002602882644232502
0.00018498863261318734
0.00011799747142718343
1.5449097481576316e-5
8.719734429147818e-5
4.955947449425422e-5
1.5449097481576316e-5
5.386651073717611e-5
1.4154839646139464e-5
-6.8585010205513265e-6
-0.00020378609215766606
-0.0001198947332788601
-4.261935696058786e-5
2.4802718582588414e-6
-3.7550331360378064e-6
-0.0001198947332788601
-9.054826792792377e-5
-3.160021401908565e-5
2.133016473562547e-7
-4.261935696058786e-5
-3.160021401908565e-5
-1.6796689323702543e-6
2.4802718582588414e-6
2.133016473562547e-7
-3.7550331360378064e-6
8.448100106366796e-6
-3.911982924051793e-6
-3.661581298301246e-6
1.083155861370528e-6
-3.911982924051793e-6
-2.375576449909878e-6
3.6851169174345824e-7
-3.661581298301246e-6
3.6851169174345824e-7
1.083155861370528e-6
-6.158235582424711e-6
-1.9550942158712107e-6
6.392962776405617e-7
-1.9550942158712107e-6
-2.9541250748934513e-7
6.392962776405617e-7
3.066054541325798e-7
-8.155613169187013e-8
-8.155613169187013e-8
-2.4764613904991523e-11
0.7742568805019056
0.6244410180879139
0.4327101965596704
0.19288338541290384
0.06577469364120232
0.007782967969943373
0.0002362080883277595
-0.0001198947332788601
-3.911982924051793e-6
-1.9550942158712107e-6
-8.155613169187013e-8
0.6244410180879139
0.4892562008781218
0.3481638059760442
0.1510806267669787
0.05224582371756124
0.0059614283252405545
0.00021225943355229144
-9.054826792792377e-5
-2.375576449909878e-6
-2.9541250748934513e-7
0.4327101965596704
0.3481638059760442
0.23965841485807385
0.103342349197267
0.03341445598907054
0.0037047172388785863
0.00018498863261318734
-3.160021401908565e-5
3.6851169174345824e-7
0.19288338541290384
0.1510806267669787
0.103342349197267
0.040528430620199056
0.011736881019222267
0.0009750686943089413
4.955947449425422e-5
2.133016473562547e-7
0.06577469364120232
0.05224582371756124
0.03341445598907054
0.011736881019222267
0.0026826404680469285
0.00013273367227414963
1.4154839646139464e-5
0.007782967969943373
0.0059614283252405545
0.0037047172388785863
0.0009750686943089413
0.00013273367227414963
1.9901049069694656e-5
0.0002362080883277595
0.00021225943355229144
0.00018498863261318734
4.955947449425422e-5
1.4154839646139464e-5
-0.0001198947332788601
-9.054826792792377e-5
-3.160021401908565e-5
2.133016473562547e-7
-3.911982924051793e-6
-2.375576449909878e-6
3.6851169174345824e-7
-1.9550942158712107e-6
-2.9541250748934513e-7
-8.155613169187013e-8
0.6244410180879139
0.4892562008781218
0.3481638059760442
0.1510806267669787
0.05224582371756124
0.0059614283252405545
0.00021225943355229144
-9.054826792792377e-5
-2.375576449909878e-6
-2.9541250748934513e-7
0.4892562008781218
0.39422894241728224
0.27350355817929134
0.12028703190549331
0.040358024932983204
0.004644784037217112
0.0001209996273537511
-8.277597413976014e-5
1.7759372841308233e-6
0.3481638059760442
0.27350355817929134
0.1920920470865424
0.08032812229287838
0.026176064458740805
0.002772965875698164
0.00013678518882992235
-2.1212143551780617e-5
0.1510806267669787
0.12028703190549331
0.08032812229287838
0.031637407563849806
0.008853716382558037
0.0006850653906116859
2.8587931243865776e-5
0.05224582371756124
0.040358024932983204
0.026176064458740805
0.008853716382558037
0.0019363531680090084
7.254991906138606e-5
0.0059614283252405545
0.004644784037217112
0.002772965875698164
0.0006850653906116859
7.254991906138606e-5
0.00021225943355229144
0.0001209996273537511
0.00013678518882992235
2.8587931243865776e-5
-9.054826792792377e-5
-8.277597413976014e-5
-2.1212143551780617e-5
-2.375576449909878e-6
1.7759372841308233e-6
-2.9541250748934513e-7
0.4327101965596704
0.3481638059760442
0.23965841485807385
0.103342349197267
0.03341445598907054
0.0037047172388785863
0.00018498863261318734
-3.160021401908565e-5
3.6851169174345824e-7
0.3481638059760442
0.27350355817929134
0.1920920470865424
0.08032812229287838
0.026176064458740805
0.002772965875698164
0.00013678518882992235
-2.1212143551780617e-5
0.23965841485807385
0.1920920470865424
0.13006228206789083
0.05330638817025241
0.016072842845620227
0.001531806599825073
7.67692687872299e-5
0.103342349197267
0.08032812229287838
0.05330638817025241
0.019502403144811505
0.004851918450597891
0.00029203631855289003
0.03341445598907054
0.026176064458740805
0.016072842845620227
0.004851918450597891
0.0008248551526833032
0.0037047172388785863
0.002772965875698164
0.001531806599825073
0.00029203631855289003
0.00018498863261318734
0.00013678518882992235
7.67692687872299e-5
-3.160021401908565e-5
-2.1212143551780617e-5
3.6851169174345824e-7
0.19288338541290384
0.1510806267669787
0.103342349197267
0.040528430620199056
0.011736881019222267
0.0009750686943089413
4.955947449425422e-5
2.133016473562547e-7
0.1510806267669787
0.12028703190549331
0.08032812229287838
0.031637407563849806
0.008853716382558037
0.0006850653906116859
2.8587931243865776e-5
0.103342349197267
0.08032812229287838
0.05330638817025241
0.019502403144811505
0.004851918450597891
0.00029203631855289003
0.040528430620199056
0.031637407563849806
0.019502403144811505
0.005895289719409842
0.000983455778894983
0.011736881019222267
0.008853716382558037
0.004851918450597891
0.000983455778894983
0.0009750686943089413
0.0006850653906116859
0.00029203631855289003
4.955947449425422e-5
2.8587931243865776e-5
2.133016473562547e-7
0.06577469364120232
0.05224582371756124
0.03341445598907054
0.011736881019222267
0.0026826404680469285
0.00013273367227414963
1.4154839646139464e-5
0.05224582371756124
0.040358024932983204
0.026176064458740805
0.008853716382558037
0.0019363531680090084
7.254991906138606e-5
0.03341445598907054
0.026176064458740805
0.016072842845620227
0.004851918450597891
0.0008248551526833032
0.011736881019222267
0.008853716382558037
0.004851918450597891
0.000983455778894983
0.0026826404680469285
0.0019363531680090084
0.0008248551526833032
0.00013273367227414963
7.254991906138606e-5
1.4154839646139464e-5
0.007782967969943373
0.0059614283252405545
0.0037047172388785863
0.0009750686943089413
0.00013273367227414963
1.9901049069694656e-5
0.0059614283252405545
0.004644784037217112
0.002772965875698164
0.0006850653906116859
7.254991906138606e-5
0.0037047172388785863
0.002772965875698164
0.001531806599825073
0.00029203631855289003
0.0009750686943089413
0.0006850653906116859
0.00029203631855289003
0.00013273367227414963
7.254991906138606e-5
1.9901049069694656e-5
0.0002362080883277595
0.00021225943355229144
0.00018498863261318734
4.955947449425422e-5
1.4154839646139464e-5
0.00021225943355229144
0.0001209996273537511
0.00013678518882992235
2.8587931243865776e-5
0.00018498863261318734
0.00013678518882992235
7.67692687872299e-5
4.955947449425422e-5
2.8587931243865776e-5
1.4154839646139464e-5
-0.0001198947332788601
-9.054826792792377e-5
-3.160021401908565e-5
2.133016473562547e-7
-9.054826792792377e-5
-8.277597413976014e-5
-2.1212143551780617e-5
-3.160021401908565e-5
-2.1212143551780617e-5
2.133016473562547e-7
-3.911982924051793e-6
-2.375576449909878e-6
3.6851169174345824e-7
-2.375576449909878e-6
1.7759372841308233e-6
3.6851169174345824e-7
-1.9550942158712107e-6
-2.9541250748934513e-7
-2.9541250748934513e-7
-8.155613169187013e-8
0.5485137608296966
0.4327101965596704
0.30563138333240963
0.12975848826287847
0.043217750691593594
0.004730961080079731
0.0002602882644232502
-4.261935696058786e-5
-3.661581298301246e-6
6.392962776405617e-7
0.4327101965596704
0.3481638059760442
0.23965841485807385
0.103342349197267
0.03341445598907054
0.0037047172388785863
0.00018498863261318734
-3.160021401908565e-5
3.6851169174345824e-7
0.30563138333240963
0.23965841485807385
0.16551533430478083
0.06775299540255217
0.020909904557779056
0.002069957791659535
0.00011799747142718343
-1.6796689323702543e-6
0.12975848826287847
0.103342349197267
0.06775299540255217
0.02544760449994558
0.00663919470350596
0.0004036188191968101
1.5449097481576316e-5
0.043217750691593594
0.03341445598907054
0.020909904557779056
0.00663919470350596
0.0011924054464247718
1.16905329270583e-5
0.004730961080079731
0.0037047172388785863
0.002069957791659535
0.0004036188191968101
1.16905329270583e-5
0.0002602882644232502
0.00018498863261318734
0.00011799747142718343
1.5449097481576316e-5
-4.261935696058786e-5
-3.160021401908565e-5
-1.6796689323702543e-6
-3.661581298301246e-6
3.6851169174345824e-7
6.392962776405617e-7
0.4327101965596704
0.3481638059760442
0.23965841485807385
0.103342349197267
0.03341445598907054
0.0037047172388785863
0.00018498863261318734
-3.160021401908565e-5
3.6851169174345824e-7
0.3481638059760442
0.27350355817929134
0.1920920470865424
0.08032812229287838
0.026176064458740805
0.002772965875698164
0.00013678518882992235
-2.1212143551780617e-5
0.23965841485807385
0.1920920470865424
0.13006228206789083
0.05330638817025241
0.016072842845620227
0.001531806599825073
7.67692687872299e-5
0.103342349197267
0.08032812229287838
0.05330638817025241
0.019502403144811505
0.004851918450597891
0.00029203631855289003
0.03341445598907054
0.026176064458740805
0.016072842845620227
0.004851918450597891
0.0008248551526833032
0.0037047172388785863
0.002772965875698164
0.001531806599825073
0.00029203631855289003
0.00018498863261318734
0.00013678518882992235
7.67692687872299e-5
-3.160021401908565e-5
-2.1212143551780617e-5
3.6851169174345824e-7
0.30563138333240963
0.23965841485807385
0.16551533430478083
0.06775299540255217
0.020909904557779056
0.002069957791659535
0.00011799747142718343
-1.6796689323702543e-6
0.23965841485807385
0.1920920470865424
0.13006228206789083
0.05330638817025241
0.016072842845620227
0.001531806599825073
7.67692687872299e-5
0.16551533430478083
0.13006228206789083
0.08798903309658687
0.03394891397741822
0.009225474281141063
0.0007301303343515481
0.06775299540255217
0.05330638817025241
0.03394891397741822
0.011351472353153647
0.002364679486287696
0.020909904557779056
0.016072842845620227
0.009225474281141063
0.002364679486287696
0.002069957791659535
0.001531806599825073
0.0007301303343515481
0.00011799747142718343
7.67692687872299e-5
-1.6796689323702543e-6
0.12975848826287847
0.103342349197267
0.06775299540255217
0.02544760449994558
0.00663919470350596
0.0004036188191968101
1.5449097481576316e-5
0.103342349197267
0.08032812229287838
0.05330638817025241
0.019502403144811505
0.004851918450597891
0.00029203631855289003
0.06775299540255217
0.05330638817025241
0.03394891397741822
0.011351472353153647
0.002364679486287696
0.02544760449994558
0.019502403144811505
0.011351472353153647
0.0028993019216599965
0.00663919470350596
0.004851918450597891
0.002364679486287696
0.0004036188191968101
0.00029203631855289003
1.5449097481576316e-5
0.043217750691593594
0.03341445598907054
0.020909904557779056
0.00663919470350596
0.0011924054464247718
1.16905329270583e-5
0.03341445598907054
0.026176064458740805
0.016072842845620227
0.004851918450597891
0.0008248551526833032
0.020909904557779056
0.016072842845620227
0.009225474281141063
0.002364679486287696
0.00663919470350596
0.004851918450597891
0.002364679486287696
0.0011924054464247718
0.0008248551526833032
1.16905329270583e-5
0.004730961080079731
0.0037047172388785863
0.002069957791659535
0.0004036188191968101
1.16905329270583e-5
0.0037047172388785863
0.002772965875698164
0.001531806599825073
0.00029203631855289003
0.002069957791659535
0.001531806599825073
0.0007301303343515481
0.0004036188191968101
0.00029203631855289003
1.16905329270583e-5
0.0002602882644232502
0.00018498863261318734
0.00011799747142718343
1.5449097481576316e-5
0.00018498863261318734
0.00013678518882992235
7.67692687872299e-5
0.00011799747142718343
7.67692687872299e-5
1.5449097481576316e-5
-4.261935696058786e-5
-3.160021401908565e-5
-1.6796689323702543e-6
-3.160021401908565e-5
-2.1212143551780617e-5
-1.6796689323702543e-6
-3.661581298301246e-6
3.6851169174345824e-7
3.6851169174345824e-7
6.392962776405617e-7
0.2409478506667018
0.19288338541290384
0.12975848826287847
0.05279639197888044
0.015283256467031388
0.0013613300557034009
8.719734429147818e-5
2.4802718582588414e-6
1.083155861370528e-6
0.19288338541290384
0.1510806267669787
0.103342349197267
0.040528430620199056
0.011736881019222267
0.0009750686943089413
4.955947449425422e-5
2.133016473562547e-7
0.12975848826287847
0.103342349197267
0.06775299540255217
0.02544760449994558
0.00663919470350596
0.0004036188191968101
1.5449097481576316e-5
0.05279639197888044
0.040528430620199056
0.02544760449994558
0.008082109696511405
0.0014468684388589225
2.6551123713540233e-5
0.015283256467031388
0.011736881019222267
0.00663919470350596
0.0014468684388589225
9.438266096585379e-5
0.0013613300557034009
0.0009750686943089413
0.0004036188191968101
2.6551123713540233e-5
8.719734429147818e-5
4.955947449425422e-5
1.5449097481576316e-5
2.4802718582588414e-6
2.133016473562547e-7
1.083155861370528e-6
0.19288338541290384
0.1510806267669787
0.103342349197267
0.040528430620199056
0.011736881019222267
0.0009750686943089413
4.955947449425422e-5
2.133016473562547e-7
0.1510806267669787
0.12028703190549331
0.08032812229287838
0.031637407563849806
0.008853716382558037
0.0006850653906116859
2.8587931243865776e-5
0.103342349197267
0.08032812229287838
0.05330638817025241
0.019502403144811505
0.004851918450597891
0.00029203631855289003
0.040528430620199056
0.031637407563849806
0.019502403144811505
0.005895289719409842
0.000983455778894983
0.011736881019222267
0.008853716382558037
0.004851918450597891
0.000983455778894983
0.0009750686943089413
0.0006850653906116859
0.00029203631855289003
4.955947449425422e-5
2.8587931243865776e-5
2.133016473562547e-7
0.12975848826287847
0.103342349197267
0.06775299540255217
0.02544760449994558
0.00663919470350596
0.0004036188191968101
1.5449097481576316e-5
0.103342349197267
0.08032812229287838
0.05330638817025241
0.019502403144811505
0.004851918450597891
0.00029203631855289003
0.06775299540255217
0.05330638817025241
0.03394891397741822
0.011351472353153647
0.002364679486287696
0.02544760449994558
0.019502403144811505
0.011351472353153647
0.0028993019216599965
0.00663919470350596
0.004851918450597891
0.002364679486287696
0.0004036188191968101
0.00029203631855289003
1.5449097481576316e-5
0.05279639197888044
0.040528430620199056
0.02544760449994558
0.008082109696511405
0.0014468684388589225
2.6551123713540233e-5
0.040528430620199056
0.031637407563849806
0.019502403144811505
0.005895289719409842
0.000983455778894983
0.02544760449994558
0.019502403144811505
0.011351472353153647
0.0028993019216599965
0.008082109696511405
0.005895289719409842
0.0028993019216599965
0.0014468684388589225
0.000983455778894983
2.6551123713540233e-5
0.015283256467031388
0.011736881019222267
0.00663919470350596
0.0014468684388589225
9.438266096585379e-5
0.011736881019222267
0.008853716382558037
0.004851918450597891
0.000983455778894983
0.00663919470350596
0.004851918450597891
0.002364679486287696
0.0014468684388589225
0.000983455778894983
9.438266096585379e-5
0.0013613300557034009
0.0009750686943089413
0.0004036188191968101
2.6551123713540233e-5
0.0009750686943089413
0.0006850653906116859
0.00029203631855289003
0.0004036188191968101
0.00029203631855289003
2.6551123713540233e-5
8.719734429147818e-5
4.955947449425422e-5
1.5449097481576316e-5
4.955947449425422e-5
2.8587931243865776e-5
1.5449097481576316e-5
2.4802718582588414e-6
2.133016473562547e-7
2.133016473562547e-7
1.083155861370528e-6
0.084275870329652
0.06577469364120232
0.043217750691593594
0.015283256467031388
0.0037186108853979757
0.00027867145929690707
5.386651073717611e-5
-3.7550331360378064e-6
0.06577469364120232
0.05224582371756124
0.03341445598907054
0.011736881019222267
0.0026826404680469285
0.00013273367227414963
1.4154839646139464e-5
0.043217750691593594
0.03341445598907054
0.020909904557779056
0.00663919470350596
0.0011924054464247718
1.16905329270583e-5
0.015283256467031388
0.011736881019222267
0.00663919470350596
0.0014468684388589225
9.438266096585379e-5
0.0037186108853979757
0.0026826404680469285
0.0011924054464247718
9.438266096585379e-5
0.00027867145929690707
0.00013273367227414963
1.16905329270583e-5
5.386651073717611e-5
1.4154839646139464e-5
-3.7550331360378064e-6
0.06577469364120232
0.05224582371756124
0.03341445598907054
0.011736881019222267
0.0026826404680469285
0.00013273367227414963
1.4154839646139464e-5
0.05224582371756124
0.040358024932983204
0.026176064458740805
0.008853716382558037
0.0019363531680090084
7.254991906138606e-5
0.03341445598907054
0.026176064458740805
0.016072842845620227
0.004851918450597891
0.0008248551526833032
0.011736881019222267
0.008853716382558037
0.004851918450597891
0.000983455778894983
0.0026826404680469285
0.0019363531680090084
0.0008248551526833032
0.00013273367227414963
7.254991906138606e-5
1.4154839646139464e-5
0.043217750691593594
0.03341445598907054
0.020909904557779056
0.00663919470350596
0.0011924054464247718
1.16905329270583e-5
0.03341445598907054
0.026176064458740805
0.016072842845620227
0.004851918450597891
0.0008248551526833032
0.020909904557779056
0.016072842845620227
0.009225474281141063
0.002364679486287696
0.00663919470350596
0.004851918450597891
0.002364679486287696
0.0011924054464247718
0.0008248551526833032
1.16905329270583e-5
0.015283256467031388
0.011736881019222267
0.00663919470350596
0.0014468684388589225
9.438266096585379e-5
0.011736881019222267
0.008853716382558037
0.004851918450597891
0.000983455778894983
0.00663919470350596
0.004851918450597891
0.002364679486287696
0.0014468684388589225
0.000983455778894983
9.438266096585379e-5
0.0037186108853979757
0.0026826404680469285
0.0011924054464247718
9.438266096585379e-5
0.0026826404680469285
0.0019363531680090084
0.0008248551526833032
0.0011924054464247718
0.0008248551526833032
9.438266096585379e-5
0.00027867145929690707
0.00013273367227414963
1.16905329270583e-5
0.00013273367227414963
7.254991906138606e-5
1.16905329270583e-5
5.386651073717611e-5
1.4154839646139464e-5
1.4154839646139464e-5
-3.7550331360378064e-6
0.009315021395282813
0.007782967969943373
0.004730961080079731
0.0013613300557034009
0.00027867145929690707
9.37213764295461e-5
-6.8585010205513265e-6
0.007782967969943373
0.0059614283252405545
0.0037047172388785863
0.0009750686943089413
0.00013273367227414963
1.9901049069694656e-5
0.004730961080079731
0.0037047172388785863
0.002069957791659535
0.0004036188191968101
1.16905329270583e-5
0.0013613300557034009
0.0009750686943089413
0.0004036188191968101
2.6551123713540233e-5
0.00027867145929690707
0.00013273367227414963
1.16905329270583e-5
9.37213764295461e-5
1.9901049069694656e-5
-6.8585010205513265e-6
0.007782967969943373
0.0059614283252405545
0.0037047172388785863
0.0009750686943089413
0.00013273367227414963
1.9901049069694656e-5
0.0059614283252405545
0.004644784037217112
0.002772965875698164
0.0006850653906116859
7.254991906138606e-5
0.0037047172388785863
0.002772965875698164
0.001531806599825073
0.00029203631855289003
0.0009750686943089413
0.0006850653906116859
0.00029203631855289003
0.00013273367227414963
7.254991906138606e-5
1.9901049069694656e-5
0.004730961080079731
0.0037047172388785863
0.002069957791659535
0.0004036188191968101
1.16905329270583e-5
0.0037047172388785863
0.002772965875698164
0.001531806599825073
0.00029203631855289003
0.002069957791659535
0.001531806599825073
0.0007301303343515481
0.0004036188191968101
0.00029203631855289003
1.16905329270583e-5
0.0013613300557034009
0.0009750686943089413
0.0004036188191968101
2.6551123713540233e-5
0.0009750686943089413
0.0006850653906116859
0.00029203631855289003
0.0004036188191968101
0.00029203631855289003
2.6551123713540233e-5
0.00027867145929690707
0.00013273367227414963
1.16905329270583e-5
0.00013273367227414963
7.254991906138606e-5
1.16905329270583e-5
9.37213764295461e-5
1.9901049069694656e-5
1.9901049069694656e-5
-6.8585010205513265e-6
0.0003390580753018603
0.0002362080883277595
0.0002602882644232502
8.719734429147818e-5
5.386651073717611e-5
-6.8585010205513265e-6
0.0002362080883277595
0.00021225943355229144
0.00018498863261318734
4.955947449425422e-5
1.4154839646139464e-5
0.0002602882644232502
0.00018498863261318734
0.00011799747142718343
1.5449097481576316e-5
8.719734429147818e-5
4.955947449425422e-5
1.5449097481576316e-5
5.386651073717611e-5
1.4154839646139464e-5
-6.8585010205513265e-6
0.0002362080883277595
0.00021225943355229144
0.00018498863261318734
4.955947449425422e-5
1.4154839646139464e-5
0.00021225943355229144
0.0001209996273537511
0.00013678518882992235
2.8587931243865776e-5
0.00018498863261318734
0.00013678518882992235
7.67692687872299e-5
4.955947449425422e-5
2.8587931243865776e-5
1.4154839646139464e-5
0.0002602882644232502
0.00018498863261318734
0.00011799747142718343
1.5449097481576316e-5
0.00018498863261318734
0.00013678518882992235
7.67692687872299e-5
0.00011799747142718343
7.67692687872299e-5
1.5449097481576316e-5
8.719734429147818e-5
4.955947449425422e-5
1.5449097481576316e-5
4.955947449425422e-5
2.8587931243865776e-5
1.5449097481576316e-5
5.386651073717611e-5
1.4154839646139464e-5
1.4154839646139464e-5
-6.8585010205513265e-6
-0.00020378609215766606
-0.0001198947332788601
-4.261935696058786e-5
2.4802718582588414e-6
-3.7550331360378064e-6
-0.0001198947332788601
-9.054826792792377e-5
-3.160021401908565e-5
2.133016473562547e-7
-4.261935696058786e-5
-3.160021401908565e-5
-1.6796689323702543e-6
2.4802718582588414e-6
2.133016473562547e-7
-3.7550331360378064e-6
-0.0001198947332788601
-9.054826792792377e-5
-3.160021401908565e-5
2.133016473562547e-7
-9.054826792792377e-5
-8.277597413976014e-5
-2.1212143551780617e-5
-3.160021401908565e-5
-2.1212143551780617e-5
2.133016473562547e-7
-4.261935696058786e-5
-3.160021401908565e-5
-1.6796689323702543e-6
-3.160021401908565e-5
-2.1212143551780617e-5
-1.6796689323702543e-6
2.4802718582588414e-6
2.133016473562547e-7
2.133016473562547e-7
-3.7550331360378064e-6
8.448100106366796e-6
-3.911982924051793e-6
-3.661581298301246e-6
1.083155861370528e-6
-3.911982924051793e-6
-2.375576449909878e-6
3.6851169174345824e-7
-3.661581298301246e-6
3.6851169174345824e-7
1.083155861370528e-6
-3.911982924051793e-6
-2.375576449909878e-6
3.6851169174345824e-7
-2.375576449909878e-6
1.7759372841308233e-6
3.6851169174345824e-7
-3.661581298301246e-6
3.6851169174345824e-7
3.6851169174345824e-7
1.083155861370528e-6
-6.158235582424711e-6
-1.9550942158712107e-6
6.392962776405617e-7
-1.9550942158712107e-6
-2.9541250748934513e-7
6.392962776405617e-7
-1.9550942158712107e-6
-2.9541250748934513e-7
-2.9541250748934513e-7
6.392962776405617e-7
3.066054541325798e-7
-8.155613169187013e-8
-8.155613169187013e-8
-8.155613169187013e-8
-2.4764613904991523e-11
