1.0
0.4999999998147132
1.5759841613098094e-10
-4.729207934229595e-12
2.127656567617019e-13
0.4999999998147132
0.24999999990795221
6.567350639988639e-11
-8.678523116376883e-13
1.5759841613098094e-10
6.567350639988639e-11
2.3794863185405166e-12
-4.729207934229595e-12
-8.678523116376883e-13
2.127656567617019e-13
0.4999999998147132
0.24999999990795221
6.567350639988639e-11
-8.678523116376883e-13
0.24999999990795221
0.12499999994101721
2.051270122080505e-11
6.567350639988639e-11
2.051270122080505e-11
-8.678523116376883e-13
1.5759841613098094e-10
6.567350639988639e-11
2.3794863185405166e-12
6.567350639988639e-11
2.051270122080505e-11
2.3794863185405166e-12
-4.729207934229595e-12
-8.678523116376883e-13
-8.678523116376883e-13
2.127656567617019e-13
0.4999999998147132
0.24999999990795221
6.567350639988639e-11
-8.678523116376883e-13
0.24999999990795221
0.12499999994101721
2.051270122080505e-11
6.567350639988639e-11
2.051270122080505e-11
-8.678523116376883e-13
0.24999999990795221
0.12499999994101721
2.051270122080505e-11
0.12499999994101721
0.062499999951508005
2.051270122080505e-11
6.567350639988639e-11
2.051270122080505e-11
2.051270122080505e-11
-8.678523116376883e-13
1.5759841613098094e-10
6.567350639988639e-11
2.3794863185405166e-12
6.567350639988639e-11
2.051270122080505e-11
2.3794863185405166e-12
6.567350639988639e-11
2.051270122080505e-11
2.051270122080505e-11
2.3794863185405166e-12
-4.729207934229595e-12
-8.678523116376883e-13
-8.678523116376883e-13
-8.678523116376883e-13
2.127656567617019e-13
