1.0
0.6634431522251972
0.3268863036067314
0.06098782802488391
0.0042814556621766624
-0.0005733922528931092
3.250923268324792e-7
5.0718494494523625e-12
0.6634431522251972
0.47184666396291247
0.22056021222790648
0.04204657194819617
0.0021321414932033355
-0.0002849330916768405
1.2752931111206797e-5
0.3268863036067314
0.22056021222790648
0.098305286706554
0.01490016409205664
0.0008665411073330934
-5.442551652096716e-5
0.06098782802488391
0.04204657194819617
0.01490016409205664
0.0017593706900867845
5.658844184933572e-6
0.0042814556621766624
0.0021321414932033355
0.0008665411073330934
5.658844184933572e-6
-0.0005733922528931092
-0.0002849330916768405
-5.442551652096716e-5
3.250923268324792e-7
1.2752931111206797e-5
5.0718494494523625e-12
0.6634431522251972
0.47184666396291247
0.22056021222790648
0.04204657194819617
0.0021321414932033355
-0.0002849330916768405
1.2752931111206797e-5
0.47184666396291247
0.3222292016530585
0.15325681771139782
0.02674840334050331
0.0013901268877152288
-0.00011761160415066337
0.22056021222790648
0.15325681771139782
0.06382922720384739
0.00888024761713491
0.0003123185455118783
0.04204657194819617
0.02674840334050331
0.00888024761713491
0.0006445187577038794
0.0021321414932033355
0.0013901268877152288
0.0003123185455118783
-0.0002849330916768405
-0.00011761160415066337
1.2752931111206797e-5
0.3268863036067314
0.22056021222790648
0.098305286706554
0.01490016409205664
0.0008665411073330934
-5.442551652096716e-5
0.22056021222790648
0.15325681771139782
0.06382922720384739
0.00888024761713491
0.0003123185455118783
0.098305286706554
0.06382922720384739
0.021799429997764304
0.0018656558590112121
0.01490016409205664
0.00888024761713491
0.0018656558590112121
0.0008665411073330934
0.0003123185455118783
-5.442551652096716e-5
0.06098782802488391
0.04204657194819617
0.01490016409205664
0.0017593706900867845
5.658844184933572e-6
0.04204657194819617
0.02674840334050331
0.00888024761713491
0.0006445187577038794
0.01490016409205664
0.00888024761713491
0.0018656558590112121
0.0017593706900867845
0.0006445187577038794
5.658844184933572e-6
0.0042814556621766624
0.0021321414932033355
0.0008665411073330934
5.658844184933572e-6
0.0021321414932033355
0.0013901268877152288
0.0003123185455118783
0.0008665411073330934
0.0003123185455118783
5.658844184933572e-6
-0.0005733922528931092
-0.0002849330916768405
-5.442551652096716e-5
-0.0002849330916768405
-0.00011761160415066337
-5.442551652096716e-5
3.250923268324792e-7
1.2752931111206797e-5
1.2752931111206797e-5
5.0718494494523625e-12
0.6634431522251972
0.47184666396291247
0.22056021222790648
0.04204657194819617
0.0021321414932033355
-0.0002849330916768405
1.2752931111206797e-5
0.47184666396291247
0.3222292016530585
0.15325681771139782
0.02674840334050331
0.0013901268877152288
-0.00011761160415066337
0.22056021222790648
0.15325681771139782
0.06382922720384739
0.00888024761713491
0.0003123185455118783
0.04204657194819617
0.02674840334050331
0.00888024761713491
0.0006445187577038794
0.0021321414932033355
0.0013901268877152288
0.0003123185455118783
-0.0002849330916768405
-0.00011761160415066337
1.2752931111206797e-5
0.47184666396291247
0.3222292016530585
0.15325681771139782
0.02674840334050331
0.0013901268877152288
-0.00011761160415066337
0.3222292016530585
0.22826240070651396
0.10252685797259432
0.01711679854284111
0.0006677512343030138
0.15325681771139782
0.10252685797259432
0.04191954385900277
0.004895634010513753
0.02674840334050331
0.01711679854284111
0.004895634010513753
0.0013901268877152288
0.0006677512343030138
-0.00011761160415066337
0.22056021222790648
0.15325681771139782
0.06382922720384739
0.00888024761713491
0.0003123185455118783
0.15325681771139782
0.10252685797259432
0.04191954385900277
0.004895634010513753
0.06382922720384739
0.04191954385900277
0.013020767461135686
0.00888024761713491
0.004895634010513753
0.0003123185455118783
0.04204657194819617
0.02674840334050331
0.00888024761713491
0.0006445187577038794
0.02674840334050331
0.01711679854284111
0.004895634010513753
0.00888024761713491
0.004895634010513753
0.0006445187577038794
0.0021321414932033355
0.0013901268877152288
0.0003123185455118783
0.0013901268877152288
0.0006677512343030138
0.0003123185455118783
-0.0002849330916768405
-0.00011761160415066337
-0.00011761160415066337
1.2752931111206797e-5
0.3268863036067314
0.22056021222790648
0.098305286706554
0.01490016409205664
0.0008665411073330934
-5.442551652096716e-5
0.22056021222790648
0.15325681771139782
0.06382922720384739
0.00888024761713491
0.0003123185455118783
0.098305286706554
0.06382922720384739
0.021799429997764304
0.0018656558590112121
0.01490016409205664
0.00888024761713491
0.0018656558590112121
0.0008665411073330934
0.0003123185455118783
-5.442551652096716e-5
0.22056021222790648
0.15325681771139782
0.06382922720384739
0.00888024761713491
0.0003123185455118783
0.15325681771139782
0.10252685797259432
0.04191954385900277
0.004895634010513753
0.06382922720384739
0.04191954385900277
0.013020767461135686
0.00888024761713491
0.004895634010513753
0.0003123185455118783
0.098305286706554
0.06382922720384739
0.021799429997764304
0.0018656558590112121
0.06382922720384739
0.04191954385900277
0.013020767461135686
0.021799429997764304
0.013020767461135686
0.0018656558590112121
0.01490016409205664
0.00888024761713491
0.0018656558590112121
0.00888024761713491
0.004895634010513753
0.0018656558590112121
0.0008665411073330934
0.0003123185455118783
0.0003123185455118783
-5.442551652096716e-5
0.06098782802488391
0.04204657194819617
0.01490016409205664
0.0017593706900867845
5.658844184933572e-6
0.04204657194819617
0.02674840334050331
0.00888024761713491
0.0006445187577038794
0.01490016409205664
0.00888024761713491
0.0018656558590112121
0.0017593706900867845
0.0006445187577038794
5.658844184933572e-6
0.04204657194819617
0.02674840334050331
0.00888024761713491
0.0006445187577038794
0.02674840334050331
0.01711679854284111
0.004895634010513753
0.00888024761713491
0.004895634010513753
0.0006445187577038794
0.01490016409205664
0.00888024761713491
0.0018656558590112121
0.00888024761713491
0.004895634010513753
0.0018656558590112121
0.0017593706900867845
0.0006445187577038794
0.0006445187577038794
5.658844184933572e-6
0.0042814556621766624
0.0021321414932033355
0.0008665411073330934
5.658844184933572e-6
0.0021321414932033355
0.0013901268877152288
0.0003123185455118783
0.0008665411073330934
0.0003123185455118783
5.658844184933572e-6
0.0021321414932033355
0.0013901268877152288
0.0003123185455118783
0.0013901268877152288
0.0006677512343030138
0.0003123185455118783
0.0008665411073330934
0.0003123185455118783
0.0003123185455118783
5.658844184933572e-6
-0.0005733922528931092
-0.0002849330916768405
-5.442551652096716e-5
-0.0002849330916768405
-0.00011761160415066337
-5.442551652096716e-5
-0.0002849330916768405
-0.00011761160415066337
-0.00011761160415066337
-5.442551652096716e-5
3.250923268324792e-7
1.2752931111206797e-5
1.2752931111206797e-5
1.2752931111206797e-5
5.0718494494523625e-12
