1.0
0.625434533863914
0.2508690665366914
0.03209795094048797
0.0002164579853954376
-3.5523676228710484e-5
1.235520617182348e-10
0.625434533863914
0.4127646854543371
0.1535985359930044
0.019925041098386116
5.9667200551774525e-5
-4.074504501133218e-6
0.2508690665366914
0.1535985359930044
0.051885754463779896
0.004496322439820267
4.1575885722157985e-5
0.03209795094048797
0.019925041098386116
0.004496322439820267
0.0002300222454623691
0.0002164579853954376
5.9667200551774525e-5
4.1575885722157985e-5
-3.5523676228710484e-5
-4.074504501133218e-6
1.235520617182348e-10
0.625434533863914
0.4127646854543371
0.1535985359930044
0.019925041098386116
5.9667200551774525e-5
-4.074504501133218e-6
0.4127646854543371
0.25934923761736517
0.09464090461876899
0.01054567053450968
7.684644152672786e-5
0.1535985359930044
0.09464090461876899
0.0269294330614225
0.001942037982465893
0.019925041098386116
0.01054567053450968
0.001942037982465893
5.9667200551774525e-5
7.684644152672786e-5
-4.074504501133218e-6
0.2508690665366914
0.1535985359930044
0.051885754463779896
0.004496322439820267
4.1575885722157985e-5
0.1535985359930044
0.09464090461876899
0.0269294330614225
0.001942037982465893
0.051885754463779896
0.0269294330614225
0.005461828159058643
0.004496322439820267
0.001942037982465893
4.1575885722157985e-5
0.03209795094048797
0.019925041098386116
0.004496322439820267
0.0002300222454623691
0.019925041098386116
0.01054567053450968
0.001942037982465893
0.004496322439820267
0.001942037982465893
0.0002300222454623691
0.0002164579853954376
5.9667200551774525e-5
4.1575885722157985e-5
5.9667200551774525e-5
7.684644152672786e-5
4.1575885722157985e-5
-3.5523676228710484e-5
-4.074504501133218e-6
-4.074504501133218e-6
1.235520617182348e-10
0.625434533863914
0.4127646854543371
0.1535985359930044
0.019925041098386116
5.9667200551774525e-5
-4.074504501133218e-6
0.4127646854543371
0.25934923761736517
0.09464090461876899
0.01054567053450968
7.684644152672786e-5
0.1535985359930044
0.09464090461876899
0.0269294330614225
0.001942037982465893
0.019925041098386116
0.01054567053450968
0.001942037982465893
5.9667200551774525e-5
7.684644152672786e-5
-4.074504501133218e-6
0.4127646854543371
0.25934923761736517
0.09464090461876899
0.01054567053450968
7.684644152672786e-5
0.25934923761736517
0.16493198722223062
0.05356002621281456
0.005012595859198326
0.09464090461876899
0.05356002621281456
0.013034599756512394
0.01054567053450968
0.005012595859198326
7.684644152672786e-5
0.1535985359930044
0.09464090461876899
0.0269294330614225
0.001942037982465893
0.09464090461876899
0.05356002621281456
0.013034599756512394
0.0269294330614225
0.013034599756512394
0.001942037982465893
0.019925041098386116
0.01054567053450968
0.001942037982465893
0.01054567053450968
0.005012595859198326
0.001942037982465893
5.9667200551774525e-5
7.684644152672786e-5
7.684644152672786e-5
-4.074504501133218e-6
0.2508690665366914
0.1535985359930044
0.051885754463779896
0.004496322439820267
4.1575885722157985e-5
0.1535985359930044
0.09464090461876899
0.0269294330614225
0.001942037982465893
0.051885754463779896
0.0269294330614225
0.005461828159058643
0.004496322439820267
0.001942037982465893
4.1575885722157985e-5
0.1535985359930044
0.09464090461876899
0.0269294330614225
0.001942037982465893
0.09464090461876899
0.05356002621281456
0.013034599756512394
0.0269294330614225
0.013034599756512394
0.001942037982465893
0.051885754463779896
0.0269294330614225
0.005461828159058643
0.0269294330614225
0.013034599756512394
0.005461828159058643
0.004496322439820267
0.001942037982465893
0.001942037982465893
4.1575885722157985e-5
0.03209795094048797
0.019925041098386116
0.004496322439820267
0.0002300222454623691
0.019925041098386116
0.01054567053450968
0.001942037982465893
0.004496322439820267
0.001942037982465893
0.0002300222454623691
0.019925041098386116
0.01054567053450968
0.001942037982465893
0.01054567053450968
0.005012595859198326
0.001942037982465893
0.004496322439820267
0.001942037982465893
0.001942037982465893
0.0002300222454623691
0.0002164579853954376
5.9667200551774525e-5
4.1575885722157985e-5
5.9667200551774525e-5
7.684644152672786e-5
4.1575885722157985e-5
5.9667200551774525e-5
7.684644152672786e-5
7.684644152672786e-5
4.1575885722157985e-5
-3.5523676228710484e-5
-4.074504501133218e-6
-4.074504501133218e-6
-4.074504501133218e-6
1.235520617182348e-10
