1.0
0.751935105337018
0.5038702106528282
0.19316206930672836
0.05305195602815969
0.002889527841638696
-0.00019406123016743935
-9.670255627012818e-5
6.504748722390794e-6
-3.902261557084528e-9
8.332951162039558e-10
0.751935105337018
0.5935806909495558
0.3863673364685535
0.15154023055453905
0.04005511831031873
0.0026119483560610715
-0.0001833808118464607
-3.435668878639393e-5
1.0831618787497672e-6
-2.7128298724186385e-8
0.5038702106528282
0.3863673364685535
0.25667751458743765
0.09312479263160969
0.024023161382876277
0.0013977218464610705
-1.1151938926570603e-5
-1.083471008828831e-5
-3.059984258892562e-6
0.19316206930672836
0.15154023055453905
0.09312479263160969
0.03161007943877275
0.006192645941644958
0.0003450349586941449
1.3967187617638978e-5
3.678143105553231e-6
0.05305195602815969
0.04005511831031873
0.024023161382876277
0.006192645941644958
0.0011843941665858264
6.446288654971013e-5
6.412736841433548e-6
0.002889527841638696
0.0026119483560610715
0.0013977218464610705
0.0003450349586941449
6.446288654971013e-5
2.8125306353866987e-5
-0.00019406123016743935
-0.0001833808118464607
-1.1151938926570603e-5
1.3967187617638978e-5
6.412736841433548e-6
-9.670255627012818e-5
-3.435668878639393e-5
-1.083471008828831e-5
3.678143105553231e-6
6.504748722390794e-6
1.0831618787497672e-6
-3.059984258892562e-6
-3.902261557084528e-9
-2.7128298724186385e-8
8.332951162039558e-10
0.751935105337018
0.5935806909495558
0.3863673364685535
0.15154023055453905
0.04005511831031873
0.0026119483560610715
-0.0001833808118464607
-3.435668878639393e-5
1.0831618787497672e-6
-2.7128298724186385e-8
0.5935806909495558
0.4537278879641106
0.30431606459389576
0.11543970805281965
0.03133239472249514
0.0019890949404012402
-0.00012063431573067577
-2.3222245394587587e-5
7.905774427444701e-7
0.3863673364685535
0.30431606459389576
0.19500049394503577
0.0727499903648023
0.017662396594618088
0.0011196548303099817
-5.931162026734211e-6
-4.295114422812438e-6
0.15154023055453905
0.11543970805281965
0.0727499903648023
0.02327390898624192
0.004717289757112768
0.00018522041174489137
8.891661685622345e-6
0.04005511831031873
0.03133239472249514
0.017662396594618088
0.004717289757112768
0.0006388657459434872
2.1255427978779907e-5
0.0026119483560610715
0.0019890949404012402
0.0011196548303099817
0.00018522041174489137
2.1255427978779907e-5
-0.0001833808118464607
-0.00012063431573067577
-5.931162026734211e-6
8.891661685622345e-6
-3.435668878639393e-5
-2.3222245394587587e-5
-4.295114422812438e-6
1.0831618787497672e-6
7.905774427444701e-7
-2.7128298724186385e-8
0.5038702106528282
0.3863673364685535
0.25667751458743765
0.09312479263160969
0.024023161382876277
0.0013977218464610705
-1.1151938926570603e-5
-1.083471008828831e-5
-3.059984258892562e-6
0.3863673364685535
0.30431606459389576
0.19500049394503577
0.0727499903648023
0.017662396594618088
0.0011196548303099817
-5.931162026734211e-6
-4.295114422812438e-6
0.25667751458743765
0.19500049394503577
0.1257277272036693
0.04248045478427333
0.009737837831239516
0.00047084442583836467
2.1559913423810003e-5
0.09312479263160969
0.0727499903648023
0.04248045478427333
0.012727076127781541
0.0018747601987736382
1.5970570867129116e-5
0.024023161382876277
0.017662396594618088
0.009737837831239516
0.0018747601987736382
0.0001538921177732538
0.0013977218464610705
0.0011196548303099817
0.00047084442583836467
1.5970570867129116e-5
-1.1151938926570603e-5
-5.931162026734211e-6
2.1559913423810003e-5
-1.083471008828831e-5
-4.295114422812438e-6
-3.059984258892562e-6
0.19316206930672836
0.15154023055453905
0.09312479263160969
0.03161007943877275
0.006192645941644958
0.0003450349586941449
1.3967187617638978e-5
3.678143105553231e-6
0.15154023055453905
0.11543970805281965
0.0727499903648023
0.02327390898624192
0.004717289757112768
0.00018522041174489137
8.891661685622345e-6
0.09312479263160969
0.0727499903648023
0.04248045478427333
0.012727076127781541
0.0018747601987736382
1.5970570867129116e-5
0.03161007943877275
0.02327390898624192
0.012727076127781541
0.0024793898418117876
0.00014636230013731702
0.006192645941644958
0.004717289757112768
0.0018747601987736382
0.00014636230013731702
0.0003450349586941449
0.00018522041174489137
1.5970570867129116e-5
1.3967187617638978e-5
8.891661685622345e-6
3.678143105553231e-6
0.05305195602815969
0.04005511831031873
0.024023161382876277
0.006192645941644958
0.0011843941665858264
6.446288654971013e-5
6.412736841433548e-6
0.04005511831031873
0.03133239472249514
0.017662396594618088
0.004717289757112768
0.0006388657459434872
2.1255427978779907e-5
0.024023161382876277
0.017662396594618088
0.009737837831239516
0.0018747601987736382
0.0001538921177732538
0.006192645941644958
0.004717289757112768
0.0018747601987736382
0.00014636230013731702
0.0011843941665858264
0.0006388657459434872
0.0001538921177732538
6.446288654971013e-5
2.1255427978779907e-5
6.412736841433548e-6
0.002889527841638696
0.0026119483560610715
0.0013977218464610705
0.0003450349586941449
6.446288654971013e-5
2.8125306353866987e-5
0.0026119483560610715
0.0019890949404012402
0.0011196548303099817
0.00018522041174489137
2.1255427978779907e-5
0.0013977218464610705
0.0011196548303099817
0.00047084442583836467
1.5970570867129116e-5
0.0003450349586941449
0.00018522041174489137
1.5970570867129116e-5
6.446288654971013e-5
2.1255427978779907e-5
2.8125306353866987e-5
-0.00019406123016743935
-0.0001833808118464607
-1.1151938926570603e-5
1.3967187617638978e-5
6.412736841433548e-6
-0.0001833808118464607
-0.00012063431573067577
-5.931162026734211e-6
8.891661685622345e-6
-1.1151938926570603e-5
-5.931162026734211e-6
2.1559913423810003e-5
1.3967187617638978e-5
8.891661685622345e-6
6.412736841433548e-6
-9.670255627012818e-5
-3.435668878639393e-5
-1.083471008828831e-5
3.678143105553231e-6
-3.435668878639393e-5
-2.3222245394587587e-5
-4.295114422812438e-6
-1.083471008828831e-5
-4.295114422812438e-6
3.678143105553231e-6
6.504748722390794e-6
1.0831618787497672e-6
-3.059984258892562e-6
1.0831618787497672e-6
7.905774427444701e-7
-3.059984258892562e-6
-3.902261557084528e-9
-2.7128298724186385e-8
-2.7128298724186385e-8
8.332951162039558e-10
0.751935105337018
0.5935806909495558
0.3863673364685535
0.15154023055453905
0.04005511831031873
0.0026119483560610715
-0.0001833808118464607
-3.435668878639393e-5
1.0831618787497672e-6
-2.7128298724186385e-8
0.5935806909495558
0.4537278879641106
0.30431606459389576
0.11543970805281965
0.03133239472249514
0.0019890949404012402
-0.00012063431573067577
-2.3222245394587587e-5
7.905774427444701e-7
0.3863673364685535
0.30431606459389576
0.19500049394503577
0.0727499903648023
0.017662396594618088
0.0011196548303099817
-5.931162026734211e-6
-4.295114422812438e-6
0.15154023055453905
0.11543970805281965
0.0727499903648023
0.02327390898624192
0.004717289757112768
0.00018522041174489137
8.891661685622345e-6
0.04005511831031873
0.03133239472249514
0.017662396594618088
0.004717289757112768
0.0006388657459434872
2.1255427978779907e-5
0.0026119483560610715
0.0019890949404012402
0.0011196548303099817
0.00018522041174489137
2.1255427978779907e-5
-0.0001833808118464607
-0.00012063431573067577
-5.931162026734211e-6
8.891661685622345e-6
-3.435668878639393e-5
-2.3222245394587587e-5
-4.295114422812438e-6
1.0831618787497672e-6
7.905774427444701e-7
-2.7128298724186385e-8
0.5935806909495558
0.4537278879641106
0.30431606459389576
0.11543970805281965
0.03133239472249514
0.0019890949404012402
-0.00012063431573067577
-2.3222245394587587e-5
7.905774427444701e-7
0.4537278879641106
0.3580195984430049
0.23303595832878607
0.08988702180935838
0.023570222719810373
0.0015196867591891303
-0.00010450626677175085
-1.896571322448748e-5
0.30431606459389576
0.23303595832878607
0.1531630860465217
0.054784412051375894
0.013693223066644087
0.0008382628253757825
-4.301405977936761e-6
0.11543970805281965
0.08988702180935838
0.054784412051375894
0.017835672352375233
0.0034251040121138225
0.00011124390721681898
0.03133239472249514
0.023570222719810373
0.013693223066644087
0.0034251040121138225
0.0004369711596782447
0.0019890949404012402
0.0015196867591891303
0.0008382628253757825
0.00011124390721681898
-0.00012063431573067577
-0.00010450626677175085
-4.301405977936761e-6
-2.3222245394587587e-5
-1.896571322448748e-5
7.905774427444701e-7
0.3863673364685535
0.30431606459389576
0.19500049394503577
0.0727499903648023
0.017662396594618088
0.0011196548303099817
-5.931162026734211e-6
-4.295114422812438e-6
0.30431606459389576
0.23303595832878607
0.1531630860465217
0.054784412051375894
0.013693223066644087
0.0008382628253757825
-4.301405977936761e-6
0.19500049394503577
0.1531630860465217
0.09520961923711783
0.03296768737412007
0.006895556984525774
0.0003346501345237252
0.0727499903648023
0.054784412051375894
0.03296768737412007
0.009097260087425334
0.0013663056121571363
0.017662396594618088
0.013693223066644087
0.006895556984525774
0.0013663056121571363
0.0011196548303099817
0.0008382628253757825
0.0003346501345237252
-5.931162026734211e-6
-4.301405977936761e-6
-4.295114422812438e-6
0.15154023055453905
0.11543970805281965
0.0727499903648023
0.02327390898624192
0.004717289757112768
0.00018522041174489137
8.891661685622345e-6
0.11543970805281965
0.08988702180935838
0.054784412051375894
0.017835672352375233
0.0034251040121138225
0.00011124390721681898
0.0727499903648023
0.054784412051375894
0.03296768737412007
0.009097260087425334
0.0013663056121571363
0.02327390898624192
0.017835672352375233
0.009097260087425334
0.001789436122228116
0.004717289757112768
0.0034251040121138225
0.0013663056121571363
0.00018522041174489137
0.00011124390721681898
8.891661685622345e-6
0.04005511831031873
0.03133239472249514
0.017662396594618088
0.004717289757112768
0.0006388657459434872
2.1255427978779907e-5
0.03133239472249514
0.023570222719810373
0.013693223066644087
0.0034251040121138225
0.0004369711596782447
0.017662396594618088
0.013693223066644087
0.006895556984525774
0.0013663056121571363
0.004717289757112768
0.0034251040121138225
0.0013663056121571363
0.0006388657459434872
0.0004369711596782447
2.1255427978779907e-5
0.0026119483560610715
0.0019890949404012402
0.0011196548303099817
0.00018522041174489137
2.1255427978779907e-5
0.0019890949404012402
0.0015196867591891303
0.0008382628253757825
0.00011124390721681898
0.0011196548303099817
0.0008382628253757825
0.0003346501345237252
0.00018522041174489137
0.00011124390721681898
2.1255427978779907e-5
-0.0001833808118464607
-0.00012063431573067577
-5.931162026734211e-6
8.891661685622345e-6
-0.00012063431573067577
-0.00010450626677175085
-4.301405977936761e-6
-5.931162026734211e-6
-4.301405977936761e-6
8.891661685622345e-6
-3.435668878639393e-5
-2.3222245394587587e-5
-4.295114422812438e-6
-2.3222245394587587e-5
-1.896571322448748e-5
-4.295114422812438e-6
1.0831618787497672e-6
7.905774427444701e-7
7.905774427444701e-7
-2.7128298724186385e-8
0.5038702106528282
0.3863673364685535
0.25667751458743765
0.09312479263160969
0.024023161382876277
0.0013977218464610705
-1.1151938926570603e-5
-1.083471008828831e-5
-3.059984258892562e-6
0.3863673364685535
0.30431606459389576
0.19500049394503577
0.0727499903648023
0.017662396594618088
0.0011196548303099817
-5.931162026734211e-6
-4.295114422812438e-6
0.25667751458743765
0.19500049394503577
0.1257277272036693
0.04248045478427333
0.009737837831239516
0.00047084442583836467
2.1559913423810003e-5
0.09312479263160969
0.0727499903648023
0.04248045478427333
0.012727076127781541
0.0018747601987736382
1.5970570867129116e-5
0.024023161382876277
0.017662396594618088
0.009737837831239516
0.0018747601987736382
0.0001538921177732538
0.0013977218464610705
0.0011196548303099817
0.00047084442583836467
1.5970570867129116e-5
-1.1151938926570603e-5
-5.931162026734211e-6
2.1559913423810003e-5
-1.083471008828831e-5
-4.295114422812438e-6
-3.059984258892562e-6
0.3863673364685535
0.30431606459389576
0.19500049394503577
0.0727499903648023
0.017662396594618088
0.0011196548303099817
-5.931162026734211e-6
-4.295114422812438e-6
0.30431606459389576
0.23303595832878607
0.1531630860465217
0.054784412051375894
0.013693223066644087
0.0008382628253757825
-4.301405977936761e-6
0.19500049394503577
0.1531630860465217
0.09520961923711783
0.03296768737412007
0.006895556984525774
0.0003346501345237252
0.0727499903648023
0.054784412051375894
0.03296768737412007
0.009097260087425334
0.0013663056121571363
0.017662396594618088
0.013693223066644087
0.006895556984525774
0.0013663056121571363
0.0011196548303099817
0.0008382628253757825
0.0003346501345237252
-5.931162026734211e-6
-4.301405977936761e-6
-4.295114422812438e-6
0.25667751458743765
0.19500049394503577
0.1257277272036693
0.04248045478427333
0.009737837831239516
0.00047084442583836467
2.1559913423810003e-5
0.19500049394503577
0.1531630860465217
0.09520961923711783
0.03296768737412007
0.006895556984525774
0.0003346501345237252
0.1257277272036693
0.09520961923711783
0.05948387156267656
0.01776279071152395
0.0033088048983315444
0.04248045478427333
0.03296768737412007
0.01776279071152395
0.004246841425068694
0.009737837831239516
0.006895556984525774
0.0033088048983315444
0.00047084442583836467
0.0003346501345237252
2.1559913423810003e-5
0.09312479263160969
0.0727499903648023
0.04248045478427333
0.012727076127781541
0.0018747601987736382
1.5970570867129116e-5
0.0727499903648023
0.054784412051375894
0.03296768737412007
0.009097260087425334
0.0013663056121571363
0.04248045478427333
0.03296768737412007
0.01776279071152395
0.004246841425068694
0.012727076127781541
0.009097260087425334
0.004246841425068694
0.0018747601987736382
0.0013663056121571363
1.5970570867129116e-5
0.024023161382876277
0.017662396594618088
0.009737837831239516
0.0018747601987736382
0.0001538921177732538
0.017662396594618088
0.013693223066644087
0.006895556984525774
0.0013663056121571363
0.009737837831239516
0.006895556984525774
0.0033088048983315444
0.0018747601987736382
0.0013663056121571363
0.0001538921177732538
0.0013977218464610705
0.0011196548303099817
0.00047084442583836467
1.5970570867129116e-5
0.0011196548303099817
0.0008382628253757825
0.0003346501345237252
0.00047084442583836467
0.0003346501345237252
1.5970570867129116e-5
-1.1151938926570603e-5
-5.931162026734211e-6
2.1559913423810003e-5
-5.931162026734211e-6
-4.301405977936761e-6
2.1559913423810003e-5
-1.083471008828831e-5
-4.295114422812438e-6
-4.295114422812438e-6
-3.059984258892562e-6
0.19316206930672836
0.15154023055453905
0.09312479263160969
0.03161007943877275
0.006192645941644958
0.0003450349586941449
1.3967187617638978e-5
3.678143105553231e-6
0.15154023055453905
0.11543970805281965
0.0727499903648023
0.02327390898624192
0.004717289757112768
0.00018522041174489137
8.891661685622345e-6
0.09312479263160969
0.0727499903648023
0.04248045478427333
0.012727076127781541
0.0018747601987736382
1.5970570867129116e-5
0.03161007943877275
0.02327390898624192
0.012727076127781541
0.0024793898418117876
0.00014636230013731702
0.006192645941644958
0.004717289757112768
0.0018747601987736382
0.00014636230013731702
0.0003450349586941449
0.00018522041174489137
1.5970570867129116e-5
1.3967187617638978e-5
8.891661685622345e-6
3.678143105553231e-6
0.15154023055453905
0.11543970805281965
0.0727499903648023
0.02327390898624192
0.004717289757112768
0.00018522041174489137
8.891661685622345e-6
0.11543970805281965
0.08988702180935838
0.054784412051375894
0.017835672352375233
0.0034251040121138225
0.00011124390721681898
0.0727499903648023
0.054784412051375894
0.03296768737412007
0.009097260087425334
0.0013663056121571363
0.02327390898624192
0.017835672352375233
0.009097260087425334
0.001789436122228116
0.004717289757112768
0.0034251040121138225
0.0013663056121571363
0.00018522041174489137
0.00011124390721681898
8.891661685622345e-6
0.09312479263160969
0.0727499903648023
0.04248045478427333
0.012727076127781541
0.0018747601987736382
1.5970570867129116e-5
0.0727499903648023
0.054784412051375894
0.03296768737412007
0.009097260087425334
0.0013663056121571363
0.04248045478427333
0.03296768737412007
0.01776279071152395
0.004246841425068694
0.012727076127781541
0.009097260087425334
0.004246841425068694
0.0018747601987736382
0.0013663056121571363
1.5970570867129116e-5
0.03161007943877275
0.02327390898624192
0.012727076127781541
0.0024793898418117876
0.00014636230013731702
0.02327390898624192
0.017835672352375233
0.009097260087425334
0.001789436122228116
0.012727076127781541
0.009097260087425334
0.004246841425068694
0.0024793898418117876
0.001789436122228116
0.00014636230013731702
0.006192645941644958
0.004717289757112768
0.0018747601987736382
0.00014636230013731702
0.004717289757112768
0.0034251040121138225
0.0013663056121571363
0.0018747601987736382
0.0013663056121571363
0.00014636230013731702
0.0003450349586941449
0.00018522041174489137
1.5970570867129116e-5
0.00018522041174489137
0.00011124390721681898
1.5970570867129116e-5
1.3967187617638978e-5
8.891661685622345e-6
8.891661685622345e-6
3.678143105553231e-6
0.05305195602815969
0.04005511831031873
0.024023161382876277
0.006192645941644958
0.0011843941665858264
6.446288654971013e-5
6.412736841433548e-6
0.04005511831031873
0.03133239472249514
0.017662396594618088
0.004717289757112768
0.0006388657459434872
2.1255427978779907e-5
0.024023161382876277
0.017662396594618088
0.009737837831239516
0.0018747601987736382
0.0001538921177732538
0.006192645941644958
0.004717289757112768
0.0018747601987736382
0.00014636230013731702
0.0011843941665858264
0.0006388657459434872
0.0001538921177732538
6.446288654971013e-5
2.1255427978779907e-5
6.412736841433548e-6
0.04005511831031873
0.03133239472249514
0.017662396594618088
0.004717289757112768
0.0006388657459434872
2.1255427978779907e-5
0.03133239472249514
0.023570222719810373
0.013693223066644087
0.0034251040121138225
0.0004369711596782447
0.017662396594618088
0.013693223066644087
0.006895556984525774
0.0013663056121571363
0.004717289757112768
0.0034251040121138225
0.0013663056121571363
0.0006388657459434872
0.0004369711596782447
2.1255427978779907e-5
0.024023161382876277
0.017662396594618088
0.009737837831239516
0.0018747601987736382
0.0001538921177732538
0.017662396594618088
0.013693223066644087
0.006895556984525774
0.0013663056121571363
0.009737837831239516
0.006895556984525774
0.0033088048983315444
0.0018747601987736382
0.0013663056121571363
0.0001538921177732538
0.006192645941644958
0.004717289757112768
0.0018747601987736382
0.00014636230013731702
0.004717289757112768
0.0034251040121138225
0.0013663056121571363
0.0018747601987736382
0.0013663056121571363
0.00014636230013731702
0.0011843941665858264
0.0006388657459434872
0.0001538921177732538
0.0006388657459434872
0.0004369711596782447
0.0001538921177732538
6.446288654971013e-5
2.1255427978779907e-5
2.1255427978779907e-5
6.412736841433548e-6
0.002889527841638696
0.0026119483560610715
0.0013977218464610705
0.0003450349586941449
6.446288654971013e-5
2.8125306353866987e-5
0.0026119483560610715
0.0019890949404012402
0.0011196548303099817
0.00018522041174489137
2.1255427978779907e-5
0.0013977218464610705
0.0011196548303099817
0.00047084442583836467
1.5970570867129116e-5
0.0003450349586941449
0.00018522041174489137
1.5970570867129116e-5
6.446288654971013e-5
2.1255427978779907e-5
2.8125306353866987e-5
0.0026119483560610715
0.0019890949404012402
0.0011196548303099817
0.00018522041174489137
2.1255427978779907e-5
0.0019890949404012402
0.0015196867591891303
0.0008382628253757825
0.00011124390721681898
0.0011196548303099817
0.0008382628253757825
0.0003346501345237252
0.00018522041174489137
0.00011124390721681898
2.1255427978779907e-5
0.0013977218464610705
0.0011196548303099817
0.00047084442583836467
1.5970570867129116e-5
0.0011196548303099817
0.0008382628253757825
0.0003346501345237252
0.00047084442583836467
0.0003346501345237252
1.5970570867129116e-5
0.0003450349586941449
0.00018522041174489137
1.5970570867129116e-5
0.00018522041174489137
0.00011124390721681898
1.5970570867129116e-5
6.446288654971013e-5
2.1255427978779907e-5
2.1255427978779907e-5
2.8125306353866987e-5
-0.00019406123016743935
-0.0001833808118464607
-1.1151938926570603e-5
1.3967187617638978e-5
6.412736841433548e-6
-0.0001833808118464607
-0.00012063431573067577
-5.931162026734211e-6
8.891661685622345e-6
-1.1151938926570603e-5
-5.931162026734211e-6
2.1559913423810003e-5
1.3967187617638978e-5
8.891661685622345e-6
6.412736841433548e-6
-0.0001833808118464607
-0.00012063431573067577
-5.931162026734211e-6
8.891661685622345e-6
-0.00012063431573067577
-0.00010450626677175085
-4.301405977936761e-6
-5.931162026734211e-6
-4.301405977936761e-6
8.891661685622345e-6
-1.1151938926570603e-5
-5.931162026734211e-6
2.1559913423810003e-5
-5.931162026734211e-6
-4.301405977936761e-6
2.1559913423810003e-5
1.3967187617638978e-5
8.891661685622345e-6
8.891661685622345e-6
6.412736841433548e-6
-9.670255627012818e-5
-3.435668878639393e-5
-1.083471008828831e-5
3.678143105553231e-6
-3.435668878639393e-5
-2.3222245394587587e-5
-4.295114422812438e-6
-1.083471008828831e-5
-4.295114422812438e-6
3.678143105553231e-6
-3.435668878639393e-5
-2.3222245394587587e-5
-4.295114422812438e-6
-2.3222245394587587e-5
-1.896571322448748e-5
-4.295114422812438e-6
-1.083471008828831e-5
-4.295114422812438e-6
-4.295114422812438e-6
3.678143105553231e-6
6.504748722390794e-6
1.0831618787497672e-6
-3.059984258892562e-6
1.0831618787497672e-6
7.905774427444701e-7
-3.059984258892562e-6
1.0831618787497672e-6
7.905774427444701e-7
7.905774427444701e-7
-3.059984258892562e-6
-3.902261557084528e-9
-2.7128298724186385e-8
-2.7128298724186385e-8
-2.7128298724186385e-8
8.332951162039558e-10
