1.0
0.7939890177001463
0.5879780352112387
0.28448413218613666
0.11791709920291465
0.019507205254282216
0.0017169184379572531
-0.00045115999280962826
-1.981409728420617e-5
-2.448552462692721e-5
-4.433499731243035e-6
1.618367923548502e-8
1.494127354370903e-10
0.7939890177001463
0.6544716493240889
0.47445441439448177
0.23340693558815503
0.09454873798754887
0.01627447177096247
0.0014289400740511615
-0.0003103987642271437
-3.0490473621586863e-5
-9.465593761432125e-6
-1.0683814152727703e-6
-4.6199099379279725e-8
0.5879780352112387
0.47445441439448177
0.35184175614358554
0.16619955771209327
0.0667602095108536
0.010708557552471116
0.0010215423531214653
-0.00015250558115334964
-8.739732453823832e-6
-1.667967089836997e-6
-3.7671735369039854e-7
0.28448413218613666
0.23340693558815503
0.16619955771209327
0.07722234028913184
0.028142631425221814
0.004074587534783429
0.00034940988424272485
-1.3551816103116886e-5
1.7760906213585683e-6
-3.572550373162698e-7
0.11791709920291465
0.09454873798754887
0.0667602095108536
0.028142631425221814
0.009433722265279823
0.0010392450904484819
0.00012837889379796742
1.0412283201107742e-5
2.585846114747596e-6
0.019507205254282216
0.01627447177096247
0.010708557552471116
0.004074587534783429
0.0010392450904484819
0.0001915286426852774
1.9214659953012733e-5
-1.0503202019373085e-6
0.0017169184379572531
0.0014289400740511615
0.0010215423531214653
0.00034940988424272485
0.00012837889379796742
1.9214659953012733e-5
1.454625289708507e-5
-0.00045115999280962826
-0.0003103987642271437
-0.00015250558115334964
-1.3551816103116886e-5
1.0412283201107742e-5
-1.0503202019373085e-6
-1.981409728420617e-5
-3.0490473621586863e-5
-8.739732453823832e-6
1.7760906213585683e-6
2.585846114747596e-6
-2.448552462692721e-5
-9.465593761432125e-6
-1.667967089836997e-6
-3.572550373162698e-7
-4.433499731243035e-6
-1.0683814152727703e-6
-3.7671735369039854e-7
1.618367923548502e-8
-4.6199099379279725e-8
1.494127354370903e-10
0.7939890177001463
0.6544716493240889
0.47445441439448177
0.23340693558815503
0.09454873798754887
0.01627447177096247
0.0014289400740511615
-0.0003103987642271437
-3.0490473621586863e-5
-9.465593761432125e-6
-1.0683814152727703e-6
-4.6199099379279725e-8
0.6544716493240889
0.5255179251417715
0.3907812786402535
0.187714810682593
0.07714004154306463
0.012886642609460678
0.0012280974955738622
-0.00023173466492957826
-1.3886173567856226e-5
-2.3043364989473337e-6
-3.6197606414749033e-7
0.47445441439448177
0.3907812786402535
0.28237147205176005
0.13611770472969908
0.05306018844491632
0.008674554371243237
0.0008045337639386053
-0.00010286042262298038
-3.4506236179190846e-6
-6.28097301830894e-8
0.23340693558815503
0.187714810682593
0.13611770472969908
0.06110566696852567
0.022639510618347035
0.003064799503992311
0.0002644556791930622
-6.65195381632837e-6
7.584300948065666e-7
0.09454873798754887
0.07714004154306463
0.05306018844491632
0.022639510618347035
0.0071873548834908195
0.0007530799920873666
6.939533382695764e-5
4.958612502749312e-6
0.01627447177096247
0.012886642609460678
0.008674554371243237
0.003064799503992311
0.0007530799920873666
5.9858387770253335e-5
9.230662159077108e-6
0.0014289400740511615
0.0012280974955738622
0.0008045337639386053
0.0002644556791930622
6.939533382695764e-5
9.230662159077108e-6
-0.0003103987642271437
-0.00023173466492957826
-0.00010286042262298038
-6.65195381632837e-6
4.958612502749312e-6
-3.0490473621586863e-5
-1.3886173567856226e-5
-3.4506236179190846e-6
7.584300948065666e-7
-9.465593761432125e-6
-2.3043364989473337e-6
-6.28097301830894e-8
-1.0683814152727703e-6
-3.6197606414749033e-7
-4.6199099379279725e-8
0.5879780352112387
0.47445441439448177
0.35184175614358554
0.16619955771209327
0.0667602095108536
0.010708557552471116
0.0010215423531214653
-0.00015250558115334964
-8.739732453823832e-6
-1.667967089836997e-6
-3.7671735369039854e-7
0.47445441439448177
0.3907812786402535
0.28237147205176005
0.13611770472969908
0.05306018844491632
0.008674554371243237
0.0008045337639386053
-0.00010286042262298038
-3.4506236179190846e-6
-6.28097301830894e-8
0.35184175614358554
0.28237147205176005
0.2063967891604676
0.09511209092575576
0.03666864608561343
0.005442282808036424
0.0005046993965208429
-2.6409283934685175e-5
1.5859690998684146e-6
0.16619955771209327
0.13611770472969908
0.09511209092575576
0.042249033527588804
0.014425779343823613
0.0018044917770619557
0.00011132423709401796
1.3935411798592737e-6
0.0667602095108536
0.05306018844491632
0.03666864608561343
0.014425779343823613
0.004363061640432511
0.00032307882905705535
7.93574523568618e-6
0.010708557552471116
0.008674554371243237
0.005442282808036424
0.0018044917770619557
0.00032307882905705535
1.285887655590278e-5
0.0010215423531214653
0.0008045337639386053
0.0005046993965208429
0.00011132423709401796
7.93574523568618e-6
-0.00015250558115334964
-0.00010286042262298038
-2.6409283934685175e-5
1.3935411798592737e-6
-8.739732453823832e-6
-3.4506236179190846e-6
1.5859690998684146e-6
-1.667967089836997e-6
-6.28097301830894e-8
-3.7671735369039854e-7
0.28448413218613666
0.23340693558815503
0.16619955771209327
0.07722234028913184
0.028142631425221814
0.004074587534783429
0.00034940988424272485
-1.3551816103116886e-5
1.7760906213585683e-6
-3.572550373162698e-7
0.23340693558815503
0.187714810682593
0.13611770472969908
0.06110566696852567
0.022639510618347035
0.003064799503992311
0.0002644556791930622
-6.65195381632837e-6
7.584300948065666e-7
0.16619955771209327
0.13611770472969908
0.09511209092575576
0.042249033527588804
0.014425779343823613
0.0018044917770619557
0.00011132423709401796
1.3935411798592737e-6
0.07722234028913184
0.06110566696852567
0.042249033527588804
0.016737552073702422
0.005030134469353603
0.0003853881861339503
8.11346923539441e-6
0.028142631425221814
0.022639510618347035
0.014425779343823613
0.005030134469353603
0.001031898842047845
3.862651642970399e-5
0.004074587534783429
0.003064799503992311
0.0018044917770619557
0.0003853881861339503
3.862651642970399e-5
0.00034940988424272485
0.0002644556791930622
0.00011132423709401796
8.11346923539441e-6
-1.3551816103116886e-5
-6.65195381632837e-6
1.3935411798592737e-6
1.7760906213585683e-6
7.584300948065666e-7
-3.572550373162698e-7
0.11791709920291465
0.09454873798754887
0.0667602095108536
0.028142631425221814
0.009433722265279823
0.0010392450904484819
0.00012837889379796742
1.0412283201107742e-5
2.585846114747596e-6
0.09454873798754887
0.07714004154306463
0.05306018844491632
0.022639510618347035
0.0071873548834908195
0.0007530799920873666
6.939533382695764e-5
4.958612502749312e-6
0.0667602095108536
0.05306018844491632
0.03666864608561343
0.014425779343823613
0.004363061640432511
0.00032307882905705535
7.93574523568618e-6
0.028142631425221814
0.022639510618347035
0.014425779343823613
0.005030134469353603
0.001031898842047845
3.862651642970399e-5
0.009433722265279823
0.0071873548834908195
0.004363061640432511
0.001031898842047845
9.710293056531048e-5
0.0010392450904484819
0.0007530799920873666
0.00032307882905705535
3.862651642970399e-5
0.00012837889379796742
6.939533382695764e-5
7.93574523568618e-6
1.0412283201107742e-5
4.958612502749312e-6
2.585846114747596e-6
0.019507205254282216
0.01627447177096247
0.010708557552471116
0.004074587534783429
0.0010392450904484819
0.0001915286426852774
1.9214659953012733e-5
-1.0503202019373085e-6
0.01627447177096247
0.012886642609460678
0.008674554371243237
0.003064799503992311
0.0007530799920873666
5.9858387770253335e-5
9.230662159077108e-6
0.010708557552471116
0.008674554371243237
0.005442282808036424
0.0018044917770619557
0.00032307882905705535
1.285887655590278e-5
0.004074587534783429
0.003064799503992311
0.0018044917770619557
0.0003853881861339503
3.862651642970399e-5
0.0010392450904484819
0.0007530799920873666
0.00032307882905705535
3.862651642970399e-5
0.0001915286426852774
5.9858387770253335e-5
1.285887655590278e-5
1.9214659953012733e-5
9.230662159077108e-6
-1.0503202019373085e-6
0.0017169184379572531
0.0014289400740511615
0.0010215423531214653
0.00034940988424272485
0.00012837889379796742
1.9214659953012733e-5
1.454625289708507e-5
0.0014289400740511615
0.0012280974955738622
0.0008045337639386053
0.0002644556791930622
6.939533382695764e-5
9.230662159077108e-6
0.0010215423531214653
0.0008045337639386053
0.0005046993965208429
0.00011132423709401796
7.93574523568618e-6
0.00034940988424272485
0.0002644556791930622
0.00011132423709401796
8.11346923539441e-6
0.00012837889379796742
6.939533382695764e-5
7.93574523568618e-6
1.9214659953012733e-5
9.230662159077108e-6
1.454625289708507e-5
-0.00045115999280962826
-0.0003103987642271437
-0.00015250558115334964
-1.3551816103116886e-5
1.0412283201107742e-5
-1.0503202019373085e-6
-0.0003103987642271437
-0.00023173466492957826
-0.00010286042262298038
-6.65195381632837e-6
4.958612502749312e-6
-0.00015250558115334964
-0.00010286042262298038
-2.6409283934685175e-5
1.3935411798592737e-6
-1.3551816103116886e-5
-6.65195381632837e-6
1.3935411798592737e-6
1.0412283201107742e-5
4.958612502749312e-6
-1.0503202019373085e-6
-1.981409728420617e-5
-3.0490473621586863e-5
-8.739732453823832e-6
1.7760906213585683e-6
2.585846114747596e-6
-3.0490473621586863e-5
-1.3886173567856226e-5
-3.4506236179190846e-6
7.584300948065666e-7
-8.739732453823832e-6
-3.4506236179190846e-6
1.5859690998684146e-6
1.7760906213585683e-6
7.584300948065666e-7
2.585846114747596e-6
-2.448552462692721e-5
-9.465593761432125e-6
-1.667967089836997e-6
-3.572550373162698e-7
-9.465593761432125e-6
-2.3043364989473337e-6
-6.28097301830894e-8
-1.667967089836997e-6
-6.28097301830894e-8
-3.572550373162698e-7
-4.433499731243035e-6
-1.0683814152727703e-6
-3.7671735369039854e-7
-1.0683814152727703e-6
-3.6197606414749033e-7
-3.7671735369039854e-7
1.618367923548502e-8
-4.6199099379279725e-8
-4.6199099379279725e-8
1.494127354370903e-10
0.7939890177001463
0.6544716493240889
0.47445441439448177
0.23340693558815503
0.09454873798754887
0.01627447177096247
0.0014289400740511615
-0.0003103987642271437
-3.0490473621586863e-5
-9.465593761432125e-6
-1.0683814152727703e-6
-4.6199099379279725e-8
0.6544716493240889
0.5255179251417715
0.3907812786402535
0.187714810682593
0.07714004154306463
0.012886642609460678
0.0012280974955738622
-0.00023173466492957826
-1.3886173567856226e-5
-2.3043364989473337e-6
-3.6197606414749033e-7
0.47445441439448177
0.3907812786402535
0.28237147205176005
0.13611770472969908
0.05306018844491632
0.008674554371243237
0.0008045337639386053
-0.00010286042262298038
-3.4506236179190846e-6
-6.28097301830894e-8
0.23340693558815503
0.187714810682593
0.13611770472969908
0.06110566696852567
0.022639510618347035
0.003064799503992311
0.0002644556791930622
-6.65195381632837e-6
7.584300948065666e-7
0.09454873798754887
0.07714004154306463
0.05306018844491632
0.022639510618347035
0.0071873548834908195
0.0007530799920873666
6.939533382695764e-5
4.958612502749312e-6
0.01627447177096247
0.012886642609460678
0.008674554371243237
0.003064799503992311
0.0007530799920873666
5.9858387770253335e-5
9.230662159077108e-6
0.0014289400740511615
0.0012280974955738622
0.0008045337639386053
0.0002644556791930622
6.939533382695764e-5
9.230662159077108e-6
-0.0003103987642271437
-0.00023173466492957826
-0.00010286042262298038
-6.65195381632837e-6
4.958612502749312e-6
-3.0490473621586863e-5
-1.3886173567856226e-5
-3.4506236179190846e-6
7.584300948065666e-7
-9.465593761432125e-6
-2.3043364989473337e-6
-6.28097301830894e-8
-1.0683814152727703e-6
-3.6197606414749033e-7
-4.6199099379279725e-8
0.6544716493240889
0.5255179251417715
0.3907812786402535
0.187714810682593
0.07714004154306463
0.012886642609460678
0.0012280974955738622
-0.00023173466492957826
-1.3886173567856226e-5
-2.3043364989473337e-6
-3.6197606414749033e-7
0.5255179251417715
0.43355482980467863
0.3146921280673669
0.15365403591187235
0.06146650332945946
0.010327348129110887
0.000941291873661192
-0.00018473308258089212
-2.4845248495658997e-6
-2.0724846744242972e-7
0.3907812786402535
0.3146921280673669
0.23227007452022622
0.10875765094581201
0.043065741490777396
0.006733541361935958
0.0006580011384207871
-7.377162223646894e-5
-1.6964067160783111e-6
0.187714810682593
0.15365403591187235
0.10875765094581201
0.0495081440042291
0.017658529229034436
0.002351793944629414
0.00019353064287452117
-6.296227991151413e-6
0.07714004154306463
0.06146650332945946
0.043065741490777396
0.017658529229034436
0.005638735825592947
0.0005400254691883684
4.7023771733857144e-5
0.012886642609460678
0.010327348129110887
0.006733541361935958
0.002351793944629414
0.0005400254691883684
2.9465934085519426e-5
0.0012280974955738622
0.000941291873661192
0.0006580011384207871
0.00019353064287452117
4.7023771733857144e-5
-0.00023173466492957826
-0.00018473308258089212
-7.377162223646894e-5
-6.296227991151413e-6
-1.3886173567856226e-5
-2.4845248495658997e-6
-1.6964067160783111e-6
-2.3043364989473337e-6
-2.0724846744242972e-7
-3.6197606414749033e-7
0.47445441439448177
0.3907812786402535
0.28237147205176005
0.13611770472969908
0.05306018844491632
0.008674554371243237
0.0008045337639386053
-0.00010286042262298038
-3.4506236179190846e-6
-6.28097301830894e-8
0.3907812786402535
0.3146921280673669
0.23227007452022622
0.10875765094581201
0.043065741490777396
0.006733541361935958
0.0006580011384207871
-7.377162223646894e-5
-1.6964067160783111e-6
0.28237147205176005
0.23227007452022622
0.16590749668971064
0.07755048500438079
0.02877300950302614
0.004329271071315543
0.00037388515616229687
-2.0495064785086796e-5
0.13611770472969908
0.10875765094581201
0.07755048500438079
0.033245024274440066
0.011466068392937427
0.001303777014858003
8.542536306537193e-5
0.05306018844491632
0.043065741490777396
0.02877300950302614
0.011466068392937427
0.003166391238843951
0.00023386445841539177
0.008674554371243237
0.006733541361935958
0.004329271071315543
0.001303777014858003
0.00023386445841539177
0.0008045337639386053
0.0006580011384207871
0.00037388515616229687
8.542536306537193e-5
-0.00010286042262298038
-7.377162223646894e-5
-2.0495064785086796e-5
-3.4506236179190846e-6
-1.6964067160783111e-6
-6.28097301830894e-8
0.23340693558815503
0.187714810682593
0.13611770472969908
0.06110566696852567
0.022639510618347035
0.003064799503992311
0.0002644556791930622
-6.65195381632837e-6
7.584300948065666e-7
0.187714810682593
0.15365403591187235
0.10875765094581201
0.0495081440042291
0.017658529229034436
0.002351793944629414
0.00019353064287452117
-6.296227991151413e-6
0.13611770472969908
0.10875765094581201
0.07755048500438079
0.033245024274440066
0.011466068392937427
0.001303777014858003
8.542536306537193e-5
0.06110566696852567
0.0495081440042291
0.033245024274440066
0.013206136577431084
0.003636203584620787
0.00025925266860890686
0.022639510618347035
0.017658529229034436
0.011466068392937427
0.003636203584620787
0.0007346571766383174
0.003064799503992311
0.002351793944629414
0.001303777014858003
0.00025925266860890686
0.0002644556791930622
0.00019353064287452117
8.542536306537193e-5
-6.65195381632837e-6
-6.296227991151413e-6
7.584300948065666e-7
0.09454873798754887
0.07714004154306463
0.05306018844491632
0.022639510618347035
0.0071873548834908195
0.0007530799920873666
6.939533382695764e-5
4.958612502749312e-6
0.07714004154306463
0.06146650332945946
0.043065741490777396
0.017658529229034436
0.005638735825592947
0.0005400254691883684
4.7023771733857144e-5
0.05306018844491632
0.043065741490777396
0.02877300950302614
0.011466068392937427
0.003166391238843951
0.00023386445841539177
0.022639510618347035
0.017658529229034436
0.011466068392937427
0.003636203584620787
0.0007346571766383174
0.0071873548834908195
0.005638735825592947
0.003166391238843951
0.0007346571766383174
0.0007530799920873666
0.0005400254691883684
0.00023386445841539177
6.939533382695764e-5
4.7023771733857144e-5
4.958612502749312e-6
0.01627447177096247
0.012886642609460678
0.008674554371243237
0.003064799503992311
0.0007530799920873666
5.9858387770253335e-5
9.230662159077108e-6
0.012886642609460678
0.010327348129110887
0.006733541361935958
0.002351793944629414
0.0005400254691883684
2.9465934085519426e-5
0.008674554371243237
0.006733541361935958
0.004329271071315543
0.001303777014858003
0.00023386445841539177
0.003064799503992311
0.002351793944629414
0.001303777014858003
0.00025925266860890686
0.0007530799920873666
0.0005400254691883684
0.00023386445841539177
5.9858387770253335e-5
2.9465934085519426e-5
9.230662159077108e-6
0.0014289400740511615
0.0012280974955738622
0.0008045337639386053
0.0002644556791930622
6.939533382695764e-5
9.230662159077108e-6
0.0012280974955738622
0.000941291873661192
0.0006580011384207871
0.00019353064287452117
4.7023771733857144e-5
0.0008045337639386053
0.0006580011384207871
0.00037388515616229687
8.542536306537193e-5
0.0002644556791930622
0.00019353064287452117
8.542536306537193e-5
6.939533382695764e-5
4.7023771733857144e-5
9.230662159077108e-6
-0.0003103987642271437
-0.00023173466492957826
-0.00010286042262298038
-6.65195381632837e-6
4.958612502749312e-6
-0.00023173466492957826
-0.00018473308258089212
-7.377162223646894e-5
-6.296227991151413e-6
-0.00010286042262298038
-7.377162223646894e-5
-2.0495064785086796e-5
-6.65195381632837e-6
-6.296227991151413e-6
4.958612502749312e-6
-3.0490473621586863e-5
-1.3886173567856226e-5
-3.4506236179190846e-6
7.584300948065666e-7
-1.3886173567856226e-5
-2.4845248495658997e-6
-1.6964067160783111e-6
-3.4506236179190846e-6
-1.6964067160783111e-6
7.584300948065666e-7
-9.465593761432125e-6
-2.3043364989473337e-6
-6.28097301830894e-8
-2.3043364989473337e-6
-2.0724846744242972e-7
-6.28097301830894e-8
-1.0683814152727703e-6
-3.6197606414749033e-7
-3.6197606414749033e-7
-4.6199099379279725e-8
0.5879780352112387
0.47445441439448177
0.35184175614358554
0.16619955771209327
0.0667602095108536
0.010708557552471116
0.0010215423531214653
-0.00015250558115334964
-8.739732453823832e-6
-1.667967089836997e-6
-3.7671735369039854e-7
0.47445441439448177
0.3907812786402535
0.28237147205176005
0.13611770472969908
0.05306018844491632
0.008674554371243237
0.0008045337639386053
-0.00010286042262298038
-3.4506236179190846e-6
-6.28097301830894e-8
0.35184175614358554
0.28237147205176005
0.2063967891604676
0.09511209092575576
0.03666864608561343
0.005442282808036424
0.0005046993965208429
-2.6409283934685175e-5
1.5859690998684146e-6
0.16619955771209327
0.13611770472969908
0.09511209092575576
0.042249033527588804
0.014425779343823613
0.0018044917770619557
0.00011132423709401796
1.3935411798592737e-6
0.0667602095108536
0.05306018844491632
0.03666864608561343
0.014425779343823613
0.004363061640432511
0.00032307882905705535
7.93574523568618e-6
0.010708557552471116
0.008674554371243237
0.005442282808036424
0.0018044917770619557
0.00032307882905705535
1.285887655590278e-5
0.0010215423531214653
0.0008045337639386053
0.0005046993965208429
0.00011132423709401796
7.93574523568618e-6
-0.00015250558115334964
-0.00010286042262298038
-2.6409283934685175e-5
1.3935411798592737e-6
-8.739732453823832e-6
-3.4506236179190846e-6
1.5859690998684146e-6
-1.667967089836997e-6
-6.28097301830894e-8
-3.7671735369039854e-7
0.47445441439448177
0.3907812786402535
0.28237147205176005
0.13611770472969908
0.05306018844491632
0.008674554371243237
0.0008045337639386053
-0.00010286042262298038
-3.4506236179190846e-6
-6.28097301830894e-8
0.3907812786402535
0.3146921280673669
0.23227007452022622
0.10875765094581201
0.043065741490777396
0.006733541361935958
0.0006580011384207871
-7.377162223646894e-5
-1.6964067160783111e-6
0.28237147205176005
0.23227007452022622
0.16590749668971064
0.07755048500438079
0.02877300950302614
0.004329271071315543
0.00037388515616229687
-2.0495064785086796e-5
0.13611770472969908
0.10875765094581201
0.07755048500438079
0.033245024274440066
0.011466068392937427
0.001303777014858003
8.542536306537193e-5
0.05306018844491632
0.043065741490777396
0.02877300950302614
0.011466068392937427
0.003166391238843951
0.00023386445841539177
0.008674554371243237
0.006733541361935958
0.004329271071315543
0.001303777014858003
0.00023386445841539177
0.0008045337639386053
0.0006580011384207871
0.00037388515616229687
8.542536306537193e-5
-0.00010286042262298038
-7.377162223646894e-5
-2.0495064785086796e-5
-3.4506236179190846e-6
-1.6964067160783111e-6
-6.28097301830894e-8
0.35184175614358554
0.28237147205176005
0.2063967891604676
0.09511209092575576
0.03666864608561343
0.005442282808036424
0.0005046993965208429
-2.6409283934685175e-5
1.5859690998684146e-6
0.28237147205176005
0.23227007452022622
0.16590749668971064
0.07755048500438079
0.02877300950302614
0.004329271071315543
0.00037388515616229687
-2.0495064785086796e-5
0.2063967891604676
0.16590749668971064
0.1201632930267074
0.053085082996218357
0.019327684017394375
0.0025029541856817854
0.00018144111019357983
0.09511209092575576
0.07755048500438079
0.053085082996218357
0.022372942752950434
0.006748169723685788
0.0006749868871730921
0.03666864608561343
0.02877300950302614
0.019327684017394375
0.006748169723685788
0.0016397718504943973
0.005442282808036424
0.004329271071315543
0.0025029541856817854
0.0006749868871730921
0.0005046993965208429
0.00037388515616229687
0.00018144111019357983
-2.6409283934685175e-5
-2.0495064785086796e-5
1.5859690998684146e-6
0.16619955771209327
0.13611770472969908
0.09511209092575576
0.042249033527588804
0.014425779343823613
0.0018044917770619557
0.00011132423709401796
1.3935411798592737e-6
0.13611770472969908
0.10875765094581201
0.07755048500438079
0.033245024274440066
0.011466068392937427
0.001303777014858003
8.542536306537193e-5
0.09511209092575576
0.07755048500438079
0.053085082996218357
0.022372942752950434
0.006748169723685788
0.0006749868871730921
0.042249033527588804
0.033245024274440066
0.022372942752950434
0.007833625538431291
0.001903060740220508
0.014425779343823613
0.011466068392937427
0.006748169723685788
0.001903060740220508
0.0018044917770619557
0.001303777014858003
0.0006749868871730921
0.00011132423709401796
8.542536306537193e-5
1.3935411798592737e-6
0.0667602095108536
0.05306018844491632
0.03666864608561343
0.014425779343823613
0.004363061640432511
0.00032307882905705535
7.93574523568618e-6
0.05306018844491632
0.043065741490777396
0.02877300950302614
0.011466068392937427
0.003166391238843951
0.00023386445841539177
0.03666864608561343
0.02877300950302614
0.019327684017394375
0.006748169723685788
0.0016397718504943973
0.014425779343823613
0.011466068392937427
0.006748169723685788
0.001903060740220508
0.004363061640432511
0.003166391238843951
0.0016397718504943973
0.00032307882905705535
0.00023386445841539177
7.93574523568618e-6
0.010708557552471116
0.008674554371243237
0.005442282808036424
0.0018044917770619557
0.00032307882905705535
1.285887655590278e-5
0.008674554371243237
0.006733541361935958
0.004329271071315543
0.001303777014858003
0.00023386445841539177
0.005442282808036424
0.004329271071315543
0.0025029541856817854
0.0006749868871730921
0.0018044917770619557
0.001303777014858003
0.0006749868871730921
0.00032307882905705535
0.00023386445841539177
1.285887655590278e-5
0.0010215423531214653
0.0008045337639386053
0.0005046993965208429
0.00011132423709401796
7.93574523568618e-6
0.0008045337639386053
0.0006580011384207871
0.00037388515616229687
8.542536306537193e-5
0.0005046993965208429
0.00037388515616229687
0.00018144111019357983
0.00011132423709401796
8.542536306537193e-5
7.93574523568618e-6
-0.00015250558115334964
-0.00010286042262298038
-2.6409283934685175e-5
1.3935411798592737e-6
-0.00010286042262298038
-7.377162223646894e-5
-2.0495064785086796e-5
-2.6409283934685175e-5
-2.0495064785086796e-5
1.3935411798592737e-6
-8.739732453823832e-6
-3.4506236179190846e-6
1.5859690998684146e-6
-3.4506236179190846e-6
-1.6964067160783111e-6
1.5859690998684146e-6
-1.667967089836997e-6
-6.28097301830894e-8
-6.28097301830894e-8
-3.7671735369039854e-7
0.28448413218613666
0.23340693558815503
0.16619955771209327
0.07722234028913184
0.028142631425221814
0.004074587534783429
0.00034940988424272485
-1.3551816103116886e-5
1.7760906213585683e-6
-3.572550373162698e-7
0.23340693558815503
0.187714810682593
0.13611770472969908
0.06110566696852567
0.022639510618347035
0.003064799503992311
0.0002644556791930622
-6.65195381632837e-6
7.584300948065666e-7
0.16619955771209327
0.13611770472969908
0.09511209092575576
0.042249033527588804
0.014425779343823613
0.0018044917770619557
0.00011132423709401796
1.3935411798592737e-6
0.07722234028913184
0.06110566696852567
0.042249033527588804
0.016737552073702422
0.005030134469353603
0.0003853881861339503
8.11346923539441e-6
0.028142631425221814
0.022639510618347035
0.014425779343823613
0.005030134469353603
0.001031898842047845
3.862651642970399e-5
0.004074587534783429
0.003064799503992311
0.0018044917770619557
0.0003853881861339503
3.862651642970399e-5
0.00034940988424272485
0.0002644556791930622
0.00011132423709401796
8.11346923539441e-6
-1.3551816103116886e-5
-6.65195381632837e-6
1.3935411798592737e-6
1.7760906213585683e-6
7.584300948065666e-7
-3.572550373162698e-7
0.23340693558815503
0.187714810682593
0.13611770472969908
0.06110566696852567
0.022639510618347035
0.003064799503992311
0.0002644556791930622
-6.65195381632837e-6
7.584300948065666e-7
0.187714810682593
0.15365403591187235
0.10875765094581201
0.0495081440042291
0.017658529229034436
0.002351793944629414
0.00019353064287452117
-6.296227991151413e-6
0.13611770472969908
0.10875765094581201
0.07755048500438079
0.033245024274440066
0.011466068392937427
0.001303777014858003
8.542536306537193e-5
0.06110566696852567
0.0495081440042291
0.033245024274440066
0.013206136577431084
0.003636203584620787
0.00025925266860890686
0.022639510618347035
0.017658529229034436
0.011466068392937427
0.003636203584620787
0.0007346571766383174
0.003064799503992311
0.002351793944629414
0.001303777014858003
0.00025925266860890686
0.0002644556791930622
0.00019353064287452117
8.542536306537193e-5
-6.65195381632837e-6
-6.296227991151413e-6
7.584300948065666e-7
0.16619955771209327
0.13611770472969908
0.09511209092575576
0.042249033527588804
0.014425779343823613
0.0018044917770619557
0.00011132423709401796
1.3935411798592737e-6
0.13611770472969908
0.10875765094581201
0.07755048500438079
0.033245024274440066
0.011466068392937427
0.001303777014858003
8.542536306537193e-5
0.09511209092575576
0.07755048500438079
0.053085082996218357
0.022372942752950434
0.006748169723685788
0.0006749868871730921
0.042249033527588804
0.033245024274440066
0.022372942752950434
0.007833625538431291
0.001903060740220508
0.014425779343823613
0.011466068392937427
0.006748169723685788
0.001903060740220508
0.0018044917770619557
0.001303777014858003
0.0006749868871730921
0.00011132423709401796
8.542536306537193e-5
1.3935411798592737e-6
0.07722234028913184
0.06110566696852567
0.042249033527588804
0.016737552073702422
0.005030134469353603
0.0003853881861339503
8.11346923539441e-6
0.06110566696852567
0.0495081440042291
0.033245024274440066
0.013206136577431084
0.003636203584620787
0.00025925266860890686
0.042249033527588804
0.033245024274440066
0.022372942752950434
0.007833625538431291
0.001903060740220508
0.016737552073702422
0.013206136577431084
0.007833625538431291
0.0021824437486673036
0.005030134469353603
0.003636203584620787
0.001903060740220508
0.0003853881861339503
0.00025925266860890686
8.11346923539441e-6
0.028142631425221814
0.022639510618347035
0.014425779343823613
0.005030134469353603
0.001031898842047845
3.862651642970399e-5
0.022639510618347035
0.017658529229034436
0.011466068392937427
0.003636203584620787
0.0007346571766383174
0.014425779343823613
0.011466068392937427
0.006748169723685788
0.001903060740220508
0.005030134469353603
0.003636203584620787
0.001903060740220508
0.001031898842047845
0.0007346571766383174
3.862651642970399e-5
0.004074587534783429
0.003064799503992311
0.0018044917770619557
0.0003853881861339503
3.862651642970399e-5
0.003064799503992311
0.002351793944629414
0.001303777014858003
0.00025925266860890686
0.0018044917770619557
0.001303777014858003
0.0006749868871730921
0.0003853881861339503
0.00025925266860890686
3.862651642970399e-5
0.00034940988424272485
0.0002644556791930622
0.00011132423709401796
8.11346923539441e-6
0.0002644556791930622
0.00019353064287452117
8.542536306537193e-5
0.00011132423709401796
8.542536306537193e-5
8.11346923539441e-6
-1.3551816103116886e-5
-6.65195381632837e-6
1.3935411798592737e-6
-6.65195381632837e-6
-6.296227991151413e-6
1.3935411798592737e-6
1.7760906213585683e-6
7.584300948065666e-7
7.584300948065666e-7
-3.572550373162698e-7
0.11791709920291465
0.09454873798754887
0.0667602095108536
0.028142631425221814
0.009433722265279823
0.0010392450904484819
0.00012837889379796742
1.0412283201107742e-5
2.585846114747596e-6
0.09454873798754887
0.07714004154306463
0.05306018844491632
0.022639510618347035
0.0071873548834908195
0.0007530799920873666
6.939533382695764e-5
4.958612502749312e-6
0.0667602095108536
0.05306018844491632
0.03666864608561343
0.014425779343823613
0.004363061640432511
0.00032307882905705535
7.93574523568618e-6
0.028142631425221814
0.022639510618347035
0.014425779343823613
0.005030134469353603
0.001031898842047845
3.862651642970399e-5
0.009433722265279823
0.0071873548834908195
0.004363061640432511
0.001031898842047845
9.710293056531048e-5
0.0010392450904484819
0.0007530799920873666
0.00032307882905705535
3.862651642970399e-5
0.00012837889379796742
6.939533382695764e-5
7.93574523568618e-6
1.0412283201107742e-5
4.958612502749312e-6
2.585846114747596e-6
0.09454873798754887
0.07714004154306463
0.05306018844491632
0.022639510618347035
0.0071873548834908195
0.0007530799920873666
6.939533382695764e-5
4.958612502749312e-6
0.07714004154306463
0.06146650332945946
0.043065741490777396
0.017658529229034436
0.005638735825592947
0.0005400254691883684
4.7023771733857144e-5
0.05306018844491632
0.043065741490777396
0.02877300950302614
0.011466068392937427
0.003166391238843951
0.00023386445841539177
0.022639510618347035
0.017658529229034436
0.011466068392937427
0.003636203584620787
0.0007346571766383174
0.0071873548834908195
0.005638735825592947
0.003166391238843951
0.0007346571766383174
0.0007530799920873666
0.0005400254691883684
0.00023386445841539177
6.939533382695764e-5
4.7023771733857144e-5
4.958612502749312e-6
0.0667602095108536
0.05306018844491632
0.03666864608561343
0.014425779343823613
0.004363061640432511
0.00032307882905705535
7.93574523568618e-6
0.05306018844491632
0.043065741490777396
0.02877300950302614
0.011466068392937427
0.003166391238843951
0.00023386445841539177
0.03666864608561343
0.02877300950302614
0.019327684017394375
0.006748169723685788
0.0016397718504943973
0.014425779343823613
0.011466068392937427
0.006748169723685788
0.001903060740220508
0.004363061640432511
0.003166391238843951
0.0016397718504943973
0.00032307882905705535
0.00023386445841539177
7.93574523568618e-6
0.028142631425221814
0.022639510618347035
0.014425779343823613
0.005030134469353603
0.001031898842047845
3.862651642970399e-5
0.022639510618347035
0.017658529229034436
0.011466068392937427
0.003636203584620787
0.0007346571766383174
0.014425779343823613
0.011466068392937427
0.006748169723685788
0.001903060740220508
0.005030134469353603
0.003636203584620787
0.001903060740220508
0.001031898842047845
0.0007346571766383174
3.862651642970399e-5
0.009433722265279823
0.0071873548834908195
0.004363061640432511
0.001031898842047845
9.710293056531048e-5
0.0071873548834908195
0.005638735825592947
0.003166391238843951
0.0007346571766383174
0.004363061640432511
0.003166391238843951
0.0016397718504943973
0.001031898842047845
0.0007346571766383174
9.710293056531048e-5
0.0010392450904484819
0.0007530799920873666
0.00032307882905705535
3.862651642970399e-5
0.0007530799920873666
0.0005400254691883684
0.00023386445841539177
0.00032307882905705535
0.00023386445841539177
3.862651642970399e-5
0.00012837889379796742
6.939533382695764e-5
7.93574523568618e-6
6.939533382695764e-5
4.7023771733857144e-5
7.93574523568618e-6
1.0412283201107742e-5
4.958612502749312e-6
4.958612502749312e-6
2.585846114747596e-6
0.019507205254282216
0.01627447177096247
0.010708557552471116
0.004074587534783429
0.0010392450904484819
0.0001915286426852774
1.9214659953012733e-5
-1.0503202019373085e-6
0.01627447177096247
0.012886642609460678
0.008674554371243237
0.003064799503992311
0.0007530799920873666
5.9858387770253335e-5
9.230662159077108e-6
0.010708557552471116
0.008674554371243237
0.005442282808036424
0.0018044917770619557
0.00032307882905705535
1.285887655590278e-5
0.004074587534783429
0.003064799503992311
0.0018044917770619557
0.0003853881861339503
3.862651642970399e-5
0.0010392450904484819
0.0007530799920873666
0.00032307882905705535
3.862651642970399e-5
0.0001915286426852774
5.9858387770253335e-5
1.285887655590278e-5
1.9214659953012733e-5
9.230662159077108e-6
-1.0503202019373085e-6
0.01627447177096247
0.012886642609460678
0.008674554371243237
0.003064799503992311
0.0007530799920873666
5.9858387770253335e-5
9.230662159077108e-6
0.012886642609460678
0.010327348129110887
0.006733541361935958
0.002351793944629414
0.0005400254691883684
2.9465934085519426e-5
0.008674554371243237
0.006733541361935958
0.004329271071315543
0.001303777014858003
0.00023386445841539177
0.003064799503992311
0.002351793944629414
0.001303777014858003
0.00025925266860890686
0.0007530799920873666
0.0005400254691883684
0.00023386445841539177
5.9858387770253335e-5
2.9465934085519426e-5
9.230662159077108e-6
0.010708557552471116
0.008674554371243237
0.005442282808036424
0.0018044917770619557
0.00032307882905705535
1.285887655590278e-5
0.008674554371243237
0.006733541361935958
0.004329271071315543
0.001303777014858003
0.00023386445841539177
0.005442282808036424
0.004329271071315543
0.0025029541856817854
0.0006749868871730921
0.0018044917770619557
0.001303777014858003
0.0006749868871730921
0.00032307882905705535
0.00023386445841539177
1.285887655590278e-5
0.004074587534783429
0.003064799503992311
0.0018044917770619557
0.0003853881861339503
3.862651642970399e-5
0.003064799503992311
0.002351793944629414
0.001303777014858003
0.00025925266860890686
0.0018044917770619557
0.001303777014858003
0.0006749868871730921
0.0003853881861339503
0.00025925266860890686
3.862651642970399e-5
0.0010392450904484819
0.0007530799920873666
0.00032307882905705535
3.862651642970399e-5
0.0007530799920873666
0.0005400254691883684
0.00023386445841539177
0.00032307882905705535
0.00023386445841539177
3.862651642970399e-5
0.0001915286426852774
5.9858387770253335e-5
1.285887655590278e-5
5.9858387770253335e-5
2.9465934085519426e-5
1.285887655590278e-5
1.9214659953012733e-5
9.230662159077108e-6
9.230662159077108e-6
-1.0503202019373085e-6
0.0017169184379572531
0.0014289400740511615
0.0010215423531214653
0.00034940988424272485
0.00012837889379796742
1.9214659953012733e-5
1.454625289708507e-5
0.0014289400740511615
0.0012280974955738622
0.0008045337639386053
0.0002644556791930622
6.939533382695764e-5
9.230662159077108e-6
0.0010215423531214653
0.0008045337639386053
0.0005046993965208429
0.00011132423709401796
7.93574523568618e-6
0.00034940988424272485
0.0002644556791930622
0.00011132423709401796
8.11346923539441e-6
0.00012837889379796742
6.939533382695764e-5
7.93574523568618e-6
1.9214659953012733e-5
9.230662159077108e-6
1.454625289708507e-5
0.0014289400740511615
0.0012280974955738622
0.0008045337639386053
0.0002644556791930622
6.939533382695764e-5
9.230662159077108e-6
0.0012280974955738622
0.000941291873661192
0.0006580011384207871
0.00019353064287452117
4.7023771733857144e-5
0.0008045337639386053
0.0006580011384207871
0.00037388515616229687
8.542536306537193e-5
0.0002644556791930622
0.00019353064287452117
8.542536306537193e-5
6.939533382695764e-5
4.7023771733857144e-5
9.230662159077108e-6
0.0010215423531214653
0.0008045337639386053
0.0005046993965208429
0.00011132423709401796
7.93574523568618e-6
0.0008045337639386053
0.0006580011384207871
0.00037388515616229687
8.542536306537193e-5
0.0005046993965208429
0.00037388515616229687
0.00018144111019357983
0.00011132423709401796
8.542536306537193e-5
7.93574523568618e-6
0.00034940988424272485
0.0002644556791930622
0.00011132423709401796
8.11346923539441e-6
0.0002644556791930622
0.00019353064287452117
8.542536306537193e-5
0.00011132423709401796
8.542536306537193e-5
8.11346923539441e-6
0.00012837889379796742
6.939533382695764e-5
7.93574523568618e-6
6.939533382695764e-5
4.7023771733857144e-5
7.93574523568618e-6
1.9214659953012733e-5
9.230662159077108e-6
9.230662159077108e-6
1.454625289708507e-5
-0.00045115999280962826
-0.0003103987642271437
-0.00015250558115334964
-1.3551816103116886e-5
1.0412283201107742e-5
-1.0503202019373085e-6
-0.0003103987642271437
-0.00023173466492957826
-0.00010286042262298038
-6.65195381632837e-6
4.958612502749312e-6
-0.00015250558115334964
-0.00010286042262298038
-2.6409283934685175e-5
1.3935411798592737e-6
-1.3551816103116886e-5
-6.65195381632837e-6
1.3935411798592737e-6
1.0412283201107742e-5
4.958612502749312e-6
-1.0503202019373085e-6
-0.0003103987642271437
-0.00023173466492957826
-0.00010286042262298038
-6.65195381632837e-6
4.958612502749312e-6
-0.00023173466492957826
-0.00018473308258089212
-7.377162223646894e-5
-6.296227991151413e-6
-0.00010286042262298038
-7.377162223646894e-5
-2.0495064785086796e-5
-6.65195381632837e-6
-6.296227991151413e-6
4.958612502749312e-6
-0.00015250558115334964
-0.00010286042262298038
-2.6409283934685175e-5
1.3935411798592737e-6
-0.00010286042262298038
-7.377162223646894e-5
-2.0495064785086796e-5
-2.6409283934685175e-5
-2.0495064785086796e-5
1.3935411798592737e-6
-1.3551816103116886e-5
-6.65195381632837e-6
1.3935411798592737e-6
-6.65195381632837e-6
-6.296227991151413e-6
1.3935411798592737e-6
1.0412283201107742e-5
4.958612502749312e-6
4.958612502749312e-6
-1.0503202019373085e-6
-1.981409728420617e-5
-3.0490473621586863e-5
-8.739732453823832e-6
1.7760906213585683e-6
2.585846114747596e-6
-3.0490473621586863e-5
-1.3886173567856226e-5
-3.4506236179190846e-6
7.584300948065666e-7
-8.739732453823832e-6
-3.4506236179190846e-6
1.5859690998684146e-6
1.7760906213585683e-6
7.584300948065666e-7
2.585846114747596e-6
-3.0490473621586863e-5
-1.3886173567856226e-5
-3.4506236179190846e-6
7.584300948065666e-7
-1.3886173567856226e-5
-2.4845248495658997e-6
-1.6964067160783111e-6
-3.4506236179190846e-6
-1.6964067160783111e-6
7.584300948065666e-7
-8.739732453823832e-6
-3.4506236179190846e-6
1.5859690998684146e-6
-3.4506236179190846e-6
-1.6964067160783111e-6
1.5859690998684146e-6
1.7760906213585683e-6
7.584300948065666e-7
7.584300948065666e-7
2.585846114747596e-6
-2.448552462692721e-5
-9.465593761432125e-6
-1.667967089836997e-6
-3.572550373162698e-7
-9.465593761432125e-6
-2.3043364989473337e-6
-6.28097301830894e-8
-1.667967089836997e-6
-6.28097301830894e-8
-3.572550373162698e-7
-9.465593761432125e-6
-2.3043364989473337e-6
-6.28097301830894e-8
-2.3043364989473337e-6
-2.0724846744242972e-7
-6.28097301830894e-8
-1.667967089836997e-6
-6.28097301830894e-8
-6.28097301830894e-8
-3.572550373162698e-7
-4.433499731243035e-6
-1.0683814152727703e-6
-3.7671735369039854e-7
-1.0683814152727703e-6
-3.6197606414749033e-7
-3.7671735369039854e-7
-1.0683814152727703e-6
-3.6197606414749033e-7
-3.6197606414749033e-7
-3.7671735369039854e-7
1.618367923548502e-8
-4.6199099379279725e-8
-4.6199099379279725e-8
-4.6199099379279725e-8
1.494127354370903e-10
