1.0
0.8337856385159568
0.5025602262372626
0.20647174669659404
0.04744261151106414
0.003064662207835943
-0.00022065093605594445
-2.459143252205139e-5
-6.370042190687424e-6
-3.03656470259346e-6
-3.416405229585215e-7
1.33441841166793e-12
0.8337856385159568
0.7007135195139872
0.4219617331933661
0.17216175889632818
0.03922104406394438
0.0026127408483618054
-0.00016482540450561778
-7.456781077019448e-6
-6.391371611501747e-6
-1.079370202362356e-6
-4.541632428836902e-8
0.5025602262372626
0.4219617331933661
0.2523920967174915
0.09980390297367679
0.021592314350852366
0.001393803789075651
-4.330466090072605e-5
3.540096839005904e-6
-2.487629539131164e-6
2.913644541042482e-8
0.20647174669659404
0.17216175889632818
0.09980390297367679
0.03716360514519937
0.0071490885526530904
0.000405065627871093
1.5494576678508834e-5
3.918452739893841e-6
1.2350890311184214e-7
0.04744261151106414
0.03922104406394438
0.021592314350852366
0.0071490885526530904
0.001178435079565584
7.597173103095737e-5
1.3816177168191034e-6
4.7483775728267633e-7
0.003064662207835943
0.0026127408483618054
0.001393803789075651
0.000405065627871093
7.597173103095737e-5
1.1628355424534196e-5
-1.2875884933708323e-6
-0.00022065093605594445
-0.00016482540450561778
-4.330466090072605e-5
1.5494576678508834e-5
1.3816177168191034e-6
-1.2875884933708323e-6
-2.459143252205139e-5
-7.456781077019448e-6
3.540096839005904e-6
3.918452739893841e-6
4.7483775728267633e-7
-6.370042190687424e-6
-6.391371611501747e-6
-2.487629539131164e-6
1.2350890311184214e-7
-3.03656470259346e-6
-1.079370202362356e-6
2.913644541042482e-8
-3.416405229585215e-7
-4.541632428836902e-8
1.33441841166793e-12
0.8337856385159568
0.7007135195139872
0.4219617331933661
0.17216175889632818
0.03922104406394438
0.0026127408483618054
-0.00016482540450561778
-7.456781077019448e-6
-6.391371611501747e-6
-1.079370202362356e-6
-4.541632428836902e-8
0.7007135195139872
0.5873914874450757
0.3539373615972827
0.14337226458559538
0.0322929884192268
0.0021513177582060485
-0.00011161879134436685
-5.342852347944809e-6
-3.0350619256295837e-6
-2.1994993142351247e-7
0.4219617331933661
0.3539373615972827
0.21015693627334342
0.08256778783011504
0.01752525193242195
0.0010900864131642716
-2.9343008110252894e-5
1.6357449647661984e-6
-5.591105096290992e-7
0.17216175889632818
0.14337226458559538
0.08256778783011504
0.030197816088083907
0.005621900456755245
0.00028186179033275205
6.177597913813967e-6
1.4049802365312336e-6
0.03922104406394438
0.0322929884192268
0.01752525193242195
0.005621900456755245
0.000838963640694661
3.4917019168914155e-5
1.6975624224818386e-6
0.0026127408483618054
0.0021513177582060485
0.0010900864131642716
0.00028186179033275205
3.4917019168914155e-5
2.2465894922928813e-6
-0.00016482540450561778
-0.00011161879134436685
-2.9343008110252894e-5
6.177597913813967e-6
1.6975624224818386e-6
-7.456781077019448e-6
-5.342852347944809e-6
1.6357449647661984e-6
1.4049802365312336e-6
-6.391371611501747e-6
-3.0350619256295837e-6
-5.591105096290992e-7
-1.079370202362356e-6
-2.1994993142351247e-7
-4.541632428836902e-8
0.5025602262372626
0.4219617331933661
0.2523920967174915
0.09980390297367679
0.021592314350852366
0.001393803789075651
-4.330466090072605e-5
3.540096839005904e-6
-2.487629539131164e-6
2.913644541042482e-8
0.4219617331933661
0.3539373615972827
0.21015693627334342
0.08256778783011504
0.01752525193242195
0.0010900864131642716
-2.9343008110252894e-5
1.6357449647661984e-6
-5.591105096290992e-7
0.2523920967174915
0.21015693627334342
0.12226695151204664
0.04604403594141658
0.009032789545152966
0.0004751935303922347
-3.995443879291709e-6
1.6658009349774646e-6
0.09980390297367679
0.08256778783011504
0.04604403594141658
0.01579983307549247
0.002582466839824205
8.609769713474438e-5
1.275292443692556e-6
0.021592314350852366
0.01752525193242195
0.009032789545152966
0.002582466839824205
0.0002885943999708627
-9.419970992738913e-7
0.001393803789075651
0.0010900864131642716
0.0004751935303922347
8.609769713474438e-5
-9.419970992738913e-7
-4.330466090072605e-5
-2.9343008110252894e-5
-3.995443879291709e-6
1.275292443692556e-6
3.540096839005904e-6
1.6357449647661984e-6
1.6658009349774646e-6
-2.487629539131164e-6
-5.591105096290992e-7
2.913644541042482e-8
0.20647174669659404
0.17216175889632818
0.09980390297367679
0.03716360514519937
0.0071490885526530904
0.000405065627871093
1.5494576678508834e-5
3.918452739893841e-6
1.2350890311184214e-7
0.17216175889632818
0.14337226458559538
0.08256778783011504
0.030197816088083907
0.005621900456755245
0.00028186179033275205
6.177597913813967e-6
1.4049802365312336e-6
0.09980390297367679
0.08256778783011504
0.04604403594141658
0.01579983307549247
0.002582466839824205
8.609769713474438e-5
1.275292443692556e-6
0.03716360514519937
0.030197816088083907
0.01579983307549247
0.004684905837589365
0.0005725833390085966
3.4382357294545135e-6
0.0071490885526530904
0.005621900456755245
0.002582466839824205
0.0005725833390085966
1.2816231142959535e-5
0.000405065627871093
0.00028186179033275205
8.609769713474438e-5
3.4382357294545135e-6
1.5494576678508834e-5
6.177597913813967e-6
1.275292443692556e-6
3.918452739893841e-6
1.4049802365312336e-6
1.2350890311184214e-7
0.04744261151106414
0.03922104406394438
0.021592314350852366
0.0071490885526530904
0.001178435079565584
7.597173103095737e-5
1.3816177168191034e-6
4.7483775728267633e-7
0.03922104406394438
0.0322929884192268
0.01752525193242195
0.005621900456755245
0.000838963640694661
3.4917019168914155e-5
1.6975624224818386e-6
0.021592314350852366
0.01752525193242195
0.009032789545152966
0.002582466839824205
0.0002885943999708627
-9.419970992738913e-7
0.0071490885526530904
0.005621900456755245
0.002582466839824205
0.0005725833390085966
1.2816231142959535e-5
0.001178435079565584
0.000838963640694661
0.0002885943999708627
1.2816231142959535e-5
7.597173103095737e-5
3.4917019168914155e-5
-9.419970992738913e-7
1.3816177168191034e-6
1.6975624224818386e-6
4.7483775728267633e-7
0.003064662207835943
0.0026127408483618054
0.001393803789075651
0.000405065627871093
7.597173103095737e-5
1.1628355424534196e-5
-1.2875884933708323e-6
0.0026127408483618054
0.0021513177582060485
0.0010900864131642716
0.00028186179033275205
3.4917019168914155e-5
2.2465894922928813e-6
0.001393803789075651
0.0010900864131642716
0.0004751935303922347
8.609769713474438e-5
-9.419970992738913e-7
0.000405065627871093
0.00028186179033275205
8.609769713474438e-5
3.4382357294545135e-6
7.597173103095737e-5
3.4917019168914155e-5
-9.419970992738913e-7
1.1628355424534196e-5
2.2465894922928813e-6
-1.2875884933708323e-6
-0.00022065093605594445
-0.00016482540450561778
-4.330466090072605e-5
1.5494576678508834e-5
1.3816177168191034e-6
-1.2875884933708323e-6
-0.00016482540450561778
-0.00011161879134436685
-2.9343008110252894e-5
6.177597913813967e-6
1.6975624224818386e-6
-4.330466090072605e-5
-2.9343008110252894e-5
-3.995443879291709e-6
1.275292443692556e-6
1.5494576678508834e-5
6.177597913813967e-6
1.275292443692556e-6
1.3816177168191034e-6
1.6975624224818386e-6
-1.2875884933708323e-6
-2.459143252205139e-5
-7.456781077019448e-6
3.540096839005904e-6
3.918452739893841e-6
4.7483775728267633e-7
-7.456781077019448e-6
-5.342852347944809e-6
1.6357449647661984e-6
1.4049802365312336e-6
3.540096839005904e-6
1.6357449647661984e-6
1.6658009349774646e-6
3.918452739893841e-6
1.4049802365312336e-6
4.7483775728267633e-7
-6.370042190687424e-6
-6.391371611501747e-6
-2.487629539131164e-6
1.2350890311184214e-7
-6.391371611501747e-6
-3.0350619256295837e-6
-5.591105096290992e-7
-2.487629539131164e-6
-5.591105096290992e-7
1.2350890311184214e-7
-3.03656470259346e-6
-1.079370202362356e-6
2.913644541042482e-8
-1.079370202362356e-6
-2.1994993142351247e-7
2.913644541042482e-8
-3.416405229585215e-7
-4.541632428836902e-8
-4.541632428836902e-8
1.33441841166793e-12
0.8337856385159568
0.7007135195139872
0.4219617331933661
0.17216175889632818
0.03922104406394438
0.0026127408483618054
-0.00016482540450561778
-7.456781077019448e-6
-6.391371611501747e-6
-1.079370202362356e-6
-4.541632428836902e-8
0.7007135195139872
0.5873914874450757
0.3539373615972827
0.14337226458559538
0.0322929884192268
0.0021513177582060485
-0.00011161879134436685
-5.342852347944809e-6
-3.0350619256295837e-6
-2.1994993142351247e-7
0.4219617331933661
0.3539373615972827
0.21015693627334342
0.08256778783011504
0.01752525193242195
0.0010900864131642716
-2.9343008110252894e-5
1.6357449647661984e-6
-5.591105096290992e-7
0.17216175889632818
0.14337226458559538
0.08256778783011504
0.030197816088083907
0.005621900456755245
0.00028186179033275205
6.177597913813967e-6
1.4049802365312336e-6
0.03922104406394438
0.0322929884192268
0.01752525193242195
0.005621900456755245
0.000838963640694661
3.4917019168914155e-5
1.6975624224818386e-6
0.0026127408483618054
0.0021513177582060485
0.0010900864131642716
0.00028186179033275205
3.4917019168914155e-5
2.2465894922928813e-6
-0.00016482540450561778
-0.00011161879134436685
-2.9343008110252894e-5
6.177597913813967e-6
1.6975624224818386e-6
-7.456781077019448e-6
-5.342852347944809e-6
1.6357449647661984e-6
1.4049802365312336e-6
-6.391371611501747e-6
-3.0350619256295837e-6
-5.591105096290992e-7
-1.079370202362356e-6
-2.1994993142351247e-7
-4.541632428836902e-8
0.7007135195139872
0.5873914874450757
0.3539373615972827
0.14337226458559538
0.0322929884192268
0.0021513177582060485
-0.00011161879134436685
-5.342852347944809e-6
-3.0350619256295837e-6
-2.1994993142351247e-7
0.5873914874450757
0.49386741917847277
0.29631084978597333
0.11922462350975398
0.02645510876630418
0.001750674866267848
-8.1521614146395e-5
-2.0546271316322678e-6
-1.3632856095456103e-6
0.3539373615972827
0.29631084978597333
0.17541301909674453
0.06806089321452131
0.014151598815375427
0.0008414114448444295
-2.0539750926171052e-5
4.9861857796225e-7
0.14337226458559538
0.11922462350975398
0.06806089321452131
0.02450814574868959
0.0043962534218639215
0.00019005903702968346
3.4827795813447643e-6
0.0322929884192268
0.02645510876630418
0.014151598815375427
0.0043962534218639215
0.0005918041175267113
1.627358285384883e-5
0.0021513177582060485
0.001750674866267848
0.0008414114448444295
0.00019005903702968346
1.627358285384883e-5
-0.00011161879134436685
-8.1521614146395e-5
-2.0539750926171052e-5
3.4827795813447643e-6
-5.342852347944809e-6
-2.0546271316322678e-6
4.9861857796225e-7
-3.0350619256295837e-6
-1.3632856095456103e-6
-2.1994993142351247e-7
0.4219617331933661
0.3539373615972827
0.21015693627334342
0.08256778783011504
0.01752525193242195
0.0010900864131642716
-2.9343008110252894e-5
1.6357449647661984e-6
-5.591105096290992e-7
0.3539373615972827
0.29631084978597333
0.17541301909674453
0.06806089321452131
0.014151598815375427
0.0008414114448444295
-2.0539750926171052e-5
4.9861857796225e-7
0.21015693627334342
0.17541301909674453
0.10149953511926617
0.03763960309024035
0.0071395206702284724
0.0003445566997953492
-3.828198433652568e-6
0.08256778783011504
0.06806089321452131
0.03763960309024035
0.01258734751223813
0.0019261650029778886
4.959576143587077e-5
0.01752525193242195
0.014151598815375427
0.0071395206702284724
0.0019261650029778886
0.00016707400439279818
0.0010900864131642716
0.0008414114448444295
0.0003445566997953492
4.959576143587077e-5
-2.9343008110252894e-5
-2.0539750926171052e-5
-3.828198433652568e-6
1.6357449647661984e-6
4.9861857796225e-7
-5.591105096290992e-7
0.17216175889632818
0.14337226458559538
0.08256778783011504
0.030197816088083907
0.005621900456755245
0.00028186179033275205
6.177597913813967e-6
1.4049802365312336e-6
0.14337226458559538
0.11922462350975398
0.06806089321452131
0.02450814574868959
0.0043962534218639215
0.00019005903702968346
3.4827795813447643e-6
0.08256778783011504
0.06806089321452131
0.03763960309024035
0.01258734751223813
0.0019261650029778886
4.959576143587077e-5
0.030197816088083907
0.02450814574868959
0.01258734751223813
0.0035358446686481527
0.00032794787414443065
0.005621900456755245
0.0043962534218639215
0.0019261650029778886
0.00032794787414443065
0.00028186179033275205
0.00019005903702968346
4.959576143587077e-5
6.177597913813967e-6
3.4827795813447643e-6
1.4049802365312336e-6
0.03922104406394438
0.0322929884192268
0.01752525193242195
0.005621900456755245
0.000838963640694661
3.4917019168914155e-5
1.6975624224818386e-6
0.0322929884192268
0.02645510876630418
0.014151598815375427
0.0043962534218639215
0.0005918041175267113
1.627358285384883e-5
0.01752525193242195
0.014151598815375427
0.0071395206702284724
0.0019261650029778886
0.00016707400439279818
0.005621900456755245
0.0043962534218639215
0.0019261650029778886
0.00032794787414443065
0.000838963640694661
0.0005918041175267113
0.00016707400439279818
3.4917019168914155e-5
1.627358285384883e-5
1.6975624224818386e-6
0.0026127408483618054
0.0021513177582060485
0.0010900864131642716
0.00028186179033275205
3.4917019168914155e-5
2.2465894922928813e-6
0.0021513177582060485
0.001750674866267848
0.0008414114448444295
0.00019005903702968346
1.627358285384883e-5
0.0010900864131642716
0.0008414114448444295
0.0003445566997953492
4.959576143587077e-5
0.00028186179033275205
0.00019005903702968346
4.959576143587077e-5
3.4917019168914155e-5
1.627358285384883e-5
2.2465894922928813e-6
-0.00016482540450561778
-0.00011161879134436685
-2.9343008110252894e-5
6.177597913813967e-6
1.6975624224818386e-6
-0.00011161879134436685
-8.1521614146395e-5
-2.0539750926171052e-5
3.4827795813447643e-6
-2.9343008110252894e-5
-2.0539750926171052e-5
-3.828198433652568e-6
6.177597913813967e-6
3.4827795813447643e-6
1.6975624224818386e-6
-7.456781077019448e-6
-5.342852347944809e-6
1.6357449647661984e-6
1.4049802365312336e-6
-5.342852347944809e-6
-2.0546271316322678e-6
4.9861857796225e-7
1.6357449647661984e-6
4.9861857796225e-7
1.4049802365312336e-6
-6.391371611501747e-6
-3.0350619256295837e-6
-5.591105096290992e-7
-3.0350619256295837e-6
-1.3632856095456103e-6
-5.591105096290992e-7
-1.079370202362356e-6
-2.1994993142351247e-7
-2.1994993142351247e-7
-4.541632428836902e-8
0.5025602262372626
0.4219617331933661
0.2523920967174915
0.09980390297367679
0.021592314350852366
0.001393803789075651
-4.330466090072605e-5
3.540096839005904e-6
-2.487629539131164e-6
2.913644541042482e-8
0.4219617331933661
0.3539373615972827
0.21015693627334342
0.08256778783011504
0.01752525193242195
0.0010900864131642716
-2.9343008110252894e-5
1.6357449647661984e-6
-5.591105096290992e-7
0.2523920967174915
0.21015693627334342
0.12226695151204664
0.04604403594141658
0.009032789545152966
0.0004751935303922347
-3.995443879291709e-6
1.6658009349774646e-6
0.09980390297367679
0.08256778783011504
0.04604403594141658
0.01579983307549247
0.002582466839824205
8.609769713474438e-5
1.275292443692556e-6
0.021592314350852366
0.01752525193242195
0.009032789545152966
0.002582466839824205
0.0002885943999708627
-9.419970992738913e-7
0.001393803789075651
0.0010900864131642716
0.0004751935303922347
8.609769713474438e-5
-9.419970992738913e-7
-4.330466090072605e-5
-2.9343008110252894e-5
-3.995443879291709e-6
1.275292443692556e-6
3.540096839005904e-6
1.6357449647661984e-6
1.6658009349774646e-6
-2.487629539131164e-6
-5.591105096290992e-7
2.913644541042482e-8
0.4219617331933661
0.3539373615972827
0.21015693627334342
0.08256778783011504
0.01752525193242195
0.0010900864131642716
-2.9343008110252894e-5
1.6357449647661984e-6
-5.591105096290992e-7
0.3539373615972827
0.29631084978597333
0.17541301909674453
0.06806089321452131
0.014151598815375427
0.0008414114448444295
-2.0539750926171052e-5
4.9861857796225e-7
0.21015693627334342
0.17541301909674453
0.10149953511926617
0.03763960309024035
0.0071395206702284724
0.0003445566997953492
-3.828198433652568e-6
0.08256778783011504
0.06806089321452131
0.03763960309024035
0.01258734751223813
0.0019261650029778886
4.959576143587077e-5
0.01752525193242195
0.014151598815375427
0.0071395206702284724
0.0019261650029778886
0.00016707400439279818
0.0010900864131642716
0.0008414114448444295
0.0003445566997953492
4.959576143587077e-5
-2.9343008110252894e-5
-2.0539750926171052e-5
-3.828198433652568e-6
1.6357449647661984e-6
4.9861857796225e-7
-5.591105096290992e-7
0.2523920967174915
0.21015693627334342
0.12226695151204664
0.04604403594141658
0.009032789545152966
0.0004751935303922347
-3.995443879291709e-6
1.6658009349774646e-6
0.21015693627334342
0.17541301909674453
0.10149953511926617
0.03763960309024035
0.0071395206702284724
0.0003445566997953492
-3.828198433652568e-6
0.12226695151204664
0.10149953511926617
0.057353998334121824
0.0198922445317931
0.0032799237792888072
0.0001099025585716726
0.04604403594141658
0.03763960309024035
0.0198922445317931
0.005934060154362621
0.0006563908006115124
0.009032789545152966
0.0071395206702284724
0.0032799237792888072
0.0006563908006115124
0.0004751935303922347
0.0003445566997953492
0.0001099025585716726
-3.995443879291709e-6
-3.828198433652568e-6
1.6658009349774646e-6
0.09980390297367679
0.08256778783011504
0.04604403594141658
0.01579983307549247
0.002582466839824205
8.609769713474438e-5
1.275292443692556e-6
0.08256778783011504
0.06806089321452131
0.03763960309024035
0.01258734751223813
0.0019261650029778886
4.959576143587077e-5
0.04604403594141658
0.03763960309024035
0.0198922445317931
0.005934060154362621
0.0006563908006115124
0.01579983307549247
0.01258734751223813
0.005934060154362621
0.001247713847312055
0.002582466839824205
0.0019261650029778886
0.0006563908006115124
8.609769713474438e-5
4.959576143587077e-5
1.275292443692556e-6
0.021592314350852366
0.01752525193242195
0.009032789545152966
0.002582466839824205
0.0002885943999708627
-9.419970992738913e-7
0.01752525193242195
0.014151598815375427
0.0071395206702284724
0.0019261650029778886
0.00016707400439279818
0.009032789545152966
0.0071395206702284724
0.0032799237792888072
0.0006563908006115124
0.002582466839824205
0.0019261650029778886
0.0006563908006115124
0.0002885943999708627
0.00016707400439279818
-9.419970992738913e-7
0.001393803789075651
0.0010900864131642716
0.0004751935303922347
8.609769713474438e-5
-9.419970992738913e-7
0.0010900864131642716
0.0008414114448444295
0.0003445566997953492
4.959576143587077e-5
0.0004751935303922347
0.0003445566997953492
0.0001099025585716726
8.609769713474438e-5
4.959576143587077e-5
-9.419970992738913e-7
-4.330466090072605e-5
-2.9343008110252894e-5
-3.995443879291709e-6
1.275292443692556e-6
-2.9343008110252894e-5
-2.0539750926171052e-5
-3.828198433652568e-6
-3.995443879291709e-6
-3.828198433652568e-6
1.275292443692556e-6
3.540096839005904e-6
1.6357449647661984e-6
1.6658009349774646e-6
1.6357449647661984e-6
4.9861857796225e-7
1.6658009349774646e-6
-2.487629539131164e-6
-5.591105096290992e-7
-5.591105096290992e-7
2.913644541042482e-8
0.20647174669659404
0.17216175889632818
0.09980390297367679
0.03716360514519937
0.0071490885526530904
0.000405065627871093
1.5494576678508834e-5
3.918452739893841e-6
1.2350890311184214e-7
0.17216175889632818
0.14337226458559538
0.08256778783011504
0.030197816088083907
0.005621900456755245
0.00028186179033275205
6.177597913813967e-6
1.4049802365312336e-6
0.09980390297367679
0.08256778783011504
0.04604403594141658
0.01579983307549247
0.002582466839824205
8.609769713474438e-5
1.275292443692556e-6
0.03716360514519937
0.030197816088083907
0.01579983307549247
0.004684905837589365
0.0005725833390085966
3.4382357294545135e-6
0.0071490885526530904
0.005621900456755245
0.002582466839824205
0.0005725833390085966
1.2816231142959535e-5
0.000405065627871093
0.00028186179033275205
8.609769713474438e-5
3.4382357294545135e-6
1.5494576678508834e-5
6.177597913813967e-6
1.275292443692556e-6
3.918452739893841e-6
1.4049802365312336e-6
1.2350890311184214e-7
0.17216175889632818
0.14337226458559538
0.08256778783011504
0.030197816088083907
0.005621900456755245
0.00028186179033275205
6.177597913813967e-6
1.4049802365312336e-6
0.14337226458559538
0.11922462350975398
0.06806089321452131
0.02450814574868959
0.0043962534218639215
0.00019005903702968346
3.4827795813447643e-6
0.08256778783011504
0.06806089321452131
0.03763960309024035
0.01258734751223813
0.0019261650029778886
4.959576143587077e-5
0.030197816088083907
0.02450814574868959
0.01258734751223813
0.0035358446686481527
0.00032794787414443065
0.005621900456755245
0.0043962534218639215
0.0019261650029778886
0.00032794787414443065
0.00028186179033275205
0.00019005903702968346
4.959576143587077e-5
6.177597913813967e-6
3.4827795813447643e-6
1.4049802365312336e-6
0.09980390297367679
0.08256778783011504
0.04604403594141658
0.01579983307549247
0.002582466839824205
8.609769713474438e-5
1.275292443692556e-6
0.08256778783011504
0.06806089321452131
0.03763960309024035
0.01258734751223813
0.0019261650029778886
4.959576143587077e-5
0.04604403594141658
0.03763960309024035
0.0198922445317931
0.005934060154362621
0.0006563908006115124
0.01579983307549247
0.01258734751223813
0.005934060154362621
0.001247713847312055
0.002582466839824205
0.0019261650029778886
0.0006563908006115124
8.609769713474438e-5
4.959576143587077e-5
1.275292443692556e-6
0.03716360514519937
0.030197816088083907
0.01579983307549247
0.004684905837589365
0.0005725833390085966
3.4382357294545135e-6
0.030197816088083907
0.02450814574868959
0.01258734751223813
0.0035358446686481527
0.00032794787414443065
0.01579983307549247
0.01258734751223813
0.005934060154362621
0.001247713847312055
0.004684905837589365
0.0035358446686481527
0.001247713847312055
0.0005725833390085966
0.00032794787414443065
3.4382357294545135e-6
0.0071490885526530904
0.005621900456755245
0.002582466839824205
0.0005725833390085966
1.2816231142959535e-5
0.005621900456755245
0.0043962534218639215
0.0019261650029778886
0.00032794787414443065
0.002582466839824205
0.0019261650029778886
0.0006563908006115124
0.0005725833390085966
0.00032794787414443065
1.2816231142959535e-5
0.000405065627871093
0.00028186179033275205
8.609769713474438e-5
3.4382357294545135e-6
0.00028186179033275205
0.00019005903702968346
4.959576143587077e-5
8.609769713474438e-5
4.959576143587077e-5
3.4382357294545135e-6
1.5494576678508834e-5
6.177597913813967e-6
1.275292443692556e-6
6.177597913813967e-6
3.4827795813447643e-6
1.275292443692556e-6
3.918452739893841e-6
1.4049802365312336e-6
1.4049802365312336e-6
1.2350890311184214e-7
0.04744261151106414
0.03922104406394438
0.021592314350852366
0.0071490885526530904
0.001178435079565584
7.597173103095737e-5
1.3816177168191034e-6
4.7483775728267633e-7
0.03922104406394438
0.0322929884192268
0.01752525193242195
0.005621900456755245
0.000838963640694661
3.4917019168914155e-5
1.6975624224818386e-6
0.021592314350852366
0.01752525193242195
0.009032789545152966
0.002582466839824205
0.0002885943999708627
-9.419970992738913e-7
0.0071490885526530904
0.005621900456755245
0.002582466839824205
0.0005725833390085966
1.2816231142959535e-5
0.001178435079565584
0.000838963640694661
0.0002885943999708627
1.2816231142959535e-5
7.597173103095737e-5
3.4917019168914155e-5
-9.419970992738913e-7
1.3816177168191034e-6
1.6975624224818386e-6
4.7483775728267633e-7
0.03922104406394438
0.0322929884192268
0.01752525193242195
0.005621900456755245
0.000838963640694661
3.4917019168914155e-5
1.6975624224818386e-6
0.0322929884192268
0.02645510876630418
0.014151598815375427
0.0043962534218639215
0.0005918041175267113
1.627358285384883e-5
0.01752525193242195
0.014151598815375427
0.0071395206702284724
0.0019261650029778886
0.00016707400439279818
0.005621900456755245
0.0043962534218639215
0.0019261650029778886
0.00032794787414443065
0.000838963640694661
0.0005918041175267113
0.00016707400439279818
3.4917019168914155e-5
1.627358285384883e-5
1.6975624224818386e-6
0.021592314350852366
0.01752525193242195
0.009032789545152966
0.002582466839824205
0.0002885943999708627
-9.419970992738913e-7
0.01752525193242195
0.014151598815375427
0.0071395206702284724
0.0019261650029778886
0.00016707400439279818
0.009032789545152966
0.0071395206702284724
0.0032799237792888072
0.0006563908006115124
0.002582466839824205
0.0019261650029778886
0.0006563908006115124
0.0002885943999708627
0.00016707400439279818
-9.419970992738913e-7
0.0071490885526530904
0.005621900456755245
0.002582466839824205
0.0005725833390085966
1.2816231142959535e-5
0.005621900456755245
0.0043962534218639215
0.0019261650029778886
0.00032794787414443065
0.002582466839824205
0.0019261650029778886
0.0006563908006115124
0.0005725833390085966
0.00032794787414443065
1.2816231142959535e-5
0.001178435079565584
0.000838963640694661
0.0002885943999708627
1.2816231142959535e-5
0.000838963640694661
0.0005918041175267113
0.00016707400439279818
0.0002885943999708627
0.00016707400439279818
1.2816231142959535e-5
7.597173103095737e-5
3.4917019168914155e-5
-9.419970992738913e-7
3.4917019168914155e-5
1.627358285384883e-5
-9.419970992738913e-7
1.3816177168191034e-6
1.6975624224818386e-6
1.6975624224818386e-6
4.7483775728267633e-7
0.003064662207835943
0.0026127408483618054
0.001393803789075651
0.000405065627871093
7.597173103095737e-5
1.1628355424534196e-5
-1.2875884933708323e-6
0.0026127408483618054
0.0021513177582060485
0.0010900864131642716
0.00028186179033275205
3.4917019168914155e-5
2.2465894922928813e-6
0.001393803789075651
0.0010900864131642716
0.0004751935303922347
8.609769713474438e-5
-9.419970992738913e-7
0.000405065627871093
0.00028186179033275205
8.609769713474438e-5
3.4382357294545135e-6
7.597173103095737e-5
3.4917019168914155e-5
-9.419970992738913e-7
1.1628355424534196e-5
2.2465894922928813e-6
-1.2875884933708323e-6
0.0026127408483618054
0.0021513177582060485
0.0010900864131642716
0.00028186179033275205
3.4917019168914155e-5
2.2465894922928813e-6
0.0021513177582060485
0.001750674866267848
0.0008414114448444295
0.00019005903702968346
1.627358285384883e-5
0.0010900864131642716
0.0008414114448444295
0.0003445566997953492
4.959576143587077e-5
0.00028186179033275205
0.00019005903702968346
4.959576143587077e-5
3.4917019168914155e-5
1.627358285384883e-5
2.2465894922928813e-6
0.001393803789075651
0.0010900864131642716
0.0004751935303922347
8.609769713474438e-5
-9.419970992738913e-7
0.0010900864131642716
0.0008414114448444295
0.0003445566997953492
4.959576143587077e-5
0.0004751935303922347
0.0003445566997953492
0.0001099025585716726
8.609769713474438e-5
4.959576143587077e-5
-9.419970992738913e-7
0.000405065627871093
0.00028186179033275205
8.609769713474438e-5
3.4382357294545135e-6
0.00028186179033275205
0.00019005903702968346
4.959576143587077e-5
8.609769713474438e-5
4.959576143587077e-5
3.4382357294545135e-6
7.597173103095737e-5
3.4917019168914155e-5
-9.419970992738913e-7
3.4917019168914155e-5
1.627358285384883e-5
-9.419970992738913e-7
1.1628355424534196e-5
2.2465894922928813e-6
2.2465894922928813e-6
-1.2875884933708323e-6
-0.00022065093605594445
-0.00016482540450561778
-4.330466090072605e-5
1.5494576678508834e-5
1.3816177168191034e-6
-1.2875884933708323e-6
-0.00016482540450561778
-0.00011161879134436685
-2.9343008110252894e-5
6.177597913813967e-6
1.6975624224818386e-6
-4.330466090072605e-5
-2.9343008110252894e-5
-3.995443879291709e-6
1.275292443692556e-6
1.5494576678508834e-5
6.177597913813967e-6
1.275292443692556e-6
1.3816177168191034e-6
1.6975624224818386e-6
-1.2875884933708323e-6
-0.00016482540450561778
-0.00011161879134436685
-2.9343008110252894e-5
6.177597913813967e-6
1.6975624224818386e-6
-0.00011161879134436685
-8.1521614146395e-5
-2.0539750926171052e-5
3.4827795813447643e-6
-2.9343008110252894e-5
-2.0539750926171052e-5
-3.828198433652568e-6
6.177597913813967e-6
3.4827795813447643e-6
1.6975624224818386e-6
-4.330466090072605e-5
-2.9343008110252894e-5
-3.995443879291709e-6
1.275292443692556e-6
-2.9343008110252894e-5
-2.0539750926171052e-5
-3.828198433652568e-6
-3.995443879291709e-6
-3.828198433652568e-6
1.275292443692556e-6
1.5494576678508834e-5
6.177597913813967e-6
1.275292443692556e-6
6.177597913813967e-6
3.4827795813447643e-6
1.275292443692556e-6
1.3816177168191034e-6
1.6975624224818386e-6
1.6975624224818386e-6
-1.2875884933708323e-6
-2.459143252205139e-5
-7.456781077019448e-6
3.540096839005904e-6
3.918452739893841e-6
4.7483775728267633e-7
-7.456781077019448e-6
-5.342852347944809e-6
1.6357449647661984e-6
1.4049802365312336e-6
3.540096839005904e-6
1.6357449647661984e-6
1.6658009349774646e-6
3.918452739893841e-6
1.4049802365312336e-6
4.7483775728267633e-7
-7.456781077019448e-6
-5.342852347944809e-6
1.6357449647661984e-6
1.4049802365312336e-6
-5.342852347944809e-6
-2.0546271316322678e-6
4.9861857796225e-7
1.6357449647661984e-6
4.9861857796225e-7
1.4049802365312336e-6
3.540096839005904e-6
1.6357449647661984e-6
1.6658009349774646e-6
1.6357449647661984e-6
4.9861857796225e-7
1.6658009349774646e-6
3.918452739893841e-6
1.4049802365312336e-6
1.4049802365312336e-6
4.7483775728267633e-7
-6.370042190687424e-6
-6.391371611501747e-6
-2.487629539131164e-6
1.2350890311184214e-7
-6.391371611501747e-6
-3.0350619256295837e-6
-5.591105096290992e-7
-2.487629539131164e-6
-5.591105096290992e-7
1.2350890311184214e-7
-6.391371611501747e-6
-3.0350619256295837e-6
-5.591105096290992e-7
-3.0350619256295837e-6
-1.3632856095456103e-6
-5.591105096290992e-7
-2.487629539131164e-6
-5.591105096290992e-7
-5.591105096290992e-7
1.2350890311184214e-7
-3.03656470259346e-6
-1.079370202362356e-6
2.913644541042482e-8
-1.079370202362356e-6
-2.1994993142351247e-7
2.913644541042482e-8
-1.079370202362356e-6
-2.1994993142351247e-7
-2.1994993142351247e-7
2.913644541042482e-8
-3.416405229585215e-7
-4.541632428836902e-8
-4.541632428836902e-8
-4.541632428836902e-8
1.33441841166793e-12
