1.0
0.7854010663593273
0.3981719107575336
0.11359331594699033
0.010356736106727616
-0.0006135164726002424
-1.1635210772463317e-5
-2.578779529186446e-5
-1.7949805339785649e-6
2.826893673878966e-12
0.7854010663593273
0.6239558268125694
0.31470417500773357
0.08831521062990033
0.007933786765854309
-0.0003646155140175691
-2.57150285990833e-5
-1.027682508179683e-5
1.1007134395640651e-7
0.3981719107575336
0.31470417500773357
0.15488311715810588
0.04045530595606777
0.0032276921832163122
-7.585681052451998e-5
-2.4414305343747393e-6
-2.6419256220961626e-7
0.11359331594699033
0.08831521062990033
0.04045530595606777
0.009168246784827888
0.000551487507267721
1.3930288576194213e-5
2.6756039046699137e-6
0.010356736106727616
0.007933786765854309
0.0032276921832163122
0.000551487507267721
5.433356319169656e-5
-3.6078524518704523e-6
-0.0006135164726002424
-0.0003646155140175691
-7.585681052451998e-5
1.3930288576194213e-5
-3.6078524518704523e-6
-1.1635210772463317e-5
-2.57150285990833e-5
-2.4414305343747393e-6
2.6756039046699137e-6
-2.578779529186446e-5
-1.027682508179683e-5
-2.6419256220961626e-7
-1.7949805339785649e-6
1.1007134395640651e-7
2.826893673878966e-12
0.7854010663593273
0.6239558268125694
0.31470417500773357
0.08831521062990033
0.007933786765854309
-0.0003646155140175691
-2.57150285990833e-5
-1.027682508179683e-5
1.1007134395640651e-7
0.6239558268125694
0.49356220596474704
0.24825275883963685
0.06838289346495267
0.006006184486631505
-0.00023516332767416128
-1.0837089200662568e-5
-2.8872416302334873e-6
0.31470417500773357
0.24825275883963685
0.12036820197141287
0.03066647670473968
0.0023062754854666708
-4.389349105458181e-5
1.0239986666894665e-6
0.08831521062990033
0.06838289346495267
0.03066647670473968
0.006524920191453684
0.00029830175535636735
4.631519137080208e-6
0.007933786765854309
0.006006184486631505
0.0023062754854666708
0.00029830175535636735
4.80312112915371e-6
-0.0003646155140175691
-0.00023516332767416128
-4.389349105458181e-5
4.631519137080208e-6
-2.57150285990833e-5
-1.0837089200662568e-5
1.0239986666894665e-6
-1.027682508179683e-5
-2.8872416302334873e-6
1.1007134395640651e-7
0.3981719107575336
0.31470417500773357
0.15488311715810588
0.04045530595606777
0.0032276921832163122
-7.585681052451998e-5
-2.4414305343747393e-6
-2.6419256220961626e-7
0.31470417500773357
0.24825275883963685
0.12036820197141287
0.03066647670473968
0.0023062754854666708
-4.389349105458181e-5
1.0239986666894665e-6
0.15488311715810588
0.12036820197141287
0.05538929980028637
0.012502278486583763
0.0007001366288979401
-5.622403275320779e-7
0.04045530595606777
0.03066647670473968
0.012502278486583763
0.002089057065016338
9.401052682452334e-6
0.0032276921832163122
0.0023062754854666708
0.0007001366288979401
9.401052682452334e-6
-7.585681052451998e-5
-4.389349105458181e-5
-5.622403275320779e-7
-2.4414305343747393e-6
1.0239986666894665e-6
-2.6419256220961626e-7
0.11359331594699033
0.08831521062990033
0.04045530595606777
0.009168246784827888
0.000551487507267721
1.3930288576194213e-5
2.6756039046699137e-6
0.08831521062990033
0.06838289346495267
0.03066647670473968
0.006524920191453684
0.00029830175535636735
4.631519137080208e-6
0.04045530595606777
0.03066647670473968
0.012502278486583763
0.002089057065016338
9.401052682452334e-6
0.009168246784827888
0.006524920191453684
0.002089057065016338
8.772466051382028e-5
0.000551487507267721
0.00029830175535636735
9.401052682452334e-6
1.3930288576194213e-5
4.631519137080208e-6
2.6756039046699137e-6
0.010356736106727616
0.007933786765854309
0.0032276921832163122
0.000551487507267721
5.433356319169656e-5
-3.6078524518704523e-6
0.007933786765854309
0.006006184486631505
0.0023062754854666708
0.00029830175535636735
4.80312112915371e-6
0.0032276921832163122
0.0023062754854666708
0.0007001366288979401
9.401052682452334e-6
0.000551487507267721
0.00029830175535636735
9.401052682452334e-6
5.433356319169656e-5
4.80312112915371e-6
-3.6078524518704523e-6
-0.0006135164726002424
-0.0003646155140175691
-7.585681052451998e-5
1.3930288576194213e-5
-3.6078524518704523e-6
-0.0003646155140175691
-0.00023516332767416128
-4.389349105458181e-5
4.631519137080208e-6
-7.585681052451998e-5
-4.389349105458181e-5
-5.622403275320779e-7
1.3930288576194213e-5
4.631519137080208e-6
-3.6078524518704523e-6
-1.1635210772463317e-5
-2.57150285990833e-5
-2.4414305343747393e-6
2.6756039046699137e-6
-2.57150285990833e-5
-1.0837089200662568e-5
1.0239986666894665e-6
-2.4414305343747393e-6
1.0239986666894665e-6
2.6756039046699137e-6
-2.578779529186446e-5
-1.027682508179683e-5
-2.6419256220961626e-7
-1.027682508179683e-5
-2.8872416302334873e-6
-2.6419256220961626e-7
-1.7949805339785649e-6
1.1007134395640651e-7
1.1007134395640651e-7
2.826893673878966e-12
0.7854010663593273
0.6239558268125694
0.31470417500773357
0.08831521062990033
0.007933786765854309
-0.0003646155140175691
-2.57150285990833e-5
-1.027682508179683e-5
1.1007134395640651e-7
0.6239558268125694
0.49356220596474704
0.24825275883963685
0.06838289346495267
0.006006184486631505
-0.00023516332767416128
-1.0837089200662568e-5
-2.8872416302334873e-6
0.31470417500773357
0.24825275883963685
0.12036820197141287
0.03066647670473968
0.0023062754854666708
-4.389349105458181e-5
1.0239986666894665e-6
0.08831521062990033
0.06838289346495267
0.03066647670473968
0.006524920191453684
0.00029830175535636735
4.631519137080208e-6
0.007933786765854309
0.006006184486631505
0.0023062754854666708
0.00029830175535636735
4.80312112915371e-6
-0.0003646155140175691
-0.00023516332767416128
-4.389349105458181e-5
4.631519137080208e-6
-2.57150285990833e-5
-1.0837089200662568e-5
1.0239986666894665e-6
-1.027682508179683e-5
-2.8872416302334873e-6
1.1007134395640651e-7
0.6239558268125694
0.49356220596474704
0.24825275883963685
0.06838289346495267
0.006006184486631505
-0.00023516332767416128
-1.0837089200662568e-5
-2.8872416302334873e-6
0.49356220596474704
0.3918465999809477
0.19514925113366935
0.05274311900453258
0.004453870962308757
-0.00013548744669328802
-7.241065958894606e-6
0.24825275883963685
0.19514925113366935
0.09368250699814085
0.023065583318178557
0.0015850820153820607
-2.1436676375721374e-5
0.06838289346495267
0.05274311900453258
0.023065583318178557
0.004556326418130113
0.0001590137687662987
0.006006184486631505
0.004453870962308757
0.0015850820153820607
0.0001590137687662987
-0.00023516332767416128
-0.00013548744669328802
-2.1436676375721374e-5
-1.0837089200662568e-5
-7.241065958894606e-6
-2.8872416302334873e-6
0.31470417500773357
0.24825275883963685
0.12036820197141287
0.03066647670473968
0.0023062754854666708
-4.389349105458181e-5
1.0239986666894665e-6
0.24825275883963685
0.19514925113366935
0.09368250699814085
0.023065583318178557
0.0015850820153820607
-2.1436676375721374e-5
0.12036820197141287
0.09368250699814085
0.042301525900773594
0.008985072553951399
0.00040902812167494706
0.03066647670473968
0.023065583318178557
0.008985072553951399
0.0012275861223936808
0.0023062754854666708
0.0015850820153820607
0.00040902812167494706
-4.389349105458181e-5
-2.1436676375721374e-5
1.0239986666894665e-6
0.08831521062990033
0.06838289346495267
0.03066647670473968
0.006524920191453684
0.00029830175535636735
4.631519137080208e-6
0.06838289346495267
0.05274311900453258
0.023065583318178557
0.004556326418130113
0.0001590137687662987
0.03066647670473968
0.023065583318178557
0.008985072553951399
0.0012275861223936808
0.006524920191453684
0.004556326418130113
0.0012275861223936808
0.00029830175535636735
0.0001590137687662987
4.631519137080208e-6
0.007933786765854309
0.006006184486631505
0.0023062754854666708
0.00029830175535636735
4.80312112915371e-6
0.006006184486631505
0.004453870962308757
0.0015850820153820607
0.0001590137687662987
0.0023062754854666708
0.0015850820153820607
0.00040902812167494706
0.00029830175535636735
0.0001590137687662987
4.80312112915371e-6
-0.0003646155140175691
-0.00023516332767416128
-4.389349105458181e-5
4.631519137080208e-6
-0.00023516332767416128
-0.00013548744669328802
-2.1436676375721374e-5
-4.389349105458181e-5
-2.1436676375721374e-5
4.631519137080208e-6
-2.57150285990833e-5
-1.0837089200662568e-5
1.0239986666894665e-6
-1.0837089200662568e-5
-7.241065958894606e-6
1.0239986666894665e-6
-1.027682508179683e-5
-2.8872416302334873e-6
-2.8872416302334873e-6
1.1007134395640651e-7
0.3981719107575336
0.31470417500773357
0.15488311715810588
0.04045530595606777
0.0032276921832163122
-7.585681052451998e-5
-2.4414305343747393e-6
-2.6419256220961626e-7
0.31470417500773357
0.24825275883963685
0.12036820197141287
0.03066647670473968
0.0023062754854666708
-4.389349105458181e-5
1.0239986666894665e-6
0.15488311715810588
0.12036820197141287
0.05538929980028637
0.012502278486583763
0.0007001366288979401
-5.622403275320779e-7
0.04045530595606777
0.03066647670473968
0.012502278486583763
0.002089057065016338
9.401052682452334e-6
0.0032276921832163122
0.0023062754854666708
0.0007001366288979401
9.401052682452334e-6
-7.585681052451998e-5
-4.389349105458181e-5
-5.622403275320779e-7
-2.4414305343747393e-6
1.0239986666894665e-6
-2.6419256220961626e-7
0.31470417500773357
0.24825275883963685
0.12036820197141287
0.03066647670473968
0.0023062754854666708
-4.389349105458181e-5
1.0239986666894665e-6
0.24825275883963685
0.19514925113366935
0.09368250699814085
0.023065583318178557
0.0015850820153820607
-2.1436676375721374e-5
0.12036820197141287
0.09368250699814085
0.042301525900773594
0.008985072553951399
0.00040902812167494706
0.03066647670473968
0.023065583318178557
0.008985072553951399
0.0012275861223936808
0.0023062754854666708
0.0015850820153820607
0.00040902812167494706
-4.389349105458181e-5
-2.1436676375721374e-5
1.0239986666894665e-6
0.15488311715810588
0.12036820197141287
0.05538929980028637
0.012502278486583763
0.0007001366288979401
-5.622403275320779e-7
0.12036820197141287
0.09368250699814085
0.042301525900773594
0.008985072553951399
0.00040902812167494706
0.05538929980028637
0.042301525900773594
0.01738580522900873
0.0027214725829038766
0.012502278486583763
0.008985072553951399
0.0027214725829038766
0.0007001366288979401
0.00040902812167494706
-5.622403275320779e-7
0.04045530595606777
0.03066647670473968
0.012502278486583763
0.002089057065016338
9.401052682452334e-6
0.03066647670473968
0.023065583318178557
0.008985072553951399
0.0012275861223936808
0.012502278486583763
0.008985072553951399
0.0027214725829038766
0.002089057065016338
0.0012275861223936808
9.401052682452334e-6
0.0032276921832163122
0.0023062754854666708
0.0007001366288979401
9.401052682452334e-6
0.0023062754854666708
0.0015850820153820607
0.00040902812167494706
0.0007001366288979401
0.00040902812167494706
9.401052682452334e-6
-7.585681052451998e-5
-4.389349105458181e-5
-5.622403275320779e-7
-4.389349105458181e-5
-2.1436676375721374e-5
-5.622403275320779e-7
-2.4414305343747393e-6
1.0239986666894665e-6
1.0239986666894665e-6
-2.6419256220961626e-7
0.11359331594699033
0.08831521062990033
0.04045530595606777
0.009168246784827888
0.000551487507267721
1.3930288576194213e-5
2.6756039046699137e-6
0.08831521062990033
0.06838289346495267
0.03066647670473968
0.006524920191453684
0.00029830175535636735
4.631519137080208e-6
0.04045530595606777
0.03066647670473968
0.012502278486583763
0.002089057065016338
9.401052682452334e-6
0.009168246784827888
0.006524920191453684
0.002089057065016338
8.772466051382028e-5
0.000551487507267721
0.00029830175535636735
9.401052682452334e-6
1.3930288576194213e-5
4.631519137080208e-6
2.6756039046699137e-6
0.08831521062990033
0.06838289346495267
0.03066647670473968
0.006524920191453684
0.00029830175535636735
4.631519137080208e-6
0.06838289346495267
0.05274311900453258
0.023065583318178557
0.004556326418130113
0.0001590137687662987
0.03066647670473968
0.023065583318178557
0.008985072553951399
0.0012275861223936808
0.006524920191453684
0.004556326418130113
0.0012275861223936808
0.00029830175535636735
0.0001590137687662987
4.631519137080208e-6
0.04045530595606777
0.03066647670473968
0.012502278486583763
0.002089057065016338
9.401052682452334e-6
0.03066647670473968
0.023065583318178557
0.008985072553951399
0.0012275861223936808
0.012502278486583763
0.008985072553951399
0.0027214725829038766
0.002089057065016338
0.0012275861223936808
9.401052682452334e-6
0.009168246784827888
0.006524920191453684
0.002089057065016338
8.772466051382028e-5
0.006524920191453684
0.004556326418130113
0.0012275861223936808
0.002089057065016338
0.0012275861223936808
8.772466051382028e-5
0.000551487507267721
0.00029830175535636735
9.401052682452334e-6
0.00029830175535636735
0.0001590137687662987
9.401052682452334e-6
1.3930288576194213e-5
4.631519137080208e-6
4.631519137080208e-6
2.6756039046699137e-6
0.010356736106727616
0.007933786765854309
0.0032276921832163122
0.000551487507267721
5.433356319169656e-5
-3.6078524518704523e-6
0.007933786765854309
0.006006184486631505
0.0023062754854666708
0.00029830175535636735
4.80312112915371e-6
0.0032276921832163122
0.0023062754854666708
0.0007001366288979401
9.401052682452334e-6
0.000551487507267721
0.00029830175535636735
9.401052682452334e-6
5.433356319169656e-5
4.80312112915371e-6
-3.6078524518704523e-6
0.007933786765854309
0.006006184486631505
0.0023062754854666708
0.00029830175535636735
4.80312112915371e-6
0.006006184486631505
0.004453870962308757
0.0015850820153820607
0.0001590137687662987
0.0023062754854666708
0.0015850820153820607
0.00040902812167494706
0.00029830175535636735
0.0001590137687662987
4.80312112915371e-6
0.0032276921832163122
0.0023062754854666708
0.0007001366288979401
9.401052682452334e-6
0.0023062754854666708
0.0015850820153820607
0.00040902812167494706
0.0007001366288979401
0.00040902812167494706
9.401052682452334e-6
0.000551487507267721
0.00029830175535636735
9.401052682452334e-6
0.00029830175535636735
0.0001590137687662987
9.401052682452334e-6
5.433356319169656e-5
4.80312112915371e-6
4.80312112915371e-6
-3.6078524518704523e-6
-0.0006135164726002424
-0.0003646155140175691
-7.585681052451998e-5
1.3930288576194213e-5
-3.6078524518704523e-6
-0.0003646155140175691
-0.00023516332767416128
-4.389349105458181e-5
4.631519137080208e-6
-7.585681052451998e-5
-4.389349105458181e-5
-5.622403275320779e-7
1.3930288576194213e-5
4.631519137080208e-6
-3.6078524518704523e-6
-0.0003646155140175691
-0.00023516332767416128
-4.389349105458181e-5
4.631519137080208e-6
-0.00023516332767416128
-0.00013548744669328802
-2.1436676375721374e-5
-4.389349105458181e-5
-2.1436676375721374e-5
4.631519137080208e-6
-7.585681052451998e-5
-4.389349105458181e-5
-5.622403275320779e-7
-4.389349105458181e-5
-2.1436676375721374e-5
-5.622403275320779e-7
1.3930288576194213e-5
4.631519137080208e-6
4.631519137080208e-6
-3.6078524518704523e-6
-1.1635210772463317e-5
-2.57150285990833e-5
-2.4414305343747393e-6
2.6756039046699137e-6
-2.57150285990833e-5
-1.0837089200662568e-5
1.0239986666894665e-6
-2.4414305343747393e-6
1.0239986666894665e-6
2.6756039046699137e-6
-2.57150285990833e-5
-1.0837089200662568e-5
1.0239986666894665e-6
-1.0837089200662568e-5
-7.241065958894606e-6
1.0239986666894665e-6
-2.4414305343747393e-6
1.0239986666894665e-6
1.0239986666894665e-6
2.6756039046699137e-6
-2.578779529186446e-5
-1.027682508179683e-5
-2.6419256220961626e-7
-1.027682508179683e-5
-2.8872416302334873e-6
-2.6419256220961626e-7
-1.027682508179683e-5
-2.8872416302334873e-6
-2.8872416302334873e-6
-2.6419256220961626e-7
-1.7949805339785649e-6
1.1007134395640651e-7
1.1007134395640651e-7
1.1007134395640651e-7
2.826893673878966e-12
