1.0
0.5012930724169499
0.04233904640942548
-0.0001978878038729493
-2.948245032401341e-11
0.5012930724169499
0.2522816413127941
0.01745951947059354
9.405398913892965e-5
0.04233904640942548
0.01745951947059354
0.000709503999638189
-0.0001978878038729493
9.405398913892965e-5
-2.948245032401341e-11
0.5012930724169499
0.2522816413127941
0.01745951947059354
9.405398913892965e-5
0.2522816413127941
0.12123834788157604
0.005042724428292171
0.01745951947059354
0.005042724428292171
9.405398913892965e-5
0.04233904640942548
0.01745951947059354
0.000709503999638189
0.01745951947059354
0.005042724428292171
0.000709503999638189
-0.0001978878038729493
9.405398913892965e-5
9.405398913892965e-5
-2.948245032401341e-11
0.5012930724169499
0.2522816413127941
0.01745951947059354
9.405398913892965e-5
0.2522816413127941
0.12123834788157604
0.005042724428292171
0.01745951947059354
0.005042724428292171
9.405398913892965e-5
0.2522816413127941
0.12123834788157604
0.005042724428292171
0.12123834788157604
0.054365570186458725
0.005042724428292171
0.01745951947059354
0.005042724428292171
0.005042724428292171
9.405398913892965e-5
0.04233904640942548
0.01745951947059354
0.000709503999638189
0.01745951947059354
0.005042724428292171
0.000709503999638189
0.01745951947059354
0.005042724428292171
0.005042724428292171
0.000709503999638189
-0.0001978878038729493
9.405398913892965e-5
9.405398913892965e-5
9.405398913892965e-5
-2.948245032401341e-11
