1.0
0.7524869218845253
0.3364268606789108
0.07161259205114871
0.002522482743714037
-0.0005396504247533794
-9.361547483331628e-6
-4.42346925391541e-6
-3.000607144449017e-10
0.7524869218845253
0.5739687250706852
0.25414516653486147
0.052866618642367406
0.0018100687177725035
-0.00028659162464250644
-2.7941811178281978e-6
-3.298612324473106e-7
0.3364268606789108
0.25414516653486147
0.10757900168069298
0.019918527520123765
0.0006107729530111325
-9.160811308204978e-6
-1.5015662617079623e-6
0.07161259205114871
0.052866618642367406
0.019918527520123765
0.002821374394388595
2.9002260948732618e-5
6.368559931181406e-6
0.002522482743714037
0.0018100687177725035
0.0006107729530111325
2.9002260948732618e-5
2.1925101048752042e-5
-0.0005396504247533794
-0.00028659162464250644
-9.160811308204978e-6
6.368559931181406e-6
-9.361547483331628e-6
-2.7941811178281978e-6
-1.5015662617079623e-6
-4.42346925391541e-6
-3.298612324473106e-7
-3.000607144449017e-10
0.7524869218845253
0.5739687250706852
0.25414516653486147
0.052866618642367406
0.0018100687177725035
-0.00028659162464250644
-2.7941811178281978e-6
-3.298612324473106e-7
0.5739687250706852
0.4351643716007638
0.19121193792773564
0.03865450660285783
0.0013181795496752342
-0.00016172387917188428
6.1556507289192825e-6
0.25414516653486147
0.19121193792773564
0.07905836949764662
0.0138916303134064
0.0003844842840959933
-8.976132141357946e-7
0.052866618642367406
0.03865450660285783
0.0138916303134064
0.0016524028191292229
-5.6244625019740865e-6
0.0018100687177725035
0.0013181795496752342
0.0003844842840959933
-5.6244625019740865e-6
-0.00028659162464250644
-0.00016172387917188428
-8.976132141357946e-7
-2.7941811178281978e-6
6.1556507289192825e-6
-3.298612324473106e-7
0.3364268606789108
0.25414516653486147
0.10757900168069298
0.019918527520123765
0.0006107729530111325
-9.160811308204978e-6
-1.5015662617079623e-6
0.25414516653486147
0.19121193792773564
0.07905836949764662
0.0138916303134064
0.0003844842840959933
-8.976132141357946e-7
0.10757900168069298
0.07905836949764662
0.029630818293172004
0.003996715997055611
1.7081492586163615e-5
0.019918527520123765
0.0138916303134064
0.003996715997055611
9.668737622898043e-5
0.0006107729530111325
0.0003844842840959933
1.7081492586163615e-5
-9.160811308204978e-6
-8.976132141357946e-7
-1.5015662617079623e-6
0.07161259205114871
0.052866618642367406
0.019918527520123765
0.002821374394388595
2.9002260948732618e-5
6.368559931181406e-6
0.052866618642367406
0.03865450660285783
0.0138916303134064
0.0016524028191292229
-5.6244625019740865e-6
0.019918527520123765
0.0138916303134064
0.003996715997055611
9.668737622898043e-5
0.002821374394388595
0.0016524028191292229
9.668737622898043e-5
2.9002260948732618e-5
-5.6244625019740865e-6
6.368559931181406e-6
0.002522482743714037
0.0018100687177725035
0.0006107729530111325
2.9002260948732618e-5
2.1925101048752042e-5
0.0018100687177725035
0.0013181795496752342
0.0003844842840959933
-5.6244625019740865e-6
0.0006107729530111325
0.0003844842840959933
1.7081492586163615e-5
2.9002260948732618e-5
-5.6244625019740865e-6
2.1925101048752042e-5
-0.0005396504247533794
-0.00028659162464250644
-9.160811308204978e-6
6.368559931181406e-6
-0.00028659162464250644
-0.00016172387917188428
-8.976132141357946e-7
-9.160811308204978e-6
-8.976132141357946e-7
6.368559931181406e-6
-9.361547483331628e-6
-2.7941811178281978e-6
-1.5015662617079623e-6
-2.7941811178281978e-6
6.1556507289192825e-6
-1.5015662617079623e-6
-4.42346925391541e-6
-3.298612324473106e-7
-3.298612324473106e-7
-3.000607144449017e-10
0.7524869218845253
0.5739687250706852
0.25414516653486147
0.052866618642367406
0.0018100687177725035
-0.00028659162464250644
-2.7941811178281978e-6
-3.298612324473106e-7
0.5739687250706852
0.4351643716007638
0.19121193792773564
0.03865450660285783
0.0013181795496752342
-0.00016172387917188428
6.1556507289192825e-6
0.25414516653486147
0.19121193792773564
0.07905836949764662
0.0138916303134064
0.0003844842840959933
-8.976132141357946e-7
0.052866618642367406
0.03865450660285783
0.0138916303134064
0.0016524028191292229
-5.6244625019740865e-6
0.0018100687177725035
0.0013181795496752342
0.0003844842840959933
-5.6244625019740865e-6
-0.00028659162464250644
-0.00016172387917188428
-8.976132141357946e-7
-2.7941811178281978e-6
6.1556507289192825e-6
-3.298612324473106e-7
0.5739687250706852
0.4351643716007638
0.19121193792773564
0.03865450660285783
0.0013181795496752342
-0.00016172387917188428
6.1556507289192825e-6
0.4351643716007638
0.33105215307234204
0.14319757727492424
0.027928133575375238
0.0009011617252527846
-8.825541957315212e-5
0.19121193792773564
0.14319757727492424
0.05792277520594083
0.009541987185063773
0.0002139565496006133
0.03865450660285783
0.027928133575375238
0.009541987185063773
0.0009398331818237163
0.0013181795496752342
0.0009011617252527846
0.0002139565496006133
-0.00016172387917188428
-8.825541957315212e-5
6.1556507289192825e-6
0.25414516653486147
0.19121193792773564
0.07905836949764662
0.0138916303134064
0.0003844842840959933
-8.976132141357946e-7
0.19121193792773564
0.14319757727492424
0.05792277520594083
0.009541987185063773
0.0002139565496006133
0.07905836949764662
0.05792277520594083
0.02082549109571141
0.002382367215582832
0.0138916303134064
0.009541987185063773
0.002382367215582832
0.0003844842840959933
0.0002139565496006133
-8.976132141357946e-7
0.052866618642367406
0.03865450660285783
0.0138916303134064
0.0016524028191292229
-5.6244625019740865e-6
0.03865450660285783
0.027928133575375238
0.009541987185063773
0.0009398331818237163
0.0138916303134064
0.009541987185063773
0.002382367215582832
0.0016524028191292229
0.0009398331818237163
-5.6244625019740865e-6
0.0018100687177725035
0.0013181795496752342
0.0003844842840959933
-5.6244625019740865e-6
0.0013181795496752342
0.0009011617252527846
0.0002139565496006133
0.0003844842840959933
0.0002139565496006133
-5.6244625019740865e-6
-0.00028659162464250644
-0.00016172387917188428
-8.976132141357946e-7
-0.00016172387917188428
-8.825541957315212e-5
-8.976132141357946e-7
-2.7941811178281978e-6
6.1556507289192825e-6
6.1556507289192825e-6
-3.298612324473106e-7
0.3364268606789108
0.25414516653486147
0.10757900168069298
0.019918527520123765
0.0006107729530111325
-9.160811308204978e-6
-1.5015662617079623e-6
0.25414516653486147
0.19121193792773564
0.07905836949764662
0.0138916303134064
0.0003844842840959933
-8.976132141357946e-7
0.10757900168069298
0.07905836949764662
0.029630818293172004
0.003996715997055611
1.7081492586163615e-5
0.019918527520123765
0.0138916303134064
0.003996715997055611
9.668737622898043e-5
0.0006107729530111325
0.0003844842840959933
1.7081492586163615e-5
-9.160811308204978e-6
-8.976132141357946e-7
-1.5015662617079623e-6
0.25414516653486147
0.19121193792773564
0.07905836949764662
0.0138916303134064
0.0003844842840959933
-8.976132141357946e-7
0.19121193792773564
0.14319757727492424
0.05792277520594083
0.009541987185063773
0.0002139565496006133
0.07905836949764662
0.05792277520594083
0.02082549109571141
0.002382367215582832
0.0138916303134064
0.009541987185063773
0.002382367215582832
0.0003844842840959933
0.0002139565496006133
-8.976132141357946e-7
0.10757900168069298
0.07905836949764662
0.029630818293172004
0.003996715997055611
1.7081492586163615e-5
0.07905836949764662
0.05792277520594083
0.02082549109571141
0.002382367215582832
0.029630818293172004
0.02082549109571141
0.005710053088558566
0.003996715997055611
0.002382367215582832
1.7081492586163615e-5
0.019918527520123765
0.0138916303134064
0.003996715997055611
9.668737622898043e-5
0.0138916303134064
0.009541987185063773
0.002382367215582832
0.003996715997055611
0.002382367215582832
9.668737622898043e-5
0.0006107729530111325
0.0003844842840959933
1.7081492586163615e-5
0.0003844842840959933
0.0002139565496006133
1.7081492586163615e-5
-9.160811308204978e-6
-8.976132141357946e-7
-8.976132141357946e-7
-1.5015662617079623e-6
0.07161259205114871
0.052866618642367406
0.019918527520123765
0.002821374394388595
2.9002260948732618e-5
6.368559931181406e-6
0.052866618642367406
0.03865450660285783
0.0138916303134064
0.0016524028191292229
-5.6244625019740865e-6
0.019918527520123765
0.0138916303134064
0.003996715997055611
9.668737622898043e-5
0.002821374394388595
0.0016524028191292229
9.668737622898043e-5
2.9002260948732618e-5
-5.6244625019740865e-6
6.368559931181406e-6
0.052866618642367406
0.03865450660285783
0.0138916303134064
0.0016524028191292229
-5.6244625019740865e-6
0.03865450660285783
0.027928133575375238
0.009541987185063773
0.0009398331818237163
0.0138916303134064
0.009541987185063773
0.002382367215582832
0.0016524028191292229
0.0009398331818237163
-5.6244625019740865e-6
0.019918527520123765
0.0138916303134064
0.003996715997055611
9.668737622898043e-5
0.0138916303134064
0.009541987185063773
0.002382367215582832
0.003996715997055611
0.002382367215582832
9.668737622898043e-5
0.002821374394388595
0.0016524028191292229
9.668737622898043e-5
0.0016524028191292229
0.0009398331818237163
9.668737622898043e-5
2.9002260948732618e-5
-5.6244625019740865e-6
-5.6244625019740865e-6
6.368559931181406e-6
0.002522482743714037
0.0018100687177725035
0.0006107729530111325
2.9002260948732618e-5
2.1925101048752042e-5
0.0018100687177725035
0.0013181795496752342
0.0003844842840959933
-5.6244625019740865e-6
0.0006107729530111325
0.0003844842840959933
1.7081492586163615e-5
2.9002260948732618e-5
-5.6244625019740865e-6
2.1925101048752042e-5
0.0018100687177725035
0.0013181795496752342
0.0003844842840959933
-5.6244625019740865e-6
0.0013181795496752342
0.0009011617252527846
0.0002139565496006133
0.0003844842840959933
0.0002139565496006133
-5.6244625019740865e-6
0.0006107729530111325
0.0003844842840959933
1.7081492586163615e-5
0.0003844842840959933
0.0002139565496006133
1.7081492586163615e-5
2.9002260948732618e-5
-5.6244625019740865e-6
-5.6244625019740865e-6
2.1925101048752042e-5
-0.0005396504247533794
-0.00028659162464250644
-9.160811308204978e-6
6.368559931181406e-6
-0.00028659162464250644
-0.00016172387917188428
-8.976132141357946e-7
-9.160811308204978e-6
-8.976132141357946e-7
6.368559931181406e-6
-0.00028659162464250644
-0.00016172387917188428
-8.976132141357946e-7
-0.00016172387917188428
-8.825541957315212e-5
-8.976132141357946e-7
-9.160811308204978e-6
-8.976132141357946e-7
-8.976132141357946e-7
6.368559931181406e-6
-9.361547483331628e-6
-2.7941811178281978e-6
-1.5015662617079623e-6
-2.7941811178281978e-6
6.1556507289192825e-6
-1.5015662617079623e-6
-2.7941811178281978e-6
6.1556507289192825e-6
6.1556507289192825e-6
-1.5015662617079623e-6
-4.42346925391541e-6
-3.298612324473106e-7
-3.298612324473106e-7
-3.298612324473106e-7
-3.000607144449017e-10
