1.0
0.8118920788195713
0.453163582377229
0.15888445792245748
0.025153649026679818
4.293025593072234e-5
-0.00023563777938760667
-3.9684583513444054e-5
1.3071277747051396e-7
-2.7041575834642724e-7
-4.923640059994772e-12
0.8118920788195713
0.6653458682286205
0.37047037114852516
0.12858404896703762
0.020163396853391295
0.00015575741110415708
-0.00016524881187444942
-1.298331703208454e-5
3.156494625947273e-7
-2.056563621222848e-7
0.453163582377229
0.37047037114852516
0.20357247624000024
0.06743314298363103
0.009811715137336897
0.00015161457902455059
-3.305894267949278e-5
3.031607556918957e-6
-5.5346033509980696e-8
0.15888445792245748
0.12858404896703762
0.06743314298363103
0.020345075640820224
0.0024656644545443273
6.865020095138147e-5
6.65808602684212e-6
7.287859363953461e-7
0.025153649026679818
0.020163396853391295
0.009811715137336897
0.0024656644545443273
0.0002731927899589764
1.1984539291093774e-5
-2.7770843470445964e-6
4.293025593072234e-5
0.00015575741110415708
0.00015161457902455059
6.865020095138147e-5
1.1984539291093774e-5
4.796845091835866e-6
-0.00023563777938760667
-0.00016524881187444942
-3.305894267949278e-5
6.65808602684212e-6
-2.7770843470445964e-6
-3.9684583513444054e-5
-1.298331703208454e-5
3.031607556918957e-6
7.287859363953461e-7
1.3071277747051396e-7
3.156494625947273e-7
-5.5346033509980696e-8
-2.7041575834642724e-7
-2.056563621222848e-7
-4.923640059994772e-12
0.8118920788195713
0.6653458682286205
0.37047037114852516
0.12858404896703762
0.020163396853391295
0.00015575741110415708
-0.00016524881187444942
-1.298331703208454e-5
3.156494625947273e-7
-2.056563621222848e-7
0.6653458682286205
0.5434913262681523
0.3025001888382034
0.1038379095403454
0.016031145198164422
0.00017367770096825226
-0.00010471080882979126
-6.550587411059959e-6
1.6359023863049812e-7
0.37047037114852516
0.3025001888382034
0.1645895357693758
0.05384927262496764
0.007594955692093582
0.00012130721601869041
-1.778545517688935e-5
8.468809931203068e-7
0.12858404896703762
0.1038379095403454
0.05384927262496764
0.015755554432927293
0.0017766324833527344
3.284374417819743e-5
1.612235711715871e-6
0.020163396853391295
0.016031145198164422
0.007594955692093582
0.0017766324833527344
0.0001355922741551183
2.286561472744303e-6
0.00015575741110415708
0.00017367770096825226
0.00012130721601869041
3.284374417819743e-5
2.286561472744303e-6
-0.00016524881187444942
-0.00010471080882979126
-1.778545517688935e-5
1.612235711715871e-6
-1.298331703208454e-5
-6.550587411059959e-6
8.468809931203068e-7
3.156494625947273e-7
1.6359023863049812e-7
-2.056563621222848e-7
0.453163582377229
0.37047037114852516
0.20357247624000024
0.06743314298363103
0.009811715137336897
0.00015161457902455059
-3.305894267949278e-5
3.031607556918957e-6
-5.5346033509980696e-8
0.37047037114852516
0.3025001888382034
0.1645895357693758
0.05384927262496764
0.007594955692093582
0.00012130721601869041
-1.778545517688935e-5
8.468809931203068e-7
0.20357247624000024
0.1645895357693758
0.08681156688278209
0.02652593408255868
0.0032435584438833946
5.2532116087342326e-5
1.6974800717486002e-6
0.06743314298363103
0.05384927262496764
0.02652593408255868
0.006917344205993199
0.0005886591448358641
-4.189611285799315e-6
0.009811715137336897
0.007594955692093582
0.0032435584438833946
0.0005886591448358641
-1.0414477360670513e-7
0.00015161457902455059
0.00012130721601869041
5.2532116087342326e-5
-4.189611285799315e-6
-3.305894267949278e-5
-1.778545517688935e-5
1.6974800717486002e-6
3.031607556918957e-6
8.468809931203068e-7
-5.5346033509980696e-8
0.15888445792245748
0.12858404896703762
0.06743314298363103
0.020345075640820224
0.0024656644545443273
6.865020095138147e-5
6.65808602684212e-6
7.287859363953461e-7
0.12858404896703762
0.1038379095403454
0.05384927262496764
0.015755554432927293
0.0017766324833527344
3.284374417819743e-5
1.612235711715871e-6
0.06743314298363103
0.05384927262496764
0.02652593408255868
0.006917344205993199
0.0005886591448358641
-4.189611285799315e-6
0.020345075640820224
0.015755554432927293
0.006917344205993199
0.0013568371431402827
2.1184630633656063e-5
0.0024656644545443273
0.0017766324833527344
0.0005886591448358641
2.1184630633656063e-5
6.865020095138147e-5
3.284374417819743e-5
-4.189611285799315e-6
6.65808602684212e-6
1.612235711715871e-6
7.287859363953461e-7
0.025153649026679818
0.020163396853391295
0.009811715137336897
0.0024656644545443273
0.0002731927899589764
1.1984539291093774e-5
-2.7770843470445964e-6
0.020163396853391295
0.016031145198164422
0.007594955692093582
0.0017766324833527344
0.0001355922741551183
2.286561472744303e-6
0.009811715137336897
0.007594955692093582
0.0032435584438833946
0.0005886591448358641
-1.0414477360670513e-7
0.0024656644545443273
0.0017766324833527344
0.0005886591448358641
2.1184630633656063e-5
0.0002731927899589764
0.0001355922741551183
-1.0414477360670513e-7
1.1984539291093774e-5
2.286561472744303e-6
-2.7770843470445964e-6
4.293025593072234e-5
0.00015575741110415708
0.00015161457902455059
6.865020095138147e-5
1.1984539291093774e-5
4.796845091835866e-6
0.00015575741110415708
0.00017367770096825226
0.00012130721601869041
3.284374417819743e-5
2.286561472744303e-6
0.00015161457902455059
0.00012130721601869041
5.2532116087342326e-5
-4.189611285799315e-6
6.865020095138147e-5
3.284374417819743e-5
-4.189611285799315e-6
1.1984539291093774e-5
2.286561472744303e-6
4.796845091835866e-6
-0.00023563777938760667
-0.00016524881187444942
-3.305894267949278e-5
6.65808602684212e-6
-2.7770843470445964e-6
-0.00016524881187444942
-0.00010471080882979126
-1.778545517688935e-5
1.612235711715871e-6
-3.305894267949278e-5
-1.778545517688935e-5
1.6974800717486002e-6
6.65808602684212e-6
1.612235711715871e-6
-2.7770843470445964e-6
-3.9684583513444054e-5
-1.298331703208454e-5
3.031607556918957e-6
7.287859363953461e-7
-1.298331703208454e-5
-6.550587411059959e-6
8.468809931203068e-7
3.031607556918957e-6
8.468809931203068e-7
7.287859363953461e-7
1.3071277747051396e-7
3.156494625947273e-7
-5.5346033509980696e-8
3.156494625947273e-7
1.6359023863049812e-7
-5.5346033509980696e-8
-2.7041575834642724e-7
-2.056563621222848e-7
-2.056563621222848e-7
-4.923640059994772e-12
0.8118920788195713
0.6653458682286205
0.37047037114852516
0.12858404896703762
0.020163396853391295
0.00015575741110415708
-0.00016524881187444942
-1.298331703208454e-5
3.156494625947273e-7
-2.056563621222848e-7
0.6653458682286205
0.5434913262681523
0.3025001888382034
0.1038379095403454
0.016031145198164422
0.00017367770096825226
-0.00010471080882979126
-6.550587411059959e-6
1.6359023863049812e-7
0.37047037114852516
0.3025001888382034
0.1645895357693758
0.05384927262496764
0.007594955692093582
0.00012130721601869041
-1.778545517688935e-5
8.468809931203068e-7
0.12858404896703762
0.1038379095403454
0.05384927262496764
0.015755554432927293
0.0017766324833527344
3.284374417819743e-5
1.612235711715871e-6
0.020163396853391295
0.016031145198164422
0.007594955692093582
0.0017766324833527344
0.0001355922741551183
2.286561472744303e-6
0.00015575741110415708
0.00017367770096825226
0.00012130721601869041
3.284374417819743e-5
2.286561472744303e-6
-0.00016524881187444942
-0.00010471080882979126
-1.778545517688935e-5
1.612235711715871e-6
-1.298331703208454e-5
-6.550587411059959e-6
8.468809931203068e-7
3.156494625947273e-7
1.6359023863049812e-7
-2.056563621222848e-7
0.6653458682286205
0.5434913262681523
0.3025001888382034
0.1038379095403454
0.016031145198164422
0.00017367770096825226
-0.00010471080882979126
-6.550587411059959e-6
1.6359023863049812e-7
0.5434913262681523
0.44544100060160846
0.2463534058885899
0.08363735741415738
0.01264830647286269
0.00016958685110535563
-6.93790173985328e-5
-2.6510282305020587e-6
0.3025001888382034
0.2463534058885899
0.13333943839101375
0.04281919518454163
0.005815411985349153
9.389472996129488e-5
-1.172877693501348e-5
0.1038379095403454
0.08363735741415738
0.04281919518454163
0.012166494834418637
0.0012543406309336812
1.4659791292894776e-5
0.016031145198164422
0.01264830647286269
0.005815411985349153
0.0012543406309336812
7.002420953384692e-5
0.00017367770096825226
0.00016958685110535563
9.389472996129488e-5
1.4659791292894776e-5
-0.00010471080882979126
-6.93790173985328e-5
-1.172877693501348e-5
-6.550587411059959e-6
-2.6510282305020587e-6
1.6359023863049812e-7
0.37047037114852516
0.3025001888382034
0.1645895357693758
0.05384927262496764
0.007594955692093582
0.00012130721601869041
-1.778545517688935e-5
8.468809931203068e-7
0.3025001888382034
0.2463534058885899
0.13333943839101375
0.04281919518454163
0.005815411985349153
9.389472996129488e-5
-1.172877693501348e-5
0.1645895357693758
0.13333943839101375
0.06968431084460237
0.02071899810564125
0.0023726030706728092
2.9435591219678895e-5
0.05384927262496764
0.04281919518454163
0.02071899810564125
0.005104826467308257
0.0003446808746666862
0.007594955692093582
0.005815411985349153
0.0023726030706728092
0.0003446808746666862
0.00012130721601869041
9.389472996129488e-5
2.9435591219678895e-5
-1.778545517688935e-5
-1.172877693501348e-5
8.468809931203068e-7
0.12858404896703762
0.1038379095403454
0.05384927262496764
0.015755554432927293
0.0017766324833527344
3.284374417819743e-5
1.612235711715871e-6
0.1038379095403454
0.08363735741415738
0.04281919518454163
0.012166494834418637
0.0012543406309336812
1.4659791292894776e-5
0.05384927262496764
0.04281919518454163
0.02071899810564125
0.005104826467308257
0.0003446808746666862
0.015755554432927293
0.012166494834418637
0.005104826467308257
0.0007959060614923184
0.0017766324833527344
0.0012543406309336812
0.0003446808746666862
3.284374417819743e-5
1.4659791292894776e-5
1.612235711715871e-6
0.020163396853391295
0.016031145198164422
0.007594955692093582
0.0017766324833527344
0.0001355922741551183
2.286561472744303e-6
0.016031145198164422
0.01264830647286269
0.005815411985349153
0.0012543406309336812
7.002420953384692e-5
0.007594955692093582
0.005815411985349153
0.0023726030706728092
0.0003446808746666862
0.0017766324833527344
0.0012543406309336812
0.0003446808746666862
0.0001355922741551183
7.002420953384692e-5
2.286561472744303e-6
0.00015575741110415708
0.00017367770096825226
0.00012130721601869041
3.284374417819743e-5
2.286561472744303e-6
0.00017367770096825226
0.00016958685110535563
9.389472996129488e-5
1.4659791292894776e-5
0.00012130721601869041
9.389472996129488e-5
2.9435591219678895e-5
3.284374417819743e-5
1.4659791292894776e-5
2.286561472744303e-6
-0.00016524881187444942
-0.00010471080882979126
-1.778545517688935e-5
1.612235711715871e-6
-0.00010471080882979126
-6.93790173985328e-5
-1.172877693501348e-5
-1.778545517688935e-5
-1.172877693501348e-5
1.612235711715871e-6
-1.298331703208454e-5
-6.550587411059959e-6
8.468809931203068e-7
-6.550587411059959e-6
-2.6510282305020587e-6
8.468809931203068e-7
3.156494625947273e-7
1.6359023863049812e-7
1.6359023863049812e-7
-2.056563621222848e-7
0.453163582377229
0.37047037114852516
0.20357247624000024
0.06743314298363103
0.009811715137336897
0.00015161457902455059
-3.305894267949278e-5
3.031607556918957e-6
-5.5346033509980696e-8
0.37047037114852516
0.3025001888382034
0.1645895357693758
0.05384927262496764
0.007594955692093582
0.00012130721601869041
-1.778545517688935e-5
8.468809931203068e-7
0.20357247624000024
0.1645895357693758
0.08681156688278209
0.02652593408255868
0.0032435584438833946
5.2532116087342326e-5
1.6974800717486002e-6
0.06743314298363103
0.05384927262496764
0.02652593408255868
0.006917344205993199
0.0005886591448358641
-4.189611285799315e-6
0.009811715137336897
0.007594955692093582
0.0032435584438833946
0.0005886591448358641
-1.0414477360670513e-7
0.00015161457902455059
0.00012130721601869041
5.2532116087342326e-5
-4.189611285799315e-6
-3.305894267949278e-5
-1.778545517688935e-5
1.6974800717486002e-6
3.031607556918957e-6
8.468809931203068e-7
-5.5346033509980696e-8
0.37047037114852516
0.3025001888382034
0.1645895357693758
0.05384927262496764
0.007594955692093582
0.00012130721601869041
-1.778545517688935e-5
8.468809931203068e-7
0.3025001888382034
0.2463534058885899
0.13333943839101375
0.04281919518454163
0.005815411985349153
9.389472996129488e-5
-1.172877693501348e-5
0.1645895357693758
0.13333943839101375
0.06968431084460237
0.02071899810564125
0.0023726030706728092
2.9435591219678895e-5
0.05384927262496764
0.04281919518454163
0.02071899810564125
0.005104826467308257
0.0003446808746666862
0.007594955692093582
0.005815411985349153
0.0023726030706728092
0.0003446808746666862
0.00012130721601869041
9.389472996129488e-5
2.9435591219678895e-5
-1.778545517688935e-5
-1.172877693501348e-5
8.468809931203068e-7
0.20357247624000024
0.1645895357693758
0.08681156688278209
0.02652593408255868
0.0032435584438833946
5.2532116087342326e-5
1.6974800717486002e-6
0.1645895357693758
0.13333943839101375
0.06968431084460237
0.02071899810564125
0.0023726030706728092
2.9435591219678895e-5
0.08681156688278209
0.06968431084460237
0.03479495674169136
0.009139760944231577
0.0007568067930425489
0.02652593408255868
0.02071899810564125
0.009139760944231577
0.001663244118497086
0.0032435584438833946
0.0023726030706728092
0.0007568067930425489
5.2532116087342326e-5
2.9435591219678895e-5
1.6974800717486002e-6
0.06743314298363103
0.05384927262496764
0.02652593408255868
0.006917344205993199
0.0005886591448358641
-4.189611285799315e-6
0.05384927262496764
0.04281919518454163
0.02071899810564125
0.005104826467308257
0.0003446808746666862
0.02652593408255868
0.02071899810564125
0.009139760944231577
0.001663244118497086
0.006917344205993199
0.005104826467308257
0.001663244118497086
0.0005886591448358641
0.0003446808746666862
-4.189611285799315e-6
0.009811715137336897
0.007594955692093582
0.0032435584438833946
0.0005886591448358641
-1.0414477360670513e-7
0.007594955692093582
0.005815411985349153
0.0023726030706728092
0.0003446808746666862
0.0032435584438833946
0.0023726030706728092
0.0007568067930425489
0.0005886591448358641
0.0003446808746666862
-1.0414477360670513e-7
0.00015161457902455059
0.00012130721601869041
5.2532116087342326e-5
-4.189611285799315e-6
0.00012130721601869041
9.389472996129488e-5
2.9435591219678895e-5
5.2532116087342326e-5
2.9435591219678895e-5
-4.189611285799315e-6
-3.305894267949278e-5
-1.778545517688935e-5
1.6974800717486002e-6
-1.778545517688935e-5
-1.172877693501348e-5
1.6974800717486002e-6
3.031607556918957e-6
8.468809931203068e-7
8.468809931203068e-7
-5.5346033509980696e-8
0.15888445792245748
0.12858404896703762
0.06743314298363103
0.020345075640820224
0.0024656644545443273
6.865020095138147e-5
6.65808602684212e-6
7.287859363953461e-7
0.12858404896703762
0.1038379095403454
0.05384927262496764
0.015755554432927293
0.0017766324833527344
3.284374417819743e-5
1.612235711715871e-6
0.06743314298363103
0.05384927262496764
0.02652593408255868
0.006917344205993199
0.0005886591448358641
-4.189611285799315e-6
0.020345075640820224
0.015755554432927293
0.006917344205993199
0.0013568371431402827
2.1184630633656063e-5
0.0024656644545443273
0.0017766324833527344
0.0005886591448358641
2.1184630633656063e-5
6.865020095138147e-5
3.284374417819743e-5
-4.189611285799315e-6
6.65808602684212e-6
1.612235711715871e-6
7.287859363953461e-7
0.12858404896703762
0.1038379095403454
0.05384927262496764
0.015755554432927293
0.0017766324833527344
3.284374417819743e-5
1.612235711715871e-6
0.1038379095403454
0.08363735741415738
0.04281919518454163
0.012166494834418637
0.0012543406309336812
1.4659791292894776e-5
0.05384927262496764
0.04281919518454163
0.02071899810564125
0.005104826467308257
0.0003446808746666862
0.015755554432927293
0.012166494834418637
0.005104826467308257
0.0007959060614923184
0.0017766324833527344
0.0012543406309336812
0.0003446808746666862
3.284374417819743e-5
1.4659791292894776e-5
1.612235711715871e-6
0.06743314298363103
0.05384927262496764
0.02652593408255868
0.006917344205993199
0.0005886591448358641
-4.189611285799315e-6
0.05384927262496764
0.04281919518454163
0.02071899810564125
0.005104826467308257
0.0003446808746666862
0.02652593408255868
0.02071899810564125
0.009139760944231577
0.001663244118497086
0.006917344205993199
0.005104826467308257
0.001663244118497086
0.0005886591448358641
0.0003446808746666862
-4.189611285799315e-6
0.020345075640820224
0.015755554432927293
0.006917344205993199
0.0013568371431402827
2.1184630633656063e-5
0.015755554432927293
0.012166494834418637
0.005104826467308257
0.0007959060614923184
0.006917344205993199
0.005104826467308257
0.001663244118497086
0.0013568371431402827
0.0007959060614923184
2.1184630633656063e-5
0.0024656644545443273
0.0017766324833527344
0.0005886591448358641
2.1184630633656063e-5
0.0017766324833527344
0.0012543406309336812
0.0003446808746666862
0.0005886591448358641
0.0003446808746666862
2.1184630633656063e-5
6.865020095138147e-5
3.284374417819743e-5
-4.189611285799315e-6
3.284374417819743e-5
1.4659791292894776e-5
-4.189611285799315e-6
6.65808602684212e-6
1.612235711715871e-6
1.612235711715871e-6
7.287859363953461e-7
0.025153649026679818
0.020163396853391295
0.009811715137336897
0.0024656644545443273
0.0002731927899589764
1.1984539291093774e-5
-2.7770843470445964e-6
0.020163396853391295
0.016031145198164422
0.007594955692093582
0.0017766324833527344
0.0001355922741551183
2.286561472744303e-6
0.009811715137336897
0.007594955692093582
0.0032435584438833946
0.0005886591448358641
-1.0414477360670513e-7
0.0024656644545443273
0.0017766324833527344
0.0005886591448358641
2.1184630633656063e-5
0.0002731927899589764
0.0001355922741551183
-1.0414477360670513e-7
1.1984539291093774e-5
2.286561472744303e-6
-2.7770843470445964e-6
0.020163396853391295
0.016031145198164422
0.007594955692093582
0.0017766324833527344
0.0001355922741551183
2.286561472744303e-6
0.016031145198164422
0.01264830647286269
0.005815411985349153
0.0012543406309336812
7.002420953384692e-5
0.007594955692093582
0.005815411985349153
0.0023726030706728092
0.0003446808746666862
0.0017766324833527344
0.0012543406309336812
0.0003446808746666862
0.0001355922741551183
7.002420953384692e-5
2.286561472744303e-6
0.009811715137336897
0.007594955692093582
0.0032435584438833946
0.0005886591448358641
-1.0414477360670513e-7
0.007594955692093582
0.005815411985349153
0.0023726030706728092
0.0003446808746666862
0.0032435584438833946
0.0023726030706728092
0.0007568067930425489
0.0005886591448358641
0.0003446808746666862
-1.0414477360670513e-7
0.0024656644545443273
0.0017766324833527344
0.0005886591448358641
2.1184630633656063e-5
0.0017766324833527344
0.0012543406309336812
0.0003446808746666862
0.0005886591448358641
0.0003446808746666862
2.1184630633656063e-5
0.0002731927899589764
0.0001355922741551183
-1.0414477360670513e-7
0.0001355922741551183
7.002420953384692e-5
-1.0414477360670513e-7
1.1984539291093774e-5
2.286561472744303e-6
2.286561472744303e-6
-2.7770843470445964e-6
4.293025593072234e-5
0.00015575741110415708
0.00015161457902455059
6.865020095138147e-5
1.1984539291093774e-5
4.796845091835866e-6
0.00015575741110415708
0.00017367770096825226
0.00012130721601869041
3.284374417819743e-5
2.286561472744303e-6
0.00015161457902455059
0.00012130721601869041
5.2532116087342326e-5
-4.189611285799315e-6
6.865020095138147e-5
3.284374417819743e-5
-4.189611285799315e-6
1.1984539291093774e-5
2.286561472744303e-6
4.796845091835866e-6
0.00015575741110415708
0.00017367770096825226
0.00012130721601869041
3.284374417819743e-5
2.286561472744303e-6
0.00017367770096825226
0.00016958685110535563
9.389472996129488e-5
1.4659791292894776e-5
0.00012130721601869041
9.389472996129488e-5
2.9435591219678895e-5
3.284374417819743e-5
1.4659791292894776e-5
2.286561472744303e-6
0.00015161457902455059
0.00012130721601869041
5.2532116087342326e-5
-4.189611285799315e-6
0.00012130721601869041
9.389472996129488e-5
2.9435591219678895e-5
5.2532116087342326e-5
2.9435591219678895e-5
-4.189611285799315e-6
6.865020095138147e-5
3.284374417819743e-5
-4.189611285799315e-6
3.284374417819743e-5
1.4659791292894776e-5
-4.189611285799315e-6
1.1984539291093774e-5
2.286561472744303e-6
2.286561472744303e-6
4.796845091835866e-6
-0.00023563777938760667
-0.00016524881187444942
-3.305894267949278e-5
6.65808602684212e-6
-2.7770843470445964e-6
-0.00016524881187444942
-0.00010471080882979126
-1.778545517688935e-5
1.612235711715871e-6
-3.305894267949278e-5
-1.778545517688935e-5
1.6974800717486002e-6
6.65808602684212e-6
1.612235711715871e-6
-2.7770843470445964e-6
-0.00016524881187444942
-0.00010471080882979126
-1.778545517688935e-5
1.612235711715871e-6
-0.00010471080882979126
-6.93790173985328e-5
-1.172877693501348e-5
-1.778545517688935e-5
-1.172877693501348e-5
1.612235711715871e-6
-3.305894267949278e-5
-1.778545517688935e-5
1.6974800717486002e-6
-1.778545517688935e-5
-1.172877693501348e-5
1.6974800717486002e-6
6.65808602684212e-6
1.612235711715871e-6
1.612235711715871e-6
-2.7770843470445964e-6
-3.9684583513444054e-5
-1.298331703208454e-5
3.031607556918957e-6
7.287859363953461e-7
-1.298331703208454e-5
-6.550587411059959e-6
8.468809931203068e-7
3.031607556918957e-6
8.468809931203068e-7
7.287859363953461e-7
-1.298331703208454e-5
-6.550587411059959e-6
8.468809931203068e-7
-6.550587411059959e-6
-2.6510282305020587e-6
8.468809931203068e-7
3.031607556918957e-6
8.468809931203068e-7
8.468809931203068e-7
7.287859363953461e-7
1.3071277747051396e-7
3.156494625947273e-7
-5.5346033509980696e-8
3.156494625947273e-7
1.6359023863049812e-7
-5.5346033509980696e-8
3.156494625947273e-7
1.6359023863049812e-7
1.6359023863049812e-7
-5.5346033509980696e-8
-2.7041575834642724e-7
-2.056563621222848e-7
-2.056563621222848e-7
-2.056563621222848e-7
-4.923640059994772e-12
