1.0
0.5911534870224533
0.12466344201767987
0.002511778870800261
-3.0405377386456047e-5
2.2971316361373118e-11
0.5911534870224533
0.3548823423831349
0.06911002742538758
0.001470865127934209
-1.4888806943064096e-6
0.12466344201767987
0.06911002742538758
0.007361482895294459
8.800387034379324e-5
0.002511778870800261
0.001470865127934209
8.800387034379324e-5
-3.0405377386456047e-5
-1.4888806943064096e-6
2.2971316361373118e-11
0.5911534870224533
0.3548823423831349
0.06911002742538758
0.001470865127934209
-1.4888806943064096e-6
0.3548823423831349
0.20728505744418238
0.035759134504182784
0.0005087973768981309
0.06911002742538758
0.035759134504182784
0.0022498118627867535
0.001470865127934209
0.0005087973768981309
-1.4888806943064096e-6
0.12466344201767987
0.06911002742538758
0.007361482895294459
8.800387034379324e-5
0.06911002742538758
0.035759134504182784
0.0022498118627867535
0.007361482895294459
0.0022498118627867535
8.800387034379324e-5
0.002511778870800261
0.001470865127934209
8.800387034379324e-5
0.001470865127934209
0.0005087973768981309
8.800387034379324e-5
-3.0405377386456047e-5
-1.4888806943064096e-6
-1.4888806943064096e-6
2.2971316361373118e-11
0.5911534870224533
0.3548823423831349
0.06911002742538758
0.001470865127934209
-1.4888806943064096e-6
0.3548823423831349
0.20728505744418238
0.035759134504182784
0.0005087973768981309
0.06911002742538758
0.035759134504182784
0.0022498118627867535
0.001470865127934209
0.0005087973768981309
-1.4888806943064096e-6
0.3548823423831349
0.20728505744418238
0.035759134504182784
0.0005087973768981309
0.20728505744418238
0.11764068783221149
0.01704944876332706
0.035759134504182784
0.01704944876332706
0.0005087973768981309
0.06911002742538758
0.035759134504182784
0.0022498118627867535
0.035759134504182784
0.01704944876332706
0.0022498118627867535
0.001470865127934209
0.0005087973768981309
0.0005087973768981309
-1.4888806943064096e-6
0.12466344201767987
0.06911002742538758
0.007361482895294459
8.800387034379324e-5
0.06911002742538758
0.035759134504182784
0.0022498118627867535
0.007361482895294459
0.0022498118627867535
8.800387034379324e-5
0.06911002742538758
0.035759134504182784
0.0022498118627867535
0.035759134504182784
0.01704944876332706
0.0022498118627867535
0.007361482895294459
0.0022498118627867535
0.0022498118627867535
8.800387034379324e-5
0.002511778870800261
0.001470865127934209
8.800387034379324e-5
0.001470865127934209
0.0005087973768981309
8.800387034379324e-5
0.001470865127934209
0.0005087973768981309
0.0005087973768981309
8.800387034379324e-5
-3.0405377386456047e-5
-1.4888806943064096e-6
-1.4888806943064096e-6
-1.4888806943064096e-6
2.2971316361373118e-11
