1.0
0.6598687586409583
0.19744920691075007
0.011351405097208367
-0.0003448652707651663
-6.581807991683307e-5
-8.840757341639438e-13
0.6598687586409583
0.443494263390387
0.12763245363664047
0.0071410393434498
-0.00016213731859586635
-2.380031866634201e-6
0.19744920691075007
0.12763245363664047
0.03012739119562157
0.0008185249664620965
-8.223746824861644e-6
0.011351405097208367
0.0071410393434498
0.0008185249664620965
5.711399734875583e-5
-0.0003448652707651663
-0.00016213731859586635
-8.223746824861644e-6
-6.581807991683307e-5
-2.380031866634201e-6
-8.840757341639438e-13
0.6598687586409583
0.443494263390387
0.12763245363664047
0.0071410393434498
-0.00016213731859586635
-2.380031866634201e-6
0.443494263390387
0.29403729131161693
0.08099473462354159
0.004068543021479208
-1.9907492069511295e-5
0.12763245363664047
0.08099473462354159
0.017389931781842925
0.00026198366494927
0.0071410393434498
0.004068543021479208
0.00026198366494927
-0.00016213731859586635
-1.9907492069511295e-5
-2.380031866634201e-6
0.19744920691075007
0.12763245363664047
0.03012739119562157
0.0008185249664620965
-8.223746824861644e-6
0.12763245363664047
0.08099473462354159
0.017389931781842925
0.00026198366494927
0.03012739119562157
0.017389931781842925
0.0015408471509723589
0.0008185249664620965
0.00026198366494927
-8.223746824861644e-6
0.011351405097208367
0.0071410393434498
0.0008185249664620965
5.711399734875583e-5
0.0071410393434498
0.004068543021479208
0.00026198366494927
0.0008185249664620965
0.00026198366494927
5.711399734875583e-5
-0.0003448652707651663
-0.00016213731859586635
-8.223746824861644e-6
-0.00016213731859586635
-1.9907492069511295e-5
-8.223746824861644e-6
-6.581807991683307e-5
-2.380031866634201e-6
-2.380031866634201e-6
-8.840757341639438e-13
0.6598687586409583
0.443494263390387
0.12763245363664047
0.0071410393434498
-0.00016213731859586635
-2.380031866634201e-6
0.443494263390387
0.29403729131161693
0.08099473462354159
0.004068543021479208
-1.9907492069511295e-5
0.12763245363664047
0.08099473462354159
0.017389931781842925
0.00026198366494927
0.0071410393434498
0.004068543021479208
0.00026198366494927
-0.00016213731859586635
-1.9907492069511295e-5
-2.380031866634201e-6
0.443494263390387
0.29403729131161693
0.08099473462354159
0.004068543021479208
-1.9907492069511295e-5
0.29403729131161693
0.19461857253148296
0.05033817035188397
0.002031550128645733
0.08099473462354159
0.05033817035188397
0.00918062853221017
0.004068543021479208
0.002031550128645733
-1.9907492069511295e-5
0.12763245363664047
0.08099473462354159
0.017389931781842925
0.00026198366494927
0.08099473462354159
0.05033817035188397
0.00918062853221017
0.017389931781842925
0.00918062853221017
0.00026198366494927
0.0071410393434498
0.004068543021479208
0.00026198366494927
0.004068543021479208
0.002031550128645733
0.00026198366494927
-0.00016213731859586635
-1.9907492069511295e-5
-1.9907492069511295e-5
-2.380031866634201e-6
0.19744920691075007
0.12763245363664047
0.03012739119562157
0.0008185249664620965
-8.223746824861644e-6
0.12763245363664047
0.08099473462354159
0.017389931781842925
0.00026198366494927
0.03012739119562157
0.017389931781842925
0.0015408471509723589
0.0008185249664620965
0.00026198366494927
-8.223746824861644e-6
0.12763245363664047
0.08099473462354159
0.017389931781842925
0.00026198366494927
0.08099473462354159
0.05033817035188397
0.00918062853221017
0.017389931781842925
0.00918062853221017
0.00026198366494927
0.03012739119562157
0.017389931781842925
0.0015408471509723589
0.017389931781842925
0.00918062853221017
0.0015408471509723589
0.0008185249664620965
0.00026198366494927
0.00026198366494927
-8.223746824861644e-6
0.011351405097208367
0.0071410393434498
0.0008185249664620965
5.711399734875583e-5
0.0071410393434498
0.004068543021479208
0.00026198366494927
0.0008185249664620965
0.00026198366494927
5.711399734875583e-5
0.0071410393434498
0.004068543021479208
0.00026198366494927
0.004068543021479208
0.002031550128645733
0.00026198366494927
0.0008185249664620965
0.00026198366494927
0.00026198366494927
5.711399734875583e-5
-0.0003448652707651663
-0.00016213731859586635
-8.223746824861644e-6
-0.00016213731859586635
-1.9907492069511295e-5
-8.223746824861644e-6
-0.00016213731859586635
-1.9907492069511295e-5
-1.9907492069511295e-5
-8.223746824861644e-6
-6.581807991683307e-5
-2.380031866634201e-6
-2.380031866634201e-6
-2.380031866634201e-6
-8.840757341639438e-13
