1.0
0.7120376719229079
0.2692752820390486
0.035284366634143326
-0.0003777104173889456
-0.00022866426553008642
-1.5076128929305508e-5
-5.50794329026591e-11
0.7120376719229079
0.5156920003551905
0.19148083934585924
0.024223730719183562
-0.00026508226536752676
-3.8588877964635946e-5
-5.773813888413865e-6
0.2692752820390486
0.19148083934585924
0.0655136048500956
0.006520677836529028
-2.1493490657055003e-5
-6.631614600545481e-6
0.035284366634143326
0.024223730719183562
0.006520677836529028
0.00029789801087230127
6.955918316682883e-6
-0.0003777104173889456
-0.00026508226536752676
-2.1493490657055003e-5
6.955918316682883e-6
-0.00022866426553008642
-3.8588877964635946e-5
-6.631614600545481e-6
-1.5076128929305508e-5
-5.773813888413865e-6
-5.50794329026591e-11
0.7120376719229079
0.5156920003551905
0.19148083934585924
0.024223730719183562
-0.00026508226536752676
-3.8588877964635946e-5
-5.773813888413865e-6
0.5156920003551905
0.3704551740886533
0.13538261182235156
0.01619190668703596
-0.00011237332415640201
-1.7382752728065484e-5
0.19148083934585924
0.13538261182235156
0.04440492316582402
0.003913828248846801
5.33756377117777e-6
0.024223730719183562
0.01619190668703596
0.003913828248846801
1.680819189182514e-5
-0.00026508226536752676
-0.00011237332415640201
5.33756377117777e-6
-3.8588877964635946e-5
-1.7382752728065484e-5
-5.773813888413865e-6
0.2692752820390486
0.19148083934585924
0.0655136048500956
0.006520677836529028
-2.1493490657055003e-5
-6.631614600545481e-6
0.19148083934585924
0.13538261182235156
0.04440492316582402
0.003913828248846801
5.33756377117777e-6
0.0655136048500956
0.04440492316582402
0.011736058797903839
0.0003053382313348496
0.006520677836529028
0.003913828248846801
0.0003053382313348496
-2.1493490657055003e-5
5.33756377117777e-6
-6.631614600545481e-6
0.035284366634143326
0.024223730719183562
0.006520677836529028
0.00029789801087230127
6.955918316682883e-6
0.024223730719183562
0.01619190668703596
0.003913828248846801
1.680819189182514e-5
0.006520677836529028
0.003913828248846801
0.0003053382313348496
0.00029789801087230127
1.680819189182514e-5
6.955918316682883e-6
-0.0003777104173889456
-0.00026508226536752676
-2.1493490657055003e-5
6.955918316682883e-6
-0.00026508226536752676
-0.00011237332415640201
5.33756377117777e-6
-2.1493490657055003e-5
5.33756377117777e-6
6.955918316682883e-6
-0.00022866426553008642
-3.8588877964635946e-5
-6.631614600545481e-6
-3.8588877964635946e-5
-1.7382752728065484e-5
-6.631614600545481e-6
-1.5076128929305508e-5
-5.773813888413865e-6
-5.773813888413865e-6
-5.50794329026591e-11
0.7120376719229079
0.5156920003551905
0.19148083934585924
0.024223730719183562
-0.00026508226536752676
-3.8588877964635946e-5
-5.773813888413865e-6
0.5156920003551905
0.3704551740886533
0.13538261182235156
0.01619190668703596
-0.00011237332415640201
-1.7382752728065484e-5
0.19148083934585924
0.13538261182235156
0.04440492316582402
0.003913828248846801
5.33756377117777e-6
0.024223730719183562
0.01619190668703596
0.003913828248846801
1.680819189182514e-5
-0.00026508226536752676
-0.00011237332415640201
5.33756377117777e-6
-3.8588877964635946e-5
-1.7382752728065484e-5
-5.773813888413865e-6
0.5156920003551905
0.3704551740886533
0.13538261182235156
0.01619190668703596
-0.00011237332415640201
-1.7382752728065484e-5
0.3704551740886533
0.26703145095734815
0.09493526628765522
0.010580239444993965
-7.934020039348399e-5
0.13538261182235156
0.09493526628765522
0.029712705103872514
0.002241626228828157
0.01619190668703596
0.010580239444993965
0.002241626228828157
-0.00011237332415640201
-7.934020039348399e-5
-1.7382752728065484e-5
0.19148083934585924
0.13538261182235156
0.04440492316582402
0.003913828248846801
5.33756377117777e-6
0.13538261182235156
0.09493526628765522
0.029712705103872514
0.002241626228828157
0.04440492316582402
0.029712705103872514
0.0068830286016566145
0.003913828248846801
0.002241626228828157
5.33756377117777e-6
0.024223730719183562
0.01619190668703596
0.003913828248846801
1.680819189182514e-5
0.01619190668703596
0.010580239444993965
0.002241626228828157
0.003913828248846801
0.002241626228828157
1.680819189182514e-5
-0.00026508226536752676
-0.00011237332415640201
5.33756377117777e-6
-0.00011237332415640201
-7.934020039348399e-5
5.33756377117777e-6
-3.8588877964635946e-5
-1.7382752728065484e-5
-1.7382752728065484e-5
-5.773813888413865e-6
0.2692752820390486
0.19148083934585924
0.0655136048500956
0.006520677836529028
-2.1493490657055003e-5
-6.631614600545481e-6
0.19148083934585924
0.13538261182235156
0.04440492316582402
0.003913828248846801
5.33756377117777e-6
0.0655136048500956
0.04440492316582402
0.011736058797903839
0.0003053382313348496
0.006520677836529028
0.003913828248846801
0.0003053382313348496
-2.1493490657055003e-5
5.33756377117777e-6
-6.631614600545481e-6
0.19148083934585924
0.13538261182235156
0.04440492316582402
0.003913828248846801
5.33756377117777e-6
0.13538261182235156
0.09493526628765522
0.029712705103872514
0.002241626228828157
0.04440492316582402
0.029712705103872514
0.0068830286016566145
0.003913828248846801
0.002241626228828157
5.33756377117777e-6
0.0655136048500956
0.04440492316582402
0.011736058797903839
0.0003053382313348496
0.04440492316582402
0.029712705103872514
0.0068830286016566145
0.011736058797903839
0.0068830286016566145
0.0003053382313348496
0.006520677836529028
0.003913828248846801
0.0003053382313348496
0.003913828248846801
0.002241626228828157
0.0003053382313348496
-2.1493490657055003e-5
5.33756377117777e-6
5.33756377117777e-6
-6.631614600545481e-6
0.035284366634143326
0.024223730719183562
0.006520677836529028
0.00029789801087230127
6.955918316682883e-6
0.024223730719183562
0.01619190668703596
0.003913828248846801
1.680819189182514e-5
0.006520677836529028
0.003913828248846801
0.0003053382313348496
0.00029789801087230127
1.680819189182514e-5
6.955918316682883e-6
0.024223730719183562
0.01619190668703596
0.003913828248846801
1.680819189182514e-5
0.01619190668703596
0.010580239444993965
0.002241626228828157
0.003913828248846801
0.002241626228828157
1.680819189182514e-5
0.006520677836529028
0.003913828248846801
0.0003053382313348496
0.003913828248846801
0.002241626228828157
0.0003053382313348496
0.00029789801087230127
1.680819189182514e-5
1.680819189182514e-5
6.955918316682883e-6
-0.0003777104173889456
-0.00026508226536752676
-2.1493490657055003e-5
6.955918316682883e-6
-0.00026508226536752676
-0.00011237332415640201
5.33756377117777e-6
-2.1493490657055003e-5
5.33756377117777e-6
6.955918316682883e-6
-0.00026508226536752676
-0.00011237332415640201
5.33756377117777e-6
-0.00011237332415640201
-7.934020039348399e-5
5.33756377117777e-6
-2.1493490657055003e-5
5.33756377117777e-6
5.33756377117777e-6
6.955918316682883e-6
-0.00022866426553008642
-3.8588877964635946e-5
-6.631614600545481e-6
-3.8588877964635946e-5
-1.7382752728065484e-5
-6.631614600545481e-6
-3.8588877964635946e-5
-1.7382752728065484e-5
-1.7382752728065484e-5
-6.631614600545481e-6
-1.5076128929305508e-5
-5.773813888413865e-6
-5.773813888413865e-6
-5.773813888413865e-6
-5.50794329026591e-11
