1.0
0.8520811385848672
0.5460826157287011
0.25275716920436964
0.07396394791584518
0.009238165984602913
-8.64358732843364e-5
-8.440313857346054e-5
-2.773474184966424e-5
-7.470740635464568e-6
1.2514482491594752e-7
-3.4938037753588983e-10
3.041531614632478e-12
0.8520811385848672
0.7308931005379793
0.4684078937343312
0.21580182797991965
0.06270593614308911
0.00786459343664279
-3.381083164993693e-5
-4.936946932568854e-5
-1.7990871895270913e-5
-3.111802012790078e-6
1.6213421804907927e-8
1.048324058756266e-11
0.5460826157287011
0.4684078937343312
0.2993025081834942
0.13496944597891253
0.0378064606397581
0.004557837742507464
3.8220378240875656e-5
-7.771076473375191e-6
-2.6122253224978833e-6
-2.0553312074983224e-7
-1.2771692862165911e-7
0.25275716920436964
0.21580182797991965
0.13496944597891253
0.058454163504397576
0.015143206281727576
0.0016270717208307303
5.619293112751436e-5
7.719433237611452e-6
1.3090953196762279e-6
-3.533904047480931e-8
0.07396394791584518
0.06270593614308911
0.0378064606397581
0.015143206281727576
0.003469952563296282
0.00033470813666667843
2.4483891317469487e-5
1.692992098997489e-6
2.3299691317283398e-7
0.009238165984602913
0.00786459343664279
0.004557837742507464
0.0016270717208307303
0.00033470813666667843
5.8397825985875546e-5
8.51684151809701e-7
-5.653899943700319e-7
-8.64358732843364e-5
-3.381083164993693e-5
3.8220378240875656e-5
5.619293112751436e-5
2.4483891317469487e-5
8.51684151809701e-7
1.4197305019821401e-6
-8.440313857346054e-5
-4.936946932568854e-5
-7.771076473375191e-6
7.719433237611452e-6
1.692992098997489e-6
-5.653899943700319e-7
-2.773474184966424e-5
-1.7990871895270913e-5
-2.6122253224978833e-6
1.3090953196762279e-6
2.3299691317283398e-7
-7.470740635464568e-6
-3.111802012790078e-6
-2.0553312074983224e-7
-3.533904047480931e-8
1.2514482491594752e-7
1.6213421804907927e-8
-1.2771692862165911e-7
-3.4938037753588983e-10
1.048324058756266e-11
3.041531614632478e-12
0.8520811385848672
0.7308931005379793
0.4684078937343312
0.21580182797991965
0.06270593614308911
0.00786459343664279
-3.381083164993693e-5
-4.936946932568854e-5
-1.7990871895270913e-5
-3.111802012790078e-6
1.6213421804907927e-8
1.048324058756266e-11
0.7308931005379793
0.6257085673633828
0.4014589252370873
0.18408802852758227
0.05305360804157137
0.006625857493126336
4.6891031756937995e-6
-2.9874935329406197e-5
-8.283228951830837e-6
-1.5644154166750372e-6
8.90805151410737e-9
0.4684078937343312
0.4014589252370873
0.2551080888755591
0.11460798219093658
0.03174362701024366
0.003752346442226904
4.139042111154157e-5
-3.1108986872433654e-6
-7.939045665633347e-8
-1.2586224910881255e-7
0.21580182797991965
0.18408802852758227
0.11460798219093658
0.04905892539049418
0.012500497488224505
0.0012778889879315062
3.727754053304057e-5
4.280715669691686e-6
3.9277469874224765e-7
0.06270593614308911
0.05305360804157137
0.03174362701024366
0.012500497488224505
0.0027488799920136176
0.00022737753522829494
1.4125163587437847e-5
3.586022604003048e-7
0.00786459343664279
0.006625857493126336
0.003752346442226904
0.0012778889879315062
0.00022737753522829494
2.717398861329077e-5
1.9171722693051873e-7
-3.381083164993693e-5
4.6891031756937995e-6
4.139042111154157e-5
3.727754053304057e-5
1.4125163587437847e-5
1.9171722693051873e-7
-4.936946932568854e-5
-2.9874935329406197e-5
-3.1108986872433654e-6
4.280715669691686e-6
3.586022604003048e-7
-1.7990871895270913e-5
-8.283228951830837e-6
-7.939045665633347e-8
3.9277469874224765e-7
-3.111802012790078e-6
-1.5644154166750372e-6
-1.2586224910881255e-7
1.6213421804907927e-8
8.90805151410737e-9
1.048324058756266e-11
0.5460826157287011
0.4684078937343312
0.2993025081834942
0.13496944597891253
0.0378064606397581
0.004557837742507464
3.8220378240875656e-5
-7.771076473375191e-6
-2.6122253224978833e-6
-2.0553312074983224e-7
-1.2771692862165911e-7
0.4684078937343312
0.4014589252370873
0.2551080888755591
0.11460798219093658
0.03174362701024366
0.003752346442226904
4.139042111154157e-5
-3.1108986872433654e-6
-7.939045665633347e-8
-1.2586224910881255e-7
0.2993025081834942
0.2551080888755591
0.15984515108134817
0.06984249410391469
0.018428233823822564
0.0019789028029043197
3.0734606044931064e-5
2.0899213137122215e-6
6.223136291219045e-7
0.13496944597891253
0.11460798219093658
0.06984249410391469
0.02874976514073515
0.006802509982575858
0.0005781543976792659
1.0267944787432095e-5
5.672691623563678e-7
0.0378064606397581
0.03174362701024366
0.018428233823822564
0.006802509982575858
0.001315086928156638
6.547649268285474e-5
-1.756810809475791e-7
0.004557837742507464
0.003752346442226904
0.0019789028029043197
0.0005781543976792659
6.547649268285474e-5
1.764158675827317e-7
3.8220378240875656e-5
4.139042111154157e-5
3.0734606044931064e-5
1.0267944787432095e-5
-1.756810809475791e-7
-7.771076473375191e-6
-3.1108986872433654e-6
2.0899213137122215e-6
5.672691623563678e-7
-2.6122253224978833e-6
-7.939045665633347e-8
6.223136291219045e-7
-2.0553312074983224e-7
-1.2586224910881255e-7
-1.2771692862165911e-7
0.25275716920436964
0.21580182797991965
0.13496944597891253
0.058454163504397576
0.015143206281727576
0.0016270717208307303
5.619293112751436e-5
7.719433237611452e-6
1.3090953196762279e-6
-3.533904047480931e-8
0.21580182797991965
0.18408802852758227
0.11460798219093658
0.04905892539049418
0.012500497488224505
0.0012778889879315062
3.727754053304057e-5
4.280715669691686e-6
3.9277469874224765e-7
0.13496944597891253
0.11460798219093658
0.06984249410391469
0.02874976514073515
0.006802509982575858
0.0005781543976792659
1.0267944787432095e-5
5.672691623563678e-7
0.058454163504397576
0.04905892539049418
0.02874976514073515
0.010894651215065694
0.002186787060066727
0.00012603199152935008
-4.075526113095303e-7
0.015143206281727576
0.012500497488224505
0.006802509982575858
0.002186787060066727
0.00031470318322695417
2.3734964564249705e-6
0.0016270717208307303
0.0012778889879315062
0.0005781543976792659
0.00012603199152935008
2.3734964564249705e-6
5.619293112751436e-5
3.727754053304057e-5
1.0267944787432095e-5
-4.075526113095303e-7
7.719433237611452e-6
4.280715669691686e-6
5.672691623563678e-7
1.3090953196762279e-6
3.9277469874224765e-7
-3.533904047480931e-8
0.07396394791584518
0.06270593614308911
0.0378064606397581
0.015143206281727576
0.003469952563296282
0.00033470813666667843
2.4483891317469487e-5
1.692992098997489e-6
2.3299691317283398e-7
0.06270593614308911
0.05305360804157137
0.03174362701024366
0.012500497488224505
0.0027488799920136176
0.00022737753522829494
1.4125163587437847e-5
3.586022604003048e-7
0.0378064606397581
0.03174362701024366
0.018428233823822564
0.006802509982575858
0.001315086928156638
6.547649268285474e-5
-1.756810809475791e-7
0.015143206281727576
0.012500497488224505
0.006802509982575858
0.002186787060066727
0.00031470318322695417
2.3734964564249705e-6
0.003469952563296282
0.0027488799920136176
0.001315086928156638
0.00031470318322695417
5.31010196550955e-6
0.00033470813666667843
0.00022737753522829494
6.547649268285474e-5
2.3734964564249705e-6
2.4483891317469487e-5
1.4125163587437847e-5
-1.756810809475791e-7
1.692992098997489e-6
3.586022604003048e-7
2.3299691317283398e-7
0.009238165984602913
0.00786459343664279
0.004557837742507464
0.0016270717208307303
0.00033470813666667843
5.8397825985875546e-5
8.51684151809701e-7
-5.653899943700319e-7
0.00786459343664279
0.006625857493126336
0.003752346442226904
0.0012778889879315062
0.00022737753522829494
2.717398861329077e-5
1.9171722693051873e-7
0.004557837742507464
0.003752346442226904
0.0019789028029043197
0.0005781543976792659
6.547649268285474e-5
1.764158675827317e-7
0.0016270717208307303
0.0012778889879315062
0.0005781543976792659
0.00012603199152935008
2.3734964564249705e-6
0.00033470813666667843
0.00022737753522829494
6.547649268285474e-5
2.3734964564249705e-6
5.8397825985875546e-5
2.717398861329077e-5
1.764158675827317e-7
8.51684151809701e-7
1.9171722693051873e-7
-5.653899943700319e-7
-8.64358732843364e-5
-3.381083164993693e-5
3.8220378240875656e-5
5.619293112751436e-5
2.4483891317469487e-5
8.51684151809701e-7
1.4197305019821401e-6
-3.381083164993693e-5
4.6891031756937995e-6
4.139042111154157e-5
3.727754053304057e-5
1.4125163587437847e-5
1.9171722693051873e-7
3.8220378240875656e-5
4.139042111154157e-5
3.0734606044931064e-5
1.0267944787432095e-5
-1.756810809475791e-7
5.619293112751436e-5
3.727754053304057e-5
1.0267944787432095e-5
-4.075526113095303e-7
2.4483891317469487e-5
1.4125163587437847e-5
-1.756810809475791e-7
8.51684151809701e-7
1.9171722693051873e-7
1.4197305019821401e-6
-8.440313857346054e-5
-4.936946932568854e-5
-7.771076473375191e-6
7.719433237611452e-6
1.692992098997489e-6
-5.653899943700319e-7
-4.936946932568854e-5
-2.9874935329406197e-5
-3.1108986872433654e-6
4.280715669691686e-6
3.586022604003048e-7
-7.771076473375191e-6
-3.1108986872433654e-6
2.0899213137122215e-6
5.672691623563678e-7
7.719433237611452e-6
4.280715669691686e-6
5.672691623563678e-7
1.692992098997489e-6
3.586022604003048e-7
-5.653899943700319e-7
-2.773474184966424e-5
-1.7990871895270913e-5
-2.6122253224978833e-6
1.3090953196762279e-6
2.3299691317283398e-7
-1.7990871895270913e-5
-8.283228951830837e-6
-7.939045665633347e-8
3.9277469874224765e-7
-2.6122253224978833e-6
-7.939045665633347e-8
6.223136291219045e-7
1.3090953196762279e-6
3.9277469874224765e-7
2.3299691317283398e-7
-7.470740635464568e-6
-3.111802012790078e-6
-2.0553312074983224e-7
-3.533904047480931e-8
-3.111802012790078e-6
-1.5644154166750372e-6
-1.2586224910881255e-7
-2.0553312074983224e-7
-1.2586224910881255e-7
-3.533904047480931e-8
1.2514482491594752e-7
1.6213421804907927e-8
-1.2771692862165911e-7
1.6213421804907927e-8
8.90805151410737e-9
-1.2771692862165911e-7
-3.4938037753588983e-10
1.048324058756266e-11
1.048324058756266e-11
3.041531614632478e-12
0.8520811385848672
0.7308931005379793
0.4684078937343312
0.21580182797991965
0.06270593614308911
0.00786459343664279
-3.381083164993693e-5
-4.936946932568854e-5
-1.7990871895270913e-5
-3.111802012790078e-6
1.6213421804907927e-8
1.048324058756266e-11
0.7308931005379793
0.6257085673633828
0.4014589252370873
0.18408802852758227
0.05305360804157137
0.006625857493126336
4.6891031756937995e-6
-2.9874935329406197e-5
-8.283228951830837e-6
-1.5644154166750372e-6
8.90805151410737e-9
0.4684078937343312
0.4014589252370873
0.2551080888755591
0.11460798219093658
0.03174362701024366
0.003752346442226904
4.139042111154157e-5
-3.1108986872433654e-6
-7.939045665633347e-8
-1.2586224910881255e-7
0.21580182797991965
0.18408802852758227
0.11460798219093658
0.04905892539049418
0.012500497488224505
0.0012778889879315062
3.727754053304057e-5
4.280715669691686e-6
3.9277469874224765e-7
0.06270593614308911
0.05305360804157137
0.03174362701024366
0.012500497488224505
0.0027488799920136176
0.00022737753522829494
1.4125163587437847e-5
3.586022604003048e-7
0.00786459343664279
0.006625857493126336
0.003752346442226904
0.0012778889879315062
0.00022737753522829494
2.717398861329077e-5
1.9171722693051873e-7
-3.381083164993693e-5
4.6891031756937995e-6
4.139042111154157e-5
3.727754053304057e-5
1.4125163587437847e-5
1.9171722693051873e-7
-4.936946932568854e-5
-2.9874935329406197e-5
-3.1108986872433654e-6
4.280715669691686e-6
3.586022604003048e-7
-1.7990871895270913e-5
-8.283228951830837e-6
-7.939045665633347e-8
3.9277469874224765e-7
-3.111802012790078e-6
-1.5644154166750372e-6
-1.2586224910881255e-7
1.6213421804907927e-8
8.90805151410737e-9
1.048324058756266e-11
0.7308931005379793
0.6257085673633828
0.4014589252370873
0.18408802852758227
0.05305360804157137
0.006625857493126336
4.6891031756937995e-6
-2.9874935329406197e-5
-8.283228951830837e-6
-1.5644154166750372e-6
8.90805151410737e-9
0.6257085673633828
0.5370594863457488
0.34357783962682625
0.15687731268194788
0.044784108584534355
0.005540302092855236
2.33981109733451e-5
-1.741300372903064e-5
-4.128222439121067e-6
-5.249613824660214e-7
0.4014589252370873
0.34357783962682625
0.21794198047665728
0.09711237321775311
0.026568333729354073
0.0030677657933735466
3.703401812221885e-5
-1.7225900772747497e-6
1.3078930271066382e-9
0.18408802852758227
0.15687731268194788
0.09711237321775311
0.041193120596181465
0.010269593639930559
0.0009941520818078536
2.4787889073402964e-5
1.8848850736953532e-6
0.05305360804157137
0.044784108584534355
0.026568333729354073
0.010269593639930559
0.0021700459368406977
0.00015352859634590332
7.132094810522744e-6
0.006625857493126336
0.005540302092855236
0.0030677657933735466
0.0009941520818078536
0.00015352859634590332
1.3759589971816287e-5
4.6891031756937995e-6
2.33981109733451e-5
3.703401812221885e-5
2.4787889073402964e-5
7.132094810522744e-6
-2.9874935329406197e-5
-1.741300372903064e-5
-1.7225900772747497e-6
1.8848850736953532e-6
-8.283228951830837e-6
-4.128222439121067e-6
1.3078930271066382e-9
-1.5644154166750372e-6
-5.249613824660214e-7
8.90805151410737e-9
0.4684078937343312
0.4014589252370873
0.2551080888755591
0.11460798219093658
0.03174362701024366
0.003752346442226904
4.139042111154157e-5
-3.1108986872433654e-6
-7.939045665633347e-8
-1.2586224910881255e-7
0.4014589252370873
0.34357783962682625
0.21794198047665728
0.09711237321775311
0.026568333729354073
0.0030677657933735466
3.703401812221885e-5
-1.7225900772747497e-6
1.3078930271066382e-9
0.2551080888755591
0.21794198047665728
0.13614798518642854
0.05890875203350796
0.015239891494441618
0.0015734012060023505
2.043872000634517e-5
5.552589817367579e-7
0.11460798219093658
0.09711237321775311
0.05890875203350796
0.023907978725650796
0.0054814557360549025
0.00043066586826489
5.0957472202441724e-6
0.03174362701024366
0.026568333729354073
0.015239891494441618
0.0054814557360549025
0.0009854106714695214
3.7893135991390035e-5
0.003752346442226904
0.0030677657933735466
0.0015734012060023505
0.00043066586826489
3.7893135991390035e-5
4.139042111154157e-5
3.703401812221885e-5
2.043872000634517e-5
5.0957472202441724e-6
-3.1108986872433654e-6
-1.7225900772747497e-6
5.552589817367579e-7
-7.939045665633347e-8
1.3078930271066382e-9
-1.2586224910881255e-7
0.21580182797991965
0.18408802852758227
0.11460798219093658
0.04905892539049418
0.012500497488224505
0.0012778889879315062
3.727754053304057e-5
4.280715669691686e-6
3.9277469874224765e-7
0.18408802852758227
0.15687731268194788
0.09711237321775311
0.041193120596181465
0.010269593639930559
0.0009941520818078536
2.4787889073402964e-5
1.8848850736953532e-6
0.11460798219093658
0.09711237321775311
0.05890875203350796
0.023907978725650796
0.0054814557360549025
0.00043066586826489
5.0957472202441724e-6
0.04905892539049418
0.041193120596181465
0.023907978725650796
0.008813705028347189
0.0016590987764062784
7.271075055863545e-5
0.012500497488224505
0.010269593639930559
0.0054814557360549025
0.0016590987764062784
0.0001816750787411347
0.0012778889879315062
0.0009941520818078536
0.00043066586826489
7.271075055863545e-5
3.727754053304057e-5
2.4787889073402964e-5
5.0957472202441724e-6
4.280715669691686e-6
1.8848850736953532e-6
3.9277469874224765e-7
0.06270593614308911
0.05305360804157137
0.03174362701024366
0.012500497488224505
0.0027488799920136176
0.00022737753522829494
1.4125163587437847e-5
3.586022604003048e-7
0.05305360804157137
0.044784108584534355
0.026568333729354073
0.010269593639930559
0.0021700459368406977
0.00015352859634590332
7.132094810522744e-6
0.03174362701024366
0.026568333729354073
0.015239891494441618
0.0054814557360549025
0.0009854106714695214
3.7893135991390035e-5
0.012500497488224505
0.010269593639930559
0.0054814557360549025
0.0016590987764062784
0.0001816750787411347
0.0027488799920136176
0.0021700459368406977
0.0009854106714695214
0.0001816750787411347
0.00022737753522829494
0.00015352859634590332
3.7893135991390035e-5
1.4125163587437847e-5
7.132094810522744e-6
3.586022604003048e-7
0.00786459343664279
0.006625857493126336
0.003752346442226904
0.0012778889879315062
0.00022737753522829494
2.717398861329077e-5
1.9171722693051873e-7
0.006625857493126336
0.005540302092855236
0.0030677657933735466
0.0009941520818078536
0.00015352859634590332
1.3759589971816287e-5
0.003752346442226904
0.0030677657933735466
0.0015734012060023505
0.00043066586826489
3.7893135991390035e-5
0.0012778889879315062
0.0009941520818078536
0.00043066586826489
7.271075055863545e-5
0.00022737753522829494
0.00015352859634590332
3.7893135991390035e-5
2.717398861329077e-5
1.3759589971816287e-5
1.9171722693051873e-7
-3.381083164993693e-5
4.6891031756937995e-6
4.139042111154157e-5
3.727754053304057e-5
1.4125163587437847e-5
1.9171722693051873e-7
4.6891031756937995e-6
2.33981109733451e-5
3.703401812221885e-5
2.4787889073402964e-5
7.132094810522744e-6
4.139042111154157e-5
3.703401812221885e-5
2.043872000634517e-5
5.0957472202441724e-6
3.727754053304057e-5
2.4787889073402964e-5
5.0957472202441724e-6
1.4125163587437847e-5
7.132094810522744e-6
1.9171722693051873e-7
-4.936946932568854e-5
-2.9874935329406197e-5
-3.1108986872433654e-6
4.280715669691686e-6
3.586022604003048e-7
-2.9874935329406197e-5
-1.741300372903064e-5
-1.7225900772747497e-6
1.8848850736953532e-6
-3.1108986872433654e-6
-1.7225900772747497e-6
5.552589817367579e-7
4.280715669691686e-6
1.8848850736953532e-6
3.586022604003048e-7
-1.7990871895270913e-5
-8.283228951830837e-6
-7.939045665633347e-8
3.9277469874224765e-7
-8.283228951830837e-6
-4.128222439121067e-6
1.3078930271066382e-9
-7.939045665633347e-8
1.3078930271066382e-9
3.9277469874224765e-7
-3.111802012790078e-6
-1.5644154166750372e-6
-1.2586224910881255e-7
-1.5644154166750372e-6
-5.249613824660214e-7
-1.2586224910881255e-7
1.6213421804907927e-8
8.90805151410737e-9
8.90805151410737e-9
1.048324058756266e-11
0.5460826157287011
0.4684078937343312
0.2993025081834942
0.13496944597891253
0.0378064606397581
0.004557837742507464
3.8220378240875656e-5
-7.771076473375191e-6
-2.6122253224978833e-6
-2.0553312074983224e-7
-1.2771692862165911e-7
0.4684078937343312
0.4014589252370873
0.2551080888755591
0.11460798219093658
0.03174362701024366
0.003752346442226904
4.139042111154157e-5
-3.1108986872433654e-6
-7.939045665633347e-8
-1.2586224910881255e-7
0.2993025081834942
0.2551080888755591
0.15984515108134817
0.06984249410391469
0.018428233823822564
0.0019789028029043197
3.0734606044931064e-5
2.0899213137122215e-6
6.223136291219045e-7
0.13496944597891253
0.11460798219093658
0.06984249410391469
0.02874976514073515
0.006802509982575858
0.0005781543976792659
1.0267944787432095e-5
5.672691623563678e-7
0.0378064606397581
0.03174362701024366
0.018428233823822564
0.006802509982575858
0.001315086928156638
6.547649268285474e-5
-1.756810809475791e-7
0.004557837742507464
0.003752346442226904
0.0019789028029043197
0.0005781543976792659
6.547649268285474e-5
1.764158675827317e-7
3.8220378240875656e-5
4.139042111154157e-5
3.0734606044931064e-5
1.0267944787432095e-5
-1.756810809475791e-7
-7.771076473375191e-6
-3.1108986872433654e-6
2.0899213137122215e-6
5.672691623563678e-7
-2.6122253224978833e-6
-7.939045665633347e-8
6.223136291219045e-7
-2.0553312074983224e-7
-1.2586224910881255e-7
-1.2771692862165911e-7
0.4684078937343312
0.4014589252370873
0.2551080888755591
0.11460798219093658
0.03174362701024366
0.003752346442226904
4.139042111154157e-5
-3.1108986872433654e-6
-7.939045665633347e-8
-1.2586224910881255e-7
0.4014589252370873
0.34357783962682625
0.21794198047665728
0.09711237321775311
0.026568333729354073
0.0030677657933735466
3.703401812221885e-5
-1.7225900772747497e-6
1.3078930271066382e-9
0.2551080888755591
0.21794198047665728
0.13614798518642854
0.05890875203350796
0.015239891494441618
0.0015734012060023505
2.043872000634517e-5
5.552589817367579e-7
0.11460798219093658
0.09711237321775311
0.05890875203350796
0.023907978725650796
0.0054814557360549025
0.00043066586826489
5.0957472202441724e-6
0.03174362701024366
0.026568333729354073
0.015239891494441618
0.0054814557360549025
0.0009854106714695214
3.7893135991390035e-5
0.003752346442226904
0.0030677657933735466
0.0015734012060023505
0.00043066586826489
3.7893135991390035e-5
4.139042111154157e-5
3.703401812221885e-5
2.043872000634517e-5
5.0957472202441724e-6
-3.1108986872433654e-6
-1.7225900772747497e-6
5.552589817367579e-7
-7.939045665633347e-8
1.3078930271066382e-9
-1.2586224910881255e-7
0.2993025081834942
0.2551080888755591
0.15984515108134817
0.06984249410391469
0.018428233823822564
0.0019789028029043197
3.0734606044931064e-5
2.0899213137122215e-6
6.223136291219045e-7
0.2551080888755591
0.21794198047665728
0.13614798518642854
0.05890875203350796
0.015239891494441618
0.0015734012060023505
2.043872000634517e-5
5.552589817367579e-7
0.15984515108134817
0.13614798518642854
0.08383646886372983
0.034835562540646264
0.008347562816200835
0.0007287795858730081
3.346179470132843e-6
0.06984249410391469
0.05890875203350796
0.034835562540646264
0.013310873383385198
0.0026703903514808166
0.00014640250541754886
0.018428233823822564
0.015239891494441618
0.008347562816200835
0.0026703903514808166
0.0003388685648452165
0.0019789028029043197
0.0015734012060023505
0.0007287795858730081
0.00014640250541754886
3.0734606044931064e-5
2.043872000634517e-5
3.346179470132843e-6
2.0899213137122215e-6
5.552589817367579e-7
6.223136291219045e-7
0.13496944597891253
0.11460798219093658
0.06984249410391469
0.02874976514073515
0.006802509982575858
0.0005781543976792659
1.0267944787432095e-5
5.672691623563678e-7
0.11460798219093658
0.09711237321775311
0.05890875203350796
0.023907978725650796
0.0054814557360549025
0.00043066586826489
5.0957472202441724e-6
0.06984249410391469
0.05890875203350796
0.034835562540646264
0.013310873383385198
0.0026703903514808166
0.00014640250541754886
0.02874976514073515
0.023907978725650796
0.013310873383385198
0.004375826603404483
0.0005949320267924156
0.006802509982575858
0.0054814557360549025
0.0026703903514808166
0.0005949320267924156
0.0005781543976792659
0.00043066586826489
0.00014640250541754886
1.0267944787432095e-5
5.0957472202441724e-6
5.672691623563678e-7
0.0378064606397581
0.03174362701024366
0.018428233823822564
0.006802509982575858
0.001315086928156638
6.547649268285474e-5
-1.756810809475791e-7
0.03174362701024366
0.026568333729354073
0.015239891494441618
0.0054814557360549025
0.0009854106714695214
3.7893135991390035e-5
0.018428233823822564
0.015239891494441618
0.008347562816200835
0.0026703903514808166
0.0003388685648452165
0.006802509982575858
0.0054814557360549025
0.0026703903514808166
0.0005949320267924156
0.001315086928156638
0.0009854106714695214
0.0003388685648452165
6.547649268285474e-5
3.7893135991390035e-5
-1.756810809475791e-7
0.004557837742507464
0.003752346442226904
0.0019789028029043197
0.0005781543976792659
6.547649268285474e-5
1.764158675827317e-7
0.003752346442226904
0.0030677657933735466
0.0015734012060023505
0.00043066586826489
3.7893135991390035e-5
0.0019789028029043197
0.0015734012060023505
0.0007287795858730081
0.00014640250541754886
0.0005781543976792659
0.00043066586826489
0.00014640250541754886
6.547649268285474e-5
3.7893135991390035e-5
1.764158675827317e-7
3.8220378240875656e-5
4.139042111154157e-5
3.0734606044931064e-5
1.0267944787432095e-5
-1.756810809475791e-7
4.139042111154157e-5
3.703401812221885e-5
2.043872000634517e-5
5.0957472202441724e-6
3.0734606044931064e-5
2.043872000634517e-5
3.346179470132843e-6
1.0267944787432095e-5
5.0957472202441724e-6
-1.756810809475791e-7
-7.771076473375191e-6
-3.1108986872433654e-6
2.0899213137122215e-6
5.672691623563678e-7
-3.1108986872433654e-6
-1.7225900772747497e-6
5.552589817367579e-7
2.0899213137122215e-6
5.552589817367579e-7
5.672691623563678e-7
-2.6122253224978833e-6
-7.939045665633347e-8
6.223136291219045e-7
-7.939045665633347e-8
1.3078930271066382e-9
6.223136291219045e-7
-2.0553312074983224e-7
-1.2586224910881255e-7
-1.2586224910881255e-7
-1.2771692862165911e-7
0.25275716920436964
0.21580182797991965
0.13496944597891253
0.058454163504397576
0.015143206281727576
0.0016270717208307303
5.619293112751436e-5
7.719433237611452e-6
1.3090953196762279e-6
-3.533904047480931e-8
0.21580182797991965
0.18408802852758227
0.11460798219093658
0.04905892539049418
0.012500497488224505
0.0012778889879315062
3.727754053304057e-5
4.280715669691686e-6
3.9277469874224765e-7
0.13496944597891253
0.11460798219093658
0.06984249410391469
0.02874976514073515
0.006802509982575858
0.0005781543976792659
1.0267944787432095e-5
5.672691623563678e-7
0.058454163504397576
0.04905892539049418
0.02874976514073515
0.010894651215065694
0.002186787060066727
0.00012603199152935008
-4.075526113095303e-7
0.015143206281727576
0.012500497488224505
0.006802509982575858
0.002186787060066727
0.00031470318322695417
2.3734964564249705e-6
0.0016270717208307303
0.0012778889879315062
0.0005781543976792659
0.00012603199152935008
2.3734964564249705e-6
5.619293112751436e-5
3.727754053304057e-5
1.0267944787432095e-5
-4.075526113095303e-7
7.719433237611452e-6
4.280715669691686e-6
5.672691623563678e-7
1.3090953196762279e-6
3.9277469874224765e-7
-3.533904047480931e-8
0.21580182797991965
0.18408802852758227
0.11460798219093658
0.04905892539049418
0.012500497488224505
0.0012778889879315062
3.727754053304057e-5
4.280715669691686e-6
3.9277469874224765e-7
0.18408802852758227
0.15687731268194788
0.09711237321775311
0.041193120596181465
0.010269593639930559
0.0009941520818078536
2.4787889073402964e-5
1.8848850736953532e-6
0.11460798219093658
0.09711237321775311
0.05890875203350796
0.023907978725650796
0.0054814557360549025
0.00043066586826489
5.0957472202441724e-6
0.04905892539049418
0.041193120596181465
0.023907978725650796
0.008813705028347189
0.0016590987764062784
7.271075055863545e-5
0.012500497488224505
0.010269593639930559
0.0054814557360549025
0.0016590987764062784
0.0001816750787411347
0.0012778889879315062
0.0009941520818078536
0.00043066586826489
7.271075055863545e-5
3.727754053304057e-5
2.4787889073402964e-5
5.0957472202441724e-6
4.280715669691686e-6
1.8848850736953532e-6
3.9277469874224765e-7
0.13496944597891253
0.11460798219093658
0.06984249410391469
0.02874976514073515
0.006802509982575858
0.0005781543976792659
1.0267944787432095e-5
5.672691623563678e-7
0.11460798219093658
0.09711237321775311
0.05890875203350796
0.023907978725650796
0.0054814557360549025
0.00043066586826489
5.0957472202441724e-6
0.06984249410391469
0.05890875203350796
0.034835562540646264
0.013310873383385198
0.0026703903514808166
0.00014640250541754886
0.02874976514073515
0.023907978725650796
0.013310873383385198
0.004375826603404483
0.0005949320267924156
0.006802509982575858
0.0054814557360549025
0.0026703903514808166
0.0005949320267924156
0.0005781543976792659
0.00043066586826489
0.00014640250541754886
1.0267944787432095e-5
5.0957472202441724e-6
5.672691623563678e-7
0.058454163504397576
0.04905892539049418
0.02874976514073515
0.010894651215065694
0.002186787060066727
0.00012603199152935008
-4.075526113095303e-7
0.04905892539049418
0.041193120596181465
0.023907978725650796
0.008813705028347189
0.0016590987764062784
7.271075055863545e-5
0.02874976514073515
0.023907978725650796
0.013310873383385198
0.004375826603404483
0.0005949320267924156
0.010894651215065694
0.008813705028347189
0.004375826603404483
0.001015432529311153
0.002186787060066727
0.0016590987764062784
0.0005949320267924156
0.00012603199152935008
7.271075055863545e-5
-4.075526113095303e-7
0.015143206281727576
0.012500497488224505
0.006802509982575858
0.002186787060066727
0.00031470318322695417
2.3734964564249705e-6
0.012500497488224505
0.010269593639930559
0.0054814557360549025
0.0016590987764062784
0.0001816750787411347
0.006802509982575858
0.0054814557360549025
0.0026703903514808166
0.0005949320267924156
0.002186787060066727
0.0016590987764062784
0.0005949320267924156
0.00031470318322695417
0.0001816750787411347
2.3734964564249705e-6
0.0016270717208307303
0.0012778889879315062
0.0005781543976792659
0.00012603199152935008
2.3734964564249705e-6
0.0012778889879315062
0.0009941520818078536
0.00043066586826489
7.271075055863545e-5
0.0005781543976792659
0.00043066586826489
0.00014640250541754886
0.00012603199152935008
7.271075055863545e-5
2.3734964564249705e-6
5.619293112751436e-5
3.727754053304057e-5
1.0267944787432095e-5
-4.075526113095303e-7
3.727754053304057e-5
2.4787889073402964e-5
5.0957472202441724e-6
1.0267944787432095e-5
5.0957472202441724e-6
-4.075526113095303e-7
7.719433237611452e-6
4.280715669691686e-6
5.672691623563678e-7
4.280715669691686e-6
1.8848850736953532e-6
5.672691623563678e-7
1.3090953196762279e-6
3.9277469874224765e-7
3.9277469874224765e-7
-3.533904047480931e-8
0.07396394791584518
0.06270593614308911
0.0378064606397581
0.015143206281727576
0.003469952563296282
0.00033470813666667843
2.4483891317469487e-5
1.692992098997489e-6
2.3299691317283398e-7
0.06270593614308911
0.05305360804157137
0.03174362701024366
0.012500497488224505
0.0027488799920136176
0.00022737753522829494
1.4125163587437847e-5
3.586022604003048e-7
0.0378064606397581
0.03174362701024366
0.018428233823822564
0.006802509982575858
0.001315086928156638
6.547649268285474e-5
-1.756810809475791e-7
0.015143206281727576
0.012500497488224505
0.006802509982575858
0.002186787060066727
0.00031470318322695417
2.3734964564249705e-6
0.003469952563296282
0.0027488799920136176
0.001315086928156638
0.00031470318322695417
5.31010196550955e-6
0.00033470813666667843
0.00022737753522829494
6.547649268285474e-5
2.3734964564249705e-6
2.4483891317469487e-5
1.4125163587437847e-5
-1.756810809475791e-7
1.692992098997489e-6
3.586022604003048e-7
2.3299691317283398e-7
0.06270593614308911
0.05305360804157137
0.03174362701024366
0.012500497488224505
0.0027488799920136176
0.00022737753522829494
1.4125163587437847e-5
3.586022604003048e-7
0.05305360804157137
0.044784108584534355
0.026568333729354073
0.010269593639930559
0.0021700459368406977
0.00015352859634590332
7.132094810522744e-6
0.03174362701024366
0.026568333729354073
0.015239891494441618
0.0054814557360549025
0.0009854106714695214
3.7893135991390035e-5
0.012500497488224505
0.010269593639930559
0.0054814557360549025
0.0016590987764062784
0.0001816750787411347
0.0027488799920136176
0.0021700459368406977
0.0009854106714695214
0.0001816750787411347
0.00022737753522829494
0.00015352859634590332
3.7893135991390035e-5
1.4125163587437847e-5
7.132094810522744e-6
3.586022604003048e-7
0.0378064606397581
0.03174362701024366
0.018428233823822564
0.006802509982575858
0.001315086928156638
6.547649268285474e-5
-1.756810809475791e-7
0.03174362701024366
0.026568333729354073
0.015239891494441618
0.0054814557360549025
0.0009854106714695214
3.7893135991390035e-5
0.018428233823822564
0.015239891494441618
0.008347562816200835
0.0026703903514808166
0.0003388685648452165
0.006802509982575858
0.0054814557360549025
0.0026703903514808166
0.0005949320267924156
0.001315086928156638
0.0009854106714695214
0.0003388685648452165
6.547649268285474e-5
3.7893135991390035e-5
-1.756810809475791e-7
0.015143206281727576
0.012500497488224505
0.006802509982575858
0.002186787060066727
0.00031470318322695417
2.3734964564249705e-6
0.012500497488224505
0.010269593639930559
0.0054814557360549025
0.0016590987764062784
0.0001816750787411347
0.006802509982575858
0.0054814557360549025
0.0026703903514808166
0.0005949320267924156
0.002186787060066727
0.0016590987764062784
0.0005949320267924156
0.00031470318322695417
0.0001816750787411347
2.3734964564249705e-6
0.003469952563296282
0.0027488799920136176
0.001315086928156638
0.00031470318322695417
5.31010196550955e-6
0.0027488799920136176
0.0021700459368406977
0.0009854106714695214
0.0001816750787411347
0.001315086928156638
0.0009854106714695214
0.0003388685648452165
0.00031470318322695417
0.0001816750787411347
5.31010196550955e-6
0.00033470813666667843
0.00022737753522829494
6.547649268285474e-5
2.3734964564249705e-6
0.00022737753522829494
0.00015352859634590332
3.7893135991390035e-5
6.547649268285474e-5
3.7893135991390035e-5
2.3734964564249705e-6
2.4483891317469487e-5
1.4125163587437847e-5
-1.756810809475791e-7
1.4125163587437847e-5
7.132094810522744e-6
-1.756810809475791e-7
1.692992098997489e-6
3.586022604003048e-7
3.586022604003048e-7
2.3299691317283398e-7
0.009238165984602913
0.00786459343664279
0.004557837742507464
0.0016270717208307303
0.00033470813666667843
5.8397825985875546e-5
8.51684151809701e-7
-5.653899943700319e-7
0.00786459343664279
0.006625857493126336
0.003752346442226904
0.0012778889879315062
0.00022737753522829494
2.717398861329077e-5
1.9171722693051873e-7
0.004557837742507464
0.003752346442226904
0.0019789028029043197
0.0005781543976792659
6.547649268285474e-5
1.764158675827317e-7
0.0016270717208307303
0.0012778889879315062
0.0005781543976792659
0.00012603199152935008
2.3734964564249705e-6
0.00033470813666667843
0.00022737753522829494
6.547649268285474e-5
2.3734964564249705e-6
5.8397825985875546e-5
2.717398861329077e-5
1.764158675827317e-7
8.51684151809701e-7
1.9171722693051873e-7
-5.653899943700319e-7
0.00786459343664279
0.006625857493126336
0.003752346442226904
0.0012778889879315062
0.00022737753522829494
2.717398861329077e-5
1.9171722693051873e-7
0.006625857493126336
0.005540302092855236
0.0030677657933735466
0.0009941520818078536
0.00015352859634590332
1.3759589971816287e-5
0.003752346442226904
0.0030677657933735466
0.0015734012060023505
0.00043066586826489
3.7893135991390035e-5
0.0012778889879315062
0.0009941520818078536
0.00043066586826489
7.271075055863545e-5
0.00022737753522829494
0.00015352859634590332
3.7893135991390035e-5
2.717398861329077e-5
1.3759589971816287e-5
1.9171722693051873e-7
0.004557837742507464
0.003752346442226904
0.0019789028029043197
0.0005781543976792659
6.547649268285474e-5
1.764158675827317e-7
0.003752346442226904
0.0030677657933735466
0.0015734012060023505
0.00043066586826489
3.7893135991390035e-5
0.0019789028029043197
0.0015734012060023505
0.0007287795858730081
0.00014640250541754886
0.0005781543976792659
0.00043066586826489
0.00014640250541754886
6.547649268285474e-5
3.7893135991390035e-5
1.764158675827317e-7
0.0016270717208307303
0.0012778889879315062
0.0005781543976792659
0.00012603199152935008
2.3734964564249705e-6
0.0012778889879315062
0.0009941520818078536
0.00043066586826489
7.271075055863545e-5
0.0005781543976792659
0.00043066586826489
0.00014640250541754886
0.00012603199152935008
7.271075055863545e-5
2.3734964564249705e-6
0.00033470813666667843
0.00022737753522829494
6.547649268285474e-5
2.3734964564249705e-6
0.00022737753522829494
0.00015352859634590332
3.7893135991390035e-5
6.547649268285474e-5
3.7893135991390035e-5
2.3734964564249705e-6
5.8397825985875546e-5
2.717398861329077e-5
1.764158675827317e-7
2.717398861329077e-5
1.3759589971816287e-5
1.764158675827317e-7
8.51684151809701e-7
1.9171722693051873e-7
1.9171722693051873e-7
-5.653899943700319e-7
-8.64358732843364e-5
-3.381083164993693e-5
3.8220378240875656e-5
5.619293112751436e-5
2.4483891317469487e-5
8.51684151809701e-7
1.4197305019821401e-6
-3.381083164993693e-5
4.6891031756937995e-6
4.139042111154157e-5
3.727754053304057e-5
1.4125163587437847e-5
1.9171722693051873e-7
3.8220378240875656e-5
4.139042111154157e-5
3.0734606044931064e-5
1.0267944787432095e-5
-1.756810809475791e-7
5.619293112751436e-5
3.727754053304057e-5
1.0267944787432095e-5
-4.075526113095303e-7
2.4483891317469487e-5
1.4125163587437847e-5
-1.756810809475791e-7
8.51684151809701e-7
1.9171722693051873e-7
1.4197305019821401e-6
-3.381083164993693e-5
4.6891031756937995e-6
4.139042111154157e-5
3.727754053304057e-5
1.4125163587437847e-5
1.9171722693051873e-7
4.6891031756937995e-6
2.33981109733451e-5
3.703401812221885e-5
2.4787889073402964e-5
7.132094810522744e-6
4.139042111154157e-5
3.703401812221885e-5
2.043872000634517e-5
5.0957472202441724e-6
3.727754053304057e-5
2.4787889073402964e-5
5.0957472202441724e-6
1.4125163587437847e-5
7.132094810522744e-6
1.9171722693051873e-7
3.8220378240875656e-5
4.139042111154157e-5
3.0734606044931064e-5
1.0267944787432095e-5
-1.756810809475791e-7
4.139042111154157e-5
3.703401812221885e-5
2.043872000634517e-5
5.0957472202441724e-6
3.0734606044931064e-5
2.043872000634517e-5
3.346179470132843e-6
1.0267944787432095e-5
5.0957472202441724e-6
-1.756810809475791e-7
5.619293112751436e-5
3.727754053304057e-5
1.0267944787432095e-5
-4.075526113095303e-7
3.727754053304057e-5
2.4787889073402964e-5
5.0957472202441724e-6
1.0267944787432095e-5
5.0957472202441724e-6
-4.075526113095303e-7
2.4483891317469487e-5
1.4125163587437847e-5
-1.756810809475791e-7
1.4125163587437847e-5
7.132094810522744e-6
-1.756810809475791e-7
8.51684151809701e-7
1.9171722693051873e-7
1.9171722693051873e-7
1.4197305019821401e-6
-8.440313857346054e-5
-4.936946932568854e-5
-7.771076473375191e-6
7.719433237611452e-6
1.692992098997489e-6
-5.653899943700319e-7
-4.936946932568854e-5
-2.9874935329406197e-5
-3.1108986872433654e-6
4.280715669691686e-6
3.586022604003048e-7
-7.771076473375191e-6
-3.1108986872433654e-6
2.0899213137122215e-6
5.672691623563678e-7
7.719433237611452e-6
4.280715669691686e-6
5.672691623563678e-7
1.692992098997489e-6
3.586022604003048e-7
-5.653899943700319e-7
-4.936946932568854e-5
-2.9874935329406197e-5
-3.1108986872433654e-6
4.280715669691686e-6
3.586022604003048e-7
-2.9874935329406197e-5
-1.741300372903064e-5
-1.7225900772747497e-6
1.8848850736953532e-6
-3.1108986872433654e-6
-1.7225900772747497e-6
5.552589817367579e-7
4.280715669691686e-6
1.8848850736953532e-6
3.586022604003048e-7
-7.771076473375191e-6
-3.1108986872433654e-6
2.0899213137122215e-6
5.672691623563678e-7
-3.1108986872433654e-6
-1.7225900772747497e-6
5.552589817367579e-7
2.0899213137122215e-6
5.552589817367579e-7
5.672691623563678e-7
7.719433237611452e-6
4.280715669691686e-6
5.672691623563678e-7
4.280715669691686e-6
1.8848850736953532e-6
5.672691623563678e-7
1.692992098997489e-6
3.586022604003048e-7
3.586022604003048e-7
-5.653899943700319e-7
-2.773474184966424e-5
-1.7990871895270913e-5
-2.6122253224978833e-6
1.3090953196762279e-6
2.3299691317283398e-7
-1.7990871895270913e-5
-8.283228951830837e-6
-7.939045665633347e-8
3.9277469874224765e-7
-2.6122253224978833e-6
-7.939045665633347e-8
6.223136291219045e-7
1.3090953196762279e-6
3.9277469874224765e-7
2.3299691317283398e-7
-1.7990871895270913e-5
-8.283228951830837e-6
-7.939045665633347e-8
3.9277469874224765e-7
-8.283228951830837e-6
-4.128222439121067e-6
1.3078930271066382e-9
-7.939045665633347e-8
1.3078930271066382e-9
3.9277469874224765e-7
-2.6122253224978833e-6
-7.939045665633347e-8
6.223136291219045e-7
-7.939045665633347e-8
1.3078930271066382e-9
6.223136291219045e-7
1.3090953196762279e-6
3.9277469874224765e-7
3.9277469874224765e-7
2.3299691317283398e-7
-7.470740635464568e-6
-3.111802012790078e-6
-2.0553312074983224e-7
-3.533904047480931e-8
-3.111802012790078e-6
-1.5644154166750372e-6
-1.2586224910881255e-7
-2.0553312074983224e-7
-1.2586224910881255e-7
-3.533904047480931e-8
-3.111802012790078e-6
-1.5644154166750372e-6
-1.2586224910881255e-7
-1.5644154166750372e-6
-5.249613824660214e-7
-1.2586224910881255e-7
-2.0553312074983224e-7
-1.2586224910881255e-7
-1.2586224910881255e-7
-3.533904047480931e-8
1.2514482491594752e-7
1.6213421804907927e-8
-1.2771692862165911e-7
1.6213421804907927e-8
8.90805151410737e-9
-1.2771692862165911e-7
1.6213421804907927e-8
8.90805151410737e-9
8.90805151410737e-9
-1.2771692862165911e-7
-3.4938037753588983e-10
1.048324058756266e-11
1.048324058756266e-11
1.048324058756266e-11
3.041531614632478e-12
