1.0
0.3859685429226904
0.04501708943855717
-3.5386011584330903e-9
0.3859685429226904
0.14225712059054407
0.010847991704590394
0.04501708943855717
0.010847991704590394
-3.5386011584330903e-9
0.3859685429226904
0.14225712059054407
0.010847991704590394
0.14225712059054407
0.0356548286295919
0.010847991704590394
0.04501708943855717
0.010847991704590394
0.010847991704590394
-3.5386011584330903e-9
0.3859685429226904
0.14225712059054407
0.010847991704590394
0.14225712059054407
0.0356548286295919
0.010847991704590394
0.14225712059054407
0.0356548286295919
0.0356548286295919
0.010847991704590394
0.04501708943855717
0.010847991704590394
0.010847991704590394
0.010847991704590394
-3.5386011584330903e-9
